9072 9775 4704 3515 9856 8775 4312 5265 5984 4095 8096 5355 3344 6825 5168 3465 8432 945  5408 4935 2024 8715 3496 525  4472 3735 5768 7515 7672 555  9614 1905 476  2985 1924 4233 3340 5523 4796 6693 6250 7911 7660 9213 9116 711  2224 4167 100  8577 808  753  1730 2271 2674 3963 3592 5277 4334 5739 4658 6243 5018 6717 5402 7167 5846 7827 6182 8301 6562 8871 7010 9507 7946 121  8774 419  9654 1087 932  1823 3362 2621 6172 3433 9148 4241 718  5099 2042 5953 3494 6841 5086 7727 6694 8681 8314 9539 
3575 9408 1885 2856 4945 2464 9945 5852 5175 7744 4725 2288 6615 4048 9135 6256 8085 9776 2625 9472 7395 3224 3645 3784 2175 5368 5415 6734 9525 8648 1245 3776 2445 1276 3723 2650 4947 4108 6135 5452 7383 6958 8643 8380 9741 9950 2367 5968 6309 370  141  1270 1473 2216 3117 3122 4863 4024 5545 4498 5997 4898 6423 5198 6933 5630 7431 6010 8067 6376 8583 6770 9193 7510 9759 8378 127  9214 739  52   1453 2084 2221 4724 3001 7604 3823 158  4663 1346 5527 2798 6373 4274 7307 5834 8221 7478 9127 9194 
6048 6875 4284 3565 2268 5945 5152 2925 6664 6525 9724 5985 3536 7875 5456 9555 8704 1155 7424 5145 2392 8745 2296 1275 4424 3975 5896 7575 7714 615  9646 1917 532  3111 1988 4239 3350 5511 4828 6735 6304 7815 7676 9231 9140 747  2384 4203 196  8703 814  771  1742 2283 2678 3981 3598 5287 132  5855 4696 6249 5030 6729 5410 7179 5858 7851 6184 8331 6568 8889 7042 9509 7954 169  8776 421  9658 1091 956  1831 3412 2633 6196 3449 9172 4243 734  5101 2062 5981 3506 6857 5098 7741 6718 8689 8318 9547 
4675 3024 2015 3192 5015 924  6935 5236 4275 6776 8325 2992 7245 5104 8925 6512 2835 3328 3255 1144 7665 3016 495  3458 2385 5278 5475 6808 9825 8792 1269 3904 2505 1312 3729 2716 4953 4046 6141 5516 7365 7004 8655 8468 9807 9952 2421 6064 6381 374  159  1298 1497 2222 3147 3130 4881 4042 5567 954  6107 4904 6429 5206 6999 5654 7509 6014 8079 6386 8637 6794 9197 7494 9761 8386 131  9218 743  68   1459 2092 2237 4748 3011 7628 3833 166  4673 1354 5531 2818 6379 4282 7309 5854 8231 7522 9133 9206 
6552 3025 4788 3625 2352 6035 2436 8165 6188 6975 8372 9675 3952 8505 5632 9975 8272 1785 6292 5565 2176 8835 2408 1305 4522 4005 5992 7725 7784 645  9656 1947 544  3129 1952 4245 3404 5529 4820 6747 6308 7845 7684 9255 9164 801  2416 4311 256  8739 824  789  1778 2307 2686 4083 3614 5293 150  5837 2034 6403 5038 6753 5416 7197 5864 7863 6190 8367 6574 8907 7046 9505 7926 289  8786 431  9670 1093 964  1847 3428 2647 6212 3457 9188 4253 746  5107 2066 5987 3518 6863 5102 7753 6722 8693 8354 9551 
5225 4368 1955 4158 5035 1092 6985 3654 8875 7084 9225 8932 2295 4784 9765 6656 1575 2816 3045 1408 7965 616  585  3542 2535 5336 5715 6902 405  8806 1311 4288 2451 1210 3741 2684 4965 4114 6153 5450 7413 7018 8697 8492 9795 9956 2439 6128 6471 376  177  1304 1509 2230 3153 3154 4911 4066 5579 996  6109 3258 6623 5210 7017 5662 7563 6026 8097 6394 8639 6802 9201 7526 9763 8390 137  9224 751  76   1471 2164 2239 4772 3019 7652 3847 178  4679 1366 5557 2846 6389 4286 7321 5878 8233 7534 9137 9242 
8064 7225 5292 3655 7938 6095 2604 8195 4836 9715 8288 1755 3136 3135 6032 5775 8528 1995 7436 6195 2432 9045 2618 1395 4466 4335 6016 7785 7808 705  9688 1965 572  3171 2020 4251 3424 5595 4832 6771 6260 7923 7688 9285 9268 867  2512 4383 484  8793 830  807  1784 2319 2690 4101 3634 5299 156  5873 2076 6407 4668 6937 5464 7233 5866 7899 6194 8373 6584 8913 7048 9517 7958 361  8798 433  9674 1097 1004 1861 3436 2657 6236 3461 9236 4259 758  5113 2078 6007 3554 6869 5114 7757 6742 8699 8402 9587 
5525 3696 2125 3864 5125 1152 6955 3876 8965 5814 1075 9548 2565 3248 3795 6448 2205 3872 3885 1496 7995 896  675  3752 2655 5432 5895 6952 1875 8866 1335 4544 2553 1220 3753 2740 4983 4148 6177 5536 7437 7028 8679 8476 9831 9964 2493 6224 6543 406  183  1310 1527 2242 3183 3170 4971 4072 5585 1014 6115 3324 6629 6066 7181 5672 7593 6034 8121 6398 8651 6818 9211 7528 9771 8392 139  9226 757  92   1481 2188 2243 4804 3023 7724 3851 194  4691 1382 5563 2854 6397 4306 7331 5906 8237 7538 9151 9274 
5544 8125 5376 3685 1344 6205 2646 8215 4956 9805 6936 3175 1232 3105 4592 4785 8944 2415 7936 6405 2552 9165 2744 1425 4648 4425 6104 7935 7826 783  9752 1971 500  3201 1972 4323 3460 5649 4850 6777 6340 7953 7708 9273 9220 873  2608 4419 676  8847 826  813  1786 2361 2696 4119 3638 5305 198  5893 2148 6415 4764 6941 7578 7409 5870 7913 6202 8391 6586 8945 7026 9523 7966 529  8810 439  9678 1103 1028 1867 3452 2659 6268 3463 9244 4261 766  5119 2098 6011 3566 6871 5158 7759 6746 8707 8422 9601 
6175 4536 2035 4872 5135 1176 7015 3822 9085 5916 925  7968 5825 2128 3915 6608 4995 4352 4305 1664 7905 1064 765  3848 2745 5434 5925 6968 225  8888 1281 5056 2613 1292 3759 2756 5019 4150 6183 5540 7449 7052 8763 8410 9843 9980 2523 6352 6597 410  201  1334 1563 2248 3189 3176 4989 4082 5587 1062 6119 3372 6631 6108 7183 9012 7679 1086 8149 6410 8653 5946 9217 7554 9773 8394 149  9254 761  98   1483 2228 2251 4852 3037 7732 3853 202  4703 1402 5569 2858 6421 4322 7333 5914 8243 7558 9157 9278 
7392 4225 5796 3835 8624 6235 2574 8245 4884 9695 6984 3275 8946 8825 4816 4185 7952 5655 8228 7035 2944 9435 2002 1725 4664 4365 6118 8025 7832 663  9640 2001 550  3219 2048 4371 3476 5559 4844 6789 6350 7959 7712 9291 9260 909  2672 4491 1156 8919 854  831  1790 2391 2698 4143 3656 5311 204  5905 2166 6431 4812 6943 7692 7415 186  7915 2238 8411 4614 8939 7064 9527 7962 841  8822 443  9682 1109 1052 1871 3508 2663 6284 3467 9332 4271 778  5147 2102 6029 3574 6883 5182 7789 6778 8713 8434 9613 
7475 5712 2255 5208 5185 1188 6965 3828 8905 5976 1175 8004 5975 9888 145  6832 4875 9968 6555 1768 7755 728  855  3944 2775 5474 6165 7106 6561 8890 1353 4672 2619 1316 3765 2788 5037 4172 6213 5564 7467 7060 8733 8420 9861 9988 2529 6416 6627 418  213  1336 1569 2264 3207 3178 5001 4090 5597 1068 6127 3396 6635 6246 7195 9054 7697 1146 8153 3426 8657 5982 9223 7562 9793 8408 151  9238 769  116  1487 2252 2267 4868 3041 7796 3863 206  4721 1418 5573 2866 6427 4358 7349 5926 8263 7586 9161 9286 
8316 9025 6804 3895 2112 5845 2652 8015 5076 9785 6972 3425 8988 8975 2754 415  8176 5865 2548 6765 7252 9585 2632 1665 4712 4545 6136 8055 7912 741  9730 2013 580  3237 2044 4395 3484 5673 4876 6855 6356 8007 7742 9309 9284 927  2768 4527 1444 8973 856  843  1798 2427 2702 4197 3658 5321 228  5899 2172 6433 4842 6953 7716 7421 222  7939 2274 8413 4638 8947 7086 9529 7970 961  8824 449  9686 1117 1058 1873 3524 2671 6316 3469 9356 4273 794  5153 2122 6037 3578 6899 5186 7793 6782 8719 8438 9619 
8075 7728 2365 4914 5365 1224 7205 3936 8995 6138 1325 8052 6025 9918 155  5424 655  1568 6105 4508 8235 952  825  3968 3015 5504 6225 7112 7569 8920 1419 5312 2607 1340 3783 2812 5055 4192 6231 5548 7473 7076 8805 8588 9879 1024 2547 6544 6651 424  219  1342 1623 2266 3261 3182 5007 4094 5599 1098 6139 3438 6641 6252 7199 9084 7709 1158 8159 3462 8659 6054 9229 7570 9777 8414 157  9258 773  124  1489 2276 2269 4892 3049 7804 3877 214  4723 1438 5581 2878 6449 4406 7351 5938 8269 7594 9173 9298 
8736 935  7308 3875 2496 6055 2664 8155 5088 9815 7008 3475 9114 9175 2832 445  7824 865  3332 7095 8036 9735 2968 1815 4736 4575 6232 8145 8024 759  9758 2055 608  3243 2050 4401 3488 5685 4964 6837 6358 8043 7748 9303 9292 963  2864 4581 2116 9081 872  849  1802 2433 2710 4227 3670 5317 276  5909 2286 6437 4878 6973 7758 7423 246  7957 2298 8417 4722 8953 7090 9543 7976 1369 8826 457  9694 1123 1076 1877 3532 2677 6332 3491 9364 4283 802  5167 2126 6043 3602 6907 5218 7817 6814 8731 8458 9623 
6325 6384 2405 6426 5335 1248 7055 3996 9035 5922 1445 8118 6275 9954 185  6096 685  9552 1115 4732 8265 1288 975  3976 3075 5512 6255 7144 8649 8918 1431 5696 2595 1352 3801 2780 5061 4232 6285 5566 7479 7124 8769 8608 9885 112  2637 6704 6687 430  237  1358 1641 2270 3273 3206 5079 4102 5603 1164 6145 3474 6649 6276 7201 9132 7711 1182 8173 3522 8665 6078 9233 7576 9797 8426 163  9262 787  148  1493 2284 2273 4916 3061 7892 3881 218  4729 1454 5591 2894 6451 4414 7369 5942 8273 7606 9181 9302 
8568 715  7812 3905 3264 6215 2784 8255 4998 9845 7068 3725 9126 9245 2928 469  8016 895  828  1255 8092 9855 2926 1845 4774 4635 6248 8175 8056 837  9790 2037 736  3165 2068 4407 3550 5691 4972 6873 6364 8115 7756 9321 9316 981  2896 4689 3364 9117 874  879  1810 2463 2714 4269 3674 5315 294  5911 2292 6439 4908 6979 7764 7427 258  7961 2334 8441 4782 8977 7096 9535 7982 1681 8830 461  9698 1129 1084 1879 3548 2683 6388 3499 9388 4289 818  5171 2138 6047 3622 6911 5234 7823 6826 8737 8462 9629 
7865 9744 2185 6216 5375 1368 7085 3906 9125 5964 1475 8136 6425 3072 205  5994 695  9558 1135 1692 1405 1624 1035 4088 3195 5576 6675 7192 105  8968 1407 6464 2667 1364 3819 2828 5073 4220 6291 5572 7485 7136 8787 8596 9909 80   2763 6736 6759 434  249  1370 1671 2278 3279 3208 5089 9546 5609 1206 6155 3516 6667 6282 7217 9162 7715 1194 8185 3558 8683 6114 9235 7574 9799 8454 167  9266 797  164  1499 2308 2281 4924 3067 7916 3889 226  4733 1466 5623 2902 6469 4426 7393 5998 8287 7642 9187 9314 
9576 1105 6468 3965 3648 6265 2904 8375 5082 9875 6996 3775 9144 9325 3078 485  8304 905  882  1285 2844 1585 3094 1935 4862 4815 6314 8475 8216 777  9890 2067 620  3297 2060 4503 3556 5709 4988 6915 6368 8103 7774 9339 9308 1017 3056 4707 3844 9171 890  921  1816 2469 2726 4281 3686 5327 234  5917 2316 6443 4986 6989 7794 7435 282  7967 2382 8453 4854 8981 7102 9553 7994 1849 8834 463  9704 1151 1108 1889 3628 2687 6404 3511 9404 4297 838  5179 2174 6053 3646 6917 5242 7829 6866 8741 8482 9631 
7975 2016 2375 6888 5395 1632 7285 3978 9145 6132 1525 8148 6575 576  215  6288 697  9882 1139 1908 1415 3924 1795 4136 3225 5624 6705 7208 135  9064 1443 6208 2679 1376 3813 2842 5109 4214 6303 5612 7491 7180 8799 8620 9951 176  2799 6896 6813 442  291  1378 1689 2282 3291 3262 5091 4118 5611 1212 6157 3546 6671 6354 7223 9228 7721 1266 8189 3594 8705 6126 9247 7582 9813 8446 173  9290 809  172  1511 2348 2287 4948 3079 7948 3907 254  4751 1478 5639 2906 6473 4442 7411 6002 8291 7646 9199 9326 
9828 1045 7644 3995 4416 6305 2898 8305 5112 9955 7038 3925 9156 9475 3216 493  6510 923  4740 1333 2988 1655 5436 1945 4888 4905 6328 8595 8162 885  9928 2085 644  3333 2140 4509 3572 5697 5012 6939 6412 8229 7772 9369 9340 1083 3088 4869 5476 9189 902  933  1826 2481 2758 4287 3682 5331 4342 5921 2364 6445 5028 6995 7836 7439 318  7969 2406 8459 4866 8983 7122 9557 8062 2209 8854 467  9706 1153 1124 1901 3644 2689 6428 3517 9428 4327 842  5189 2182 6067 3662 6947 5266 7841 6898 8747 8486 9643 
8525 3276 2465 6006 5605 1386 7345 3948 9095 6144 1675 8262 6725 2916 217  1710 731  1050 1147 6540 1513 4068 1835 7164 2071 5642 6795 7238 195  9088 1455 6592 2685 1372 3939 2848 5133 4228 6315 5588 7503 7154 8823 8660 729  208  2817 6928 6849 470  267  1384 1707 2290 3309 3266 5093 4142 5583 4504 6161 3582 6677 6462 7231 9276 7729 1338 8197 3606 8711 6186 9253 7598 9809 8474 179  9294 811  188  1523 2372 2293 4996 3083 7972 3911 262  4759 1486 5641 2918 6481 4474 7417 6022 8293 7666 9203 9346 
7056 1265 9324 4085 4928 6355 3036 8455 5124 275  7098 4075 9198 9575 3408 511  2610 943  4770 1337 8730 1703 5652 1961 9684 2183 6344 8685 8246 795  9842 2091 812  3345 2108 4431 3580 5727 5024 6945 6422 8205 7828 9381 9376 1143 3152 4923 6724 9279 904  939  1832 2487 2770 4299 3688 5345 4346 5793 4706 6455 5046 7003 7902 7441 366  7979 2454 8465 4926 8989 7126 9561 8018 2809 8858 479  9710 1163 1132 1907 3676 2693 6436 3527 9484 4337 862  5197 2186 6073 3694 6949 5294 7853 6914 8753 8506 9649 
9295 3528 2585 8232 5405 1404 7375 4056 9185 6174 1775 8268 6775 336  235  6576 713  1470 1157 6450 1517 5680 1891 7596 2077 330  2291 7304 255  9086 1479 6848 2703 1504 3855 2852 5151 4268 6351 5644 7521 7172 8841 8636 9915 272  2853 7024 6921 472  303  1390 1713 2294 3327 3272 5095 9618 5615 4514 6009 4906 6683 6492 7235 9378 7739 1362 8201 3642 8717 6198 9259 7610 9827 8488 181  9304 821  212  1531 2396 2297 5036 3089 7988 3917 274  4783 1502 5647 2942 6491 4478 7433 6038 8297 7694 9209 9358 
4032 1235 9996 4015 5568 6335 2952 8365 5244 325  7236 4175 9204 9725 3504 497  2550 949  4980 1339 8670 1727 2450 1963 9756 2177 690  2413 8294 915  9944 2109 650  3363 2132 4521 3596 5745 5044 6951 6550 8169 7844 9393 9386 1179 3184 5013 7396 9297 938  951  1834 2517 2774 4317 3704 5339 306  5935 4718 6261 5048 7009 7908 7445 354  7981 2514 8471 4938 9005 7138 9563 8066 3481 8870 487  9714 1171 1172 1913 3698 2699 6452 3529 9508 4339 866  5209 2194 6079 3722 6959 5314 7867 6922 8761 8518 9661 
9425 2772 2665 7182 5555 1656 7385 4092 9205 6204 1805 8364 6845 432  253  1740 721  3330 1141 6570 1529 5840 4653 280  2101 390  2317 1032 2495 9112 1491 6976 2697 1420 3993 2884 5157 4292 6369 5620 7527 7264 8877 8650 63   304  2883 7088 6957 488  309  1394 1731 2314 3351 3278 5097 4154 5617 1236 6169 4910 6459 5222 7241 9414 7745 1374 8203 3678 8735 6234 9263 7618 9847 8494 191  9318 823  236  1543 2404 2309 5108 3109 7996 3919 278  4787 1514 5651 2962 6521 4486 7451 6046 8311 7702 9221 9382 
9504 1495 9702 4255 5824 6365 2976 8395 5346 9835 7254 4205 9234 9457 1140 517  2580 917  5070 1343 8850 1717 3700 6171 2030 2189 702  2395 1326 2599 9976 2121 740  3399 2144 4539 3610 5763 5020 6963 6524 8241 7780 9399 9452 1233 3376 5043 8836 9351 946  993  1846 2559 2776 4341 3706 5349 4354 5933 2358 6457 5066 6801 5446 7447 402  7985 2526 8473 4962 9017 7158 9565 8072 3721 8872 491  9718 1181 1228 1931 3716 2707 6476 3533 9524 4349 878  5227 2206 6089 3734 6961 5318 7873 6926 8779 8522 9677 
7735 8712 2635 7224 5423 1638 7505 4116 9215 6318 1825 8436 6925 528  259  1860 737  3450 1159 6780 1537 6320 4599 920  7137 3710 2321 1026 2507 1722 2735 7232 2727 1450 3999 2888 5181 4316 6441 5660 7557 7196 8853 8668 45   368  2979 7184 7083 494  321  1406 1761 2318 3369 3286 5105 4168 5601 4526 6167 3684 6697 5224 7023 5678 7747 1398 8207 3702 8743 6294 9271 7622 9841 8498 193  9322 827  242  1549 2428 2311 5116 3119 8012 3923 298  4789 1522 5653 2966 6529 4502 7457 6074 8317 7706 9227 9406 
6336 7525 7656 4199 5040 6919 3096 8515 5166 425  7272 4325 9306 9583 990  533  6090 979  5310 1349 8940 1739 4100 6111 2680 8619 5480 2429 1410 2603 2046 2845 748  3423 2180 4551 3604 5757 5068 6969 6566 8277 7850 9417 9412 1251 3568 5067 40   9441 962  1011 1864 2571 2782 4353 3736 5353 4366 5799 4726 6463 5052 7031 5470 7251 5882 7991 2586 8479 4974 9019 7174 9569 8074 4489 8886 499  9726 1187 1244 1933 3748 2711 6484 3539 9532 4357 886  5231 2218 6091 3742 6967 5326 7877 6934 8783 8542 9679 
8645 8928 1715 4464 5681 6720 7657 4128 9265 6372 1975 8442 7025 624  287  2070 767  3660 1169 7050 1541 6640 4719 1000 7227 4120 9849 6710 2509 1752 2743 2346 2951 1460 4011 2890 5211 4324 6357 5650 7587 7228 8937 8672 75   464  3033 7312 7173 506  327  1414 1779 2330 3387 3298 5111 9624 5627 4552 6033 4936 6707 6564 7249 5690 7617 6056 8213 3714 8749 6306 9287 7624 9853 8504 197  9334 829  244  1553 2452 2333 5132 3121 8044 3929 302  4793 1538 5657 2974 6547 4534 7459 6082 8329 7726 9239 9442 
9792 8225 7722 3535 5832 6409 9240 9061 5256 9905 7326 4475 9312 9653 1170 527  7770 989  5340 1351 9060 1751 4300 6201 2170 8811 5330 5751 7750 2611 2010 2867 2670 3047 2150 4587 3616 5811 5050 6981 6532 8283 7852 9423 9436 1341 3632 5121 56   9459 970  1041 1886 2577 2786 4359 3730 5357 342  5941 4738 6267 5074 7033 7932 7453 5894 7941 6206 8483 5034 9023 7190 9571 8078 5041 8878 503  9734 1193 1252 1949 3764 2713 6508 3541 9556 4363 898  5233 2234 6101 3746 6971 5342 7879 6938 8803 8546 9689 
5005 5184 1855 4608 4795 1824 8177 4200 9823 6324 2075 8484 7075 648  301  1950 779  3540 1177 7110 1561 7120 4743 770  7353 3910 9891 6890 189  8930 2759 2424 2959 3066 3131 2924 5205 4384 6447 5764 7539 7268 8895 8684 99   496  3123 7376 7281 518  339  1426 1797 2338 3453 3302 5123 9666 5629 1278 6179 4922 6483 5230 7261 9444 7751 6058 8133 6430 8759 6366 9289 7634 9865 8534 199  9354 839  268  1559 2468 2339 5156 3137 8068 3931 314  4799 1546 5659 2978 6551 4538 7477 6098 8353 7754 9241 9446 
7344 7595 7752 3605 5952 6461 7260 9139 9660 3509 7332 4525 9348 9751 1350 551  9030 1007 5490 1357 9090 1757 4700 6273 2590 9063 5560 5913 7720 861  400  2869 2712 3035 3318 3235 3626 5781 5092 6987 6556 8289 7868 9447 9476 1359 3664 5139 70   9549 986  1047 1898 2589 2792 4377 3766 5359 348  5947 2388 6467 5090 6807 5486 7463 426  7997 6214 8403 6590 9031 7178 9573 8086 5329 8898 509  9736 1201 1268 1951 3788 2719 6548 3547 9572 4373 914  5237 2246 6113 3754 6977 5354 7883 6982 8807 8566 9697 
7315 9984 2065 5328 4865 1836 7847 2760 9889 5670 4477 8526 7325 816  299  5250 781  3690 1199 6860 1577 7760 4797 1160 7533 4070 9963 6790 297  8990 1533 8128 2965 3102 3133 3768 3341 4396 6453 5668 7545 7276 8931 8692 117  512  3141 7408 7299 530  381  1432 1803 2344 3459 3310 5127 4184 5633 1284 6181 3732 6731 5246 7041 5710 7763 1434 8227 6446 8661 6806 9237 7654 9863 8530 211  9362 853  284  1567 2476 2341 5164 3163 8108 3943 326  4801 1574 5669 2986 6553 4546 7481 6122 8363 7762 9257 9458 
7488 8575 7992 3745 7104 6517 7650 8701 6210 3179 2100 6647 9372 9925 3792 559  8610 1003 5550 1363 9150 1763 5300 6321 2750 8673 5510 6399 7790 897  1936 2133 836  3053 3336 3227 4026 3431 5054 7005 6572 8319 7876 9429 9550 1413 3728 5193 88   9567 994  1059 1910 2631 2794 4413 3782 5361 4376 5951 2466 6485 5058 7037 5494 7269 5902 7999 2634 8485 6616 8997 7198 9593 8090 6241 8906 521  9746 1213 1324 1973 3812 2729 6628 3557 9596 4391 922  5261 2258 6121 3758 6983 5366 7901 6998 8819 8578 9719 
6545 8892 2135 5508 5215 1716 7889 2280 9541 8320 4961 4410 8381 912  265  6642 793  3630 1189 7420 1591 8080 4959 1240 7581 4250 9999 6920 231  9010 1593 8192 2715 1484 3139 3774 3353 4374 3569 5728 7599 7328 8949 8732 147  592  3177 7472 7389 536  393  1442 1821 2354 3489 3322 5129 4190 5613 4558 6185 3756 6739 6606 7255 5726 7629 6062 8249 3786 8765 6824 9249 7658 9869 8538 223  9368 857  292  1571 2524 2347 5188 3167 8116 3947 334  4813 1594 5683 2998 6563 4562 7487 6134 8369 7778 9277 9466 
5616 9065 8184 3815 7872 6625 2964 8687 5720 9639 5200 7139 8960 143  3726 505  8586 959  5820 1387 9270 1769 5780 6327 2840 8757 5590 6723 7880 903  2500 2139 884  3405 2204 3239 4134 3437 4686 3679 6620 8313 7924 9453 9580 1467 3824 5283 104  9621 1010 1077 1912 2643 2806 4443 3790 5363 4378 5847 4744 6487 5094 7045 7974 7465 5912 7971 6226 8489 5118 9037 7202 9577 8104 6889 8922 523  9762 1217 1348 1979 3868 2731 6652 3559 9644 4397 926  5273 2302 6131 3778 6991 5374 7907 7022 8821 8594 9721 
8855 9216 2345 5808 5285 1944 7535 4248 9821 8360 7497 6080 3861 4760 319  6672 745  288  1207 7470 1589 8240 4977 1430 7659 4280 567  6970 273  9080 1551 8384 2739 1508 3945 2948 3349 4422 3587 5010 3809 7316 8943 8708 153  656  3231 7664 7407 568  411  1448 1839 2378 3513 3346 5137 9774 5645 4568 6051 4942 6743 6684 7265 9564 7765 6086 8139 6454 8767 6378 9299 7662 9881 8552 227  9370 859  316  1579 2564 2351 5204 3169 8156 3967 346  4817 1618 5689 3022 6569 4574 7489 6158 8377 7814 9281 9502 
8208 9275 8832 3955 8256 6565 3108 8585 5412 1813 4400 7371 2720 6669 8680 583  8592 955  972  1379 9420 1781 5900 6363 2920 8901 5830 7203 7810 969  9982 2187 820  3417 2212 4605 3652 3439 4710 3683 5406 3935 8032 9465 9506 1503 3856 5337 110  9783 1016 1101 1918 2649 2810 4449 3794 5371 372  5959 4790 6297 5122 7051 8076 7471 438  8003 6262 8409 6610 9047 7206 9589 8110 7921 8934 541  9766 1223 1388 1987 3884 2741 6668 3571 9668 4409 934  5279 2306 6133 3802 6997 5378 7919 7034 8831 8654 9733 
9625 2808 2485 5904 5369 2052 7565 4392 9415 6396 4361 5440 7623 4000 7293 4900 799  252  1145 2028 1603 8560 5031 1480 7791 4360 1053 7030 351  9128 1515 8768 2751 1550 4017 2996 5217 4444 3589 5190 3811 5736 4031 8722 171  688  3303 7792 7443 574  417  1462 1851 2390 3543 3352 5141 9786 5671 1308 6187 4952 6537 5254 7271 9708 7769 1446 8251 6466 8691 6830 9301 7674 9893 8558 229  9374 863  332  1583 2572 2357 5212 3181 8212 3989 358  4831 1622 5693 3046 6571 4586 7499 6166 8387 7822 9283 9518 
8424 4375 8856 4277 7440 6601 3132 8435 5382 175  7416 6713 2080 3591 5800 8721 1820 1037 1044 1315 3042 1793 6100 6417 3160 8967 5750 7209 7910 957  784  2193 928  3429 2254 4611 3620 5817 5084 3707 5448 3937 6024 4115 9628 1557 4016 5391 128  9819 1022 1119 1928 2661 2822 4461 3806 5377 414  5963 2502 6493 5126 6819 5518 7483 474  8005 2598 8491 6632 9003 7222 9599 8122 9409 8936 547  9770 1229 1396 1993 3908 2749 6676 3581 9692 4421 958  5281 2326 6143 3814 7001 5386 7927 7054 8837 8674 9739 
1925 3456 2555 6156 5467 3840 7667 4446 9455 6408 2425 8514 8477 2860 5859 6380 2907 3850 1219 2124 1465 4332 1897 1640 7803 4370 891  7070 429  9160 1581 8896 2769 1564 4023 2950 5253 4448 6465 5746 3805 5754 4033 6342 4189 752  3357 7856 7461 584  447  1474 1857 2398 3561 3358 5131 9798 5663 1314 6191 3798 6749 5258 7053 5734 7771 1506 8257 3846 8773 6838 9267 7678 9895 8562 233  9398 877  338  1597 2588 2371 5228 3187 8252 4001 362  4861 1642 5701 3062 6577 4594 7507 6178 8389 7834 9293 9566 
9936 1225 9048 4301 8880 6643 7740 8789 5418 475  7434 4775 9432 2401 4420 8127 6760 3519 5390 1391 3204 1685 5868 1967 2990 8991 5530 7857 7960 987  2704 2163 850  3441 2236 4623 3650 5829 5194 7101 6596 3949 6042 4117 6792 4303 4112 5409 130  9837 1030 1137 1930 2721 2824 4467 3818 5383 444  5965 2532 6497 5172 7061 5522 7311 5918 8021 2658 8495 5142 9053 7256 9607 8126 5    8938 557  9782 1231 1412 1997 3932 2753 6772 3583 9748 4423 974  5297 2342 6151 3826 7013 5398 7933 7058 8839 8678 9743 
2275 9108 2765 6192 5453 4140 7733 5460 9911 6432 2225 8532 7675 1104 329  6200 8211 8480 2691 8260 1633 4572 1865 8028 2117 4130 1377 7130 357  9130 1647 9536 2781 1580 4047 2980 5271 4450 6477 5782 7635 7364 4037 6456 4195 7014 4381 7984 7551 590  453  1490 1893 2410 3579 3368 5143 9816 5677 1356 6193 3804 6751 6714 7273 5738 7647 6070 8261 3858 8777 6414 9305 7682 9897 8582 239  9402 881  356  1601 2612 2377 5276 3191 8276 4003 382  4871 1646 5711 3086 6581 4618 7517 6218 8419 7838 9311 9574 
4752 455  9288 4345 9024 6851 2520 8987 8190 2783 7548 4805 9438 625  3984 553  7150 3969 9460 3159 560  1807 6012 1969 9972 2197 5810 8181 7930 999  4624 2211 860  3471 2260 4671 3692 5871 5140 7059 6644 8355 8084 4121 6798 4307 7266 4439 136  9873 1034 1149 1946 2733 2830 4479 3830 5389 486  5969 2676 6499 5196 7063 8082 7493 5930 7977 6254 8497 5154 9055 7258 9609 8138 3    8942 563  9784 1237 1436 1999 3964 2767 6788 3593 9764 4441 982  5303 2362 6163 3862 7019 5414 7937 7066 8849 8698 9749 
2975 2376 2755 7896 5665 1596 7843 5880 2057 7280 5203 8544 7775 1134 295  6966 749  8500 1323 880  3933 8720 1903 8172 2095 408  2323 7160 399  9230 1653 9664 2829 1628 4029 3020 5289 4460 6501 5828 7611 7348 8961 8756 4207 6990 4369 7512 4541 598  471  1498 1923 2414 3603 3370 5149 9834 5699 1422 6209 3972 6757 6756 7277 9732 7781 6088 8157 6470 8791 6522 9307 7690 9899 8570 241  9410 883  388  1607 2636 2381 5284 3203 8324 4007 386  4877 1654 5717 3098 6599 4622 7523 6238 8423 7846 9319 9578 
6864 595  9672 4505 8512 6655 3384 9269 7980 3751 2940 6877 9486 55   4272 515  8688 973  9500 1911 2320 3339 6700 1981 216  2191 744  2443 7990 1023 8464 2235 868  3435 2272 4683 3718 5883 5150 7077 6604 8337 7942 9483 9610 4313 7314 4453 7878 4609 1048 1167 1958 2757 2834 4497 3832 5411 516  5971 2682 6503 5268 7067 8124 7495 498  8023 6266 8457 6634 9071 7270 9611 8152 7    8958 569  9794 1249 1468 2003 3988 2777 6796 3607 9788 4447 998  5309 2374 6173 3866 7027 5422 7949 7078 8861 8714 9767 
3325 3432 2875 8008 6885 2912 7585 4452 1573 9520 4693 6160 8957 1392 305  6992 755  396  1211 1360 2583 9040 5229 1720 2119 456  2285 1122 2513 9250 1599 4096 2847 1652 4035 3068 5235 4484 6507 5792 7641 7340 8979 8764 207  848  4385 7518 4553 8058 4687 1510 1929 2422 3639 3374 5155 9858 5707 1494 6227 4014 6767 6822 7279 9738 7783 1542 8267 6472 8709 6842 9313 7698 9913 8574 251  9418 887  404  1609 2644 2383 5308 3209 8332 4013 394  4889 1658 5737 3106 6607 4666 7529 6242 8429 7858 9323 9586 
7128 665  9768 4465 9152 7695 4004 8555 5586 3887 4620 6929 9800 187  4656 535  8816 965  1116 1393 2560 3381 6050 6489 3190 2201 798  2435 1416 2623 5776 2241 940  3477 2312 4665 3668 5835 5216 7089 6692 8397 7940 9519 9650 1587 4208 4469 7890 4613 8154 4747 1970 2787 2872 4533 3838 5401 492  5977 2718 6505 5274 7073 8196 7501 534  8027 2694 8503 6674 9033 7282 9617 8166 11   8974 571  9814 1259 1492 2011 4036 2789 6836 3613 9836 4451 1006 5323 2386 6197 3898 7039 5426 7951 7082 8863 8726 9769 
3185 3672 2795 7854 5735 3808 9315 4576 9545 6534 4901 5600 5049 5320 341  7152 763  468  1165 2178 1631 800  5301 1870 7839 4270 2327 1128 2515 1794 2747 140  2889 1612 4053 3104 5295 4532 6495 5876 7689 7372 9039 8780 243  944  3411 8048 4559 8070 4699 8358 4841 2438 3651 3382 5161 9894 5713 1524 6233 4044 6769 6828 7289 9846 7787 1578 8279 3882 8795 6854 9327 7718 9917 8590 257  9422 907  412  1613 2692 2389 5444 3217 8348 4019 398  4903 1678 5741 3118 6619 4678 7537 6274 8431 7862 9337 9598 
8976 805  1584 4355 7616 6435 6272 3825 6688 245  7584 7267 4480 5967 2800 589  2820 1043 1332 1345 3468 1799 7100 6741 3230 9243 5890 2453 1464 2605 2058 2881 950  3507 2332 4695 3772 5889 5324 7107 6728 8421 7964 9531 9652 1611 4304 5463 152  4619 8274 4763 8490 4867 2882 4569 3842 5429 558  5989 2724 6509 5316 7081 8226 7513 582  8033 2742 8507 5178 9073 7288 9627 8168 13   8984 577  9822 1277 1516 2017 4052 2791 6884 3617 9868 4457 1018 5333 2402 6199 3902 7043 5438 7963 7094 8867 8746 9781 
4025 4104 2905 6768 5785 4256 7425 6496 6075 7904 2525 8556 8591 6440 8151 1120 803  3870 1241 2196 1535 4716 1909 1880 7821 4520 1863 7210 2519 1806 2761 2418 2981 1660 4071 3038 5307 4540 6513 5860 7683 7412 8985 8788 261  976  3447 8144 7677 602  4705 8418 4837 8802 4955 3406 5163 4202 5723 1572 6239 4086 6773 6852 7291 9852 7795 1614 8285 3918 8797 6546 9329 7730 9903 8614 263  9426 911  428  1619 2708 2393 5468 3221 8356 4021 422  4909 1706 5743 3134 6637 4682 7541 6326 8443 7886 9341 9602 
3168 875  9384 4433 1764 6665 5096 8415 6944 2475 9016 4825 9492 209  3920 8613 2380 1027 5740 1397 3492 1735 6228 1991 2870 9027 5960 8667 8170 2627 2136 2855 2814 3077 2324 4755 3796 5901 5260 7221 6716 8439 8132 9579 9676 1629 4336 5517 154  9927 1054 4765 8502 4883 9018 5027 3854 5367 4382 5983 2748 6511 5388 7087 8214 7519 606  8035 2766 8509 5262 9077 7278 9637 8174 17   8994 587  9826 1279 1532 2027 4076 2797 6892 3623 9892 4463 1042 5347 2426 6203 3946 7057 5458 7993 7114 8887 8782 9787 
4165 4224 2945 8694 5695 1932 7625 6916 4455 7448 7605 9632 7825 1488 377  1400 9207 4060 1287 8050 1639 4932 1895 8244 2123 4690 1539 7240 459  9170 2771 2442 2977 3090 3149 3052 5319 4556 6519 5908 7701 7406 9015 8864 279  1072 3501 8336 7713 610  489  1526 4835 8808 4939 9192 5165 4234 5619 4570 6259 4122 6787 6894 7295 9876 7799 1626 8299 3954 8801 6558 9335 7734 9935 8598 269  9434 919  436  1621 2732 2399 5492 3229 8396 4027 446  4919 1714 5749 3142 6653 4694 7547 6334 8447 7894 9343 9626 
3744 1015 1872 4495 2304 6695 3234 8695 7072 5445 9044 1485 1456 85   4848 611  2660 9867 5950 2871 9940 1817 6444 1985 168  2227 6040 8343 8030 1107 9604 2885 2706 3071 3354 3247 3836 5907 5252 7185 6748 8445 8134 9591 9716 1719 4432 5547 170  9981 1066 1191 1978 4885 9078 5033 9342 5435 4394 5853 4792 6515 5484 7091 8292 7531 618  8045 2778 8519 5286 9079 7298 9641 8194 19   8998 593  9830 1283 1556 2029 4084 2801 6932 3631 9908 4481 1046 5351 2434 6211 3958 7069 5462 8009 7118 8893 8794 9791 
2695 4968 2915 9282 5795 1428 7685 4428 9485 9568 9075 9464 2805 3472 335  7216 1989 4340 1881 8330 3663 8750 1919 8388 2105 462  2329 7250 483  9176 1545 224  2983 3144 3143 3810 3377 4564 6549 5978 7719 7456 9021 8860 333  1136 3573 8368 7731 632  501  1528 1941 2456 4963 9210 5173 9906 5729 4582 6081 4958 6797 6924 7303 9924 7801 1662 8309 3966 8809 6582 9347 7736 9921 8606 271  9448 929  452  1627 2738 2411 5524 3251 8444 4049 454  4931 1718 5779 3158 6659 4702 7549 6338 8461 7934 9349 9634 
4896 385  2448 4565 6084 6745 3348 8635 5664 605  9184 9405 2576 3315 5264 4485 8848 9801 6020 3069 3280 4257 7300 2021 264  2195 858  2449 8296 1005 448  2265 968  3065 3498 3241 4152 3443 5290 7239 6740 8451 8020 9597 9740 1737 4496 5553 182  81   1070 1203 1990 2811 2914 5057 9390 5459 522  5993 4808 6333 5128 7093 8298 7543 642  8047 2802 8531 5298 9083 7294 9647 8210 23   9002 599  9832 1289 1588 2039 4124 2803 6962 3637 16   4483 1082 5381 2446 6217 3974 7079 5482 8011 7142 8923 8818 9803 
4235 4992 3115 7452 5495 2088 7645 4512 9515 6588 2575 7168 2145 3584 3705 7504 5535 1792 1683 8540 4131 700  5247 910  2147 546  2305 1218 2537 9256 1605 308  2865 1666 3151 3834 3365 4386 3599 6028 7707 7450 9051 8804 363  1168 3609 8656 7767 638  519  1534 1959 2482 3669 3422 5177 9930 5731 1602 6245 4966 6609 5272 7313 9948 7807 1686 8315 4038 8813 6618 9353 7738 9937 8618 277  9454 937  508  1637 2764 2417 5596 3253 8452 4051 458  4933 1726 5783 3166 6661 4714 7559 6362 8467 7978 9371 9662 
5472 1085 2592 4403 4356 6685 3552 8729 5688 575  7476 4925 1904 3375 5488 4845 9296 6045 3724 3267 2960 4563 7220 6579 3250 2231 888  2455 1482 2615 704  2301 992  3495 2336 3263 4182 3455 4728 3695 6752 8481 8150 9669 9772 1773 4528 5571 184  15   1096 1227 2006 2823 2930 4593 3874 5461 564  5999 2796 6523 5134 6843 5528 7555 654  8051 2874 8545 5322 9089 7302 9655 8202 29   9022 601  9848 1291 1604 2053 4132 2819 6964 3643 6    4493 1094 5387 2458 6221 3986 7103 5498 8017 7162 8929 8842 9811 
5075 4488 3055 7632 5551 2208 7777 3000 9737 6612 2645 8652 7925 4144 4125 7696 5805 2156 6375 5684 4059 980  5499 1330 8091 4510 2353 1242 2533 1896 2773 160  2877 1696 4065 3116 3379 4482 3595 5106 3817 7460 9087 8876 369  1250 3681 8752 7893 646  537  1544 1977 2486 3687 3434 5169 4210 5747 1644 6281 4164 6799 5282 7071 5752 7811 1698 8321 4062 8843 6654 9355 7746 9943 8626 281  9470 941  524  1657 2804 2423 5618 3257 8516 4057 466  4937 1754 5791 3194 6673 4742 7561 6374 8501 8002 9377 9722 
5148 1295 2736 4445 1296 6715 3588 8897 6270 2009 7668 4975 9516 95   5936 5115 9728 6345 3388 7125 8428 4617 7900 6633 3010 9333 6230 2479 1518 2641 2130 2893 988  3531 2356 4767 3820 3473 4746 3713 5454 3941 8180 9693 9796 1791 4688 5679 190  21   1090 1257 2008 2841 2936 4629 3878 5403 4390 6001 2826 6527 5526 7097 5542 7323 5944 8057 2922 8549 5442 9097 7306 9665 8206 31   9032 607  9854 1297 1636 2063 4156 2833 6988 3659 8    4507 1114 5393 2462 6229 3994 7109 5506 8039 7166 8933 8846 9817 
4655 5304 3245 8112 5593 2232 7805 4524 9877 8370 4753 8658 8275 1536 355  7888 3675 4864 7155 6076 8625 1736 5577 1190 8037 4730 2349 7310 2561 1770 2779 2472 2993 1690 4077 3050 5343 4580 3601 5238 3827 5778 4039 8908 387  1264 3771 8912 7929 664  543  1558 1983 2488 3693 3448 5183 4238 5631 4610 6283 4188 6805 7002 7319 5762 7653 6094 8333 4098 8851 6702 9365 7766 9939 8630 283  9474 947  548  1663 2836 2437 5636 3259 8524 4073 478  4943 1762 5801 3202 6679 4754 7573 6382 8513 8006 9391 9742 
6624 1375 1512 4625 792  6755 3366 8785 5676 2023 1200 6727 9588 35   4698 545  9328 1365 9196 7215 9212 2025 3304 6897 3320 9387 6110 8829 8344 2629 2190 2899 2838 3073 2350 4731 3860 5943 5332 3715 5478 3953 6102 4135 9802 1899 4802 5769 230  27   1102 1263 2014 2859 2938 4647 3886 5433 4402 5919 4814 6533 5532 7099 8334 7597 5954 7989 6278 8551 5466 9101 7322 9651 8218 37   9058 613  9878 1301 1676 2069 4196 2837 7012 3671 10   4513 1126 5399 2474 6247 3998 7121 5534 8053 7186 8941 8882 9829 
5425 5928 3145 8778 5875 2244 7705 4644 9595 6708 4949 7290 8771 1776 343  7248 785  5888 4515 1672 8385 2072 1125 4186 8109 4750 2511 7336 165  9272 2807 2490 2987 3162 3161 3124 5373 4588 6531 6004 3829 5784 4043 6486 4213 1328 3789 9008 7947 658  573  1562 2019 2494 3711 3454 5195 4246 5637 4616 6087 4978 6809 7044 7327 48   7819 6106 8187 6478 8857 6738 9379 7768 9953 8634 293  9478 953  556  1667 2876 2441 5692 3271 8548 4079 482  4951 1766 5807 3214 6689 4762 7577 6406 8521 8014 9397 9754 
6732 1435 3312 4615 504  6785 3402 8755 5628 725  7704 6811 480  77   1380 581  9168 985  9248 7455 2584 5625 3416 2115 4984 9537 6280 9153 8398 1029 320  2911 2862 3085 3486 3265 3892 5955 5344 7257 6764 3959 6168 4141 6810 4309 4912 5787 232  33   1106 1293 2054 2901 2954 4659 3896 5447 4430 5937 4826 6339 5138 7111 8406 7571 762  8063 6286 8499 6682 9107 7330 9659 8230 41   9062 617  9896 1303 1682 2081 4204 2843 7036 3673 14   4517 1138 5407 2498 6257 4006 7127 5554 8059 7214 8951 8894 9833 
5635 5016 3395 8496 5797 2394 7955 4554 9605 6636 2725 8664 8833 780  371  2220 791  612  1195 1976 8295 3128 1215 4216 3285 5656 2997 7370 609  9320 1659 200  3007 3186 3155 3894 3383 4598 6573 6052 7761 7502 4045 6474 4223 7032 4387 9104 7983 670  579  1570 2031 2504 3747 3464 5191 9966 5761 4630 6117 4982 6621 5288 7339 162  7813 1758 8327 6482 8727 6856 9357 7786 9957 8638 307  9482 967  578  1669 2908 2447 5708 3299 8564 4091 502  4957 1774 5813 3218 6691 4766 7583 6418 8527 8026 9403 9778 
6912 1505 3564 4459 9840 6721 3444 8845 5724 775  7686 5275 9594 119  1500 623  2790 1057 1452 1355 2728 9345 3608 735  5032 5025 6392 441  8440 1113 832  2247 1012 3095 3534 3269 4170 3493 5350 7263 6844 8493 8164 4145 6834 4315 7368 4471 248  39   1112 1299 2056 2913 2984 4677 3890 5473 636  6013 4838 6387 5144 6861 5546 7601 678  8065 2946 8557 6698 9057 7334 9663 8234 43   9066 619  9910 1307 1684 2083 4244 2851 7108 3677 22   4519 1142 5413 2518 6263 4022 7129 5578 8069 7226 8963 8902 9839 
5915 6072 3445 8784 5621 4500 8041 4662 9635 6678 2675 8748 8425 1782 391  2250 817  4020 1247 2412 1555 3256 315  4264 3525 5698 7065 7384 513  9344 1635 352  2895 1694 3197 3912 3397 4470 3611 6068 7797 7514 9093 8924 4237 7062 4393 7530 4571 682  591  1582 2049 2506 3777 3470 5199 4294 5753 1668 6289 4990 6639 5302 7113 5770 7831 1842 8335 4146 8873 6862 9363 7798 9965 8642 311  9494 971  596  1693 2932 2459 5716 3301 8572 4093 514  4967 1814 5821 3226 6701 4778 7589 6434 8537 8038 9413 9806 
7524 1625 1848 4715 864  6853 8460 9367 5772 1025 7788 5575 9612 65   4944 629  9870 1067 6030 1403 3636 1745 3712 2325 5192 5085 6424 8865 8456 1065 1088 2289 1184 3537 2366 3277 4218 3487 4758 3743 6812 8535 8188 9615 9824 4319 7398 4487 7944 4627 1118 1317 2074 2931 3002 4701 3914 5455 666  6005 2868 6539 5146 6879 5558 7341 5962 8071 2994 8561 5514 9113 7352 9671 8238 47   9070 631  9926 1319 1724 2087 4252 2857 7132 3691 26   4523 1154 5417 2554 6269 4034 7151 5582 8081 7234 8969 8914 9851 
6125 6264 3485 8904 5863 4860 7931 3510 9779 6786 2825 8772 8405 2064 365  7536 851  4230 1243 7620 1643 5004 1915 4408 3555 5704 7275 7378 285  9338 1677 220  2919 1748 4089 3140 3403 4494 3629 5214 3841 7532 9099 8954 423  1424 4399 7566 4555 8088 4709 1576 2073 2510 3831 3478 5201 144  5755 1734 6295 4194 6817 5306 7131 5786 7671 6130 8339 4206 8879 6774 9383 7782 9959 8662 313  9496 977  604  1697 2956 2467 5732 3307 8612 4099 526  4969 1822 5827 3238 6703 4786 7591 6442 8539 8042 9419 9818 
7776 1615 2184 4807 8400 7163 9300 8911 6360 2107 7848 5675 9636 91   5022 565  9264 1073 6060 1411 9630 1829 6348 2005 5248 5325 6536 8955 8536 1095 1216 2373 1060 3567 2492 4773 3916 3497 4776 3737 5496 3961 8204 9645 9812 2043 4976 4499 7998 4631 8322 4771 2086 2949 3014 4713 3922 5465 708  6017 2892 6535 5556 7115 5608 7377 5966 8013 6296 8567 5574 9115 7338 9667 8242 53   9074 641  9942 1321 1732 2089 4276 2861 7148 3697 34   4547 1174 5419 2558 6271 4054 7159 5594 8087 7246 8971 8926 9857 
6475 6696 3335 9912 6061 6300 8437 3480 9919 8520 5047 8844 8675 1968 395  7568 815  588  1261 7860 1649 180  1921 8604 2149 5848 7335 7462 345  9352 1695 416  2937 1708 4155 3146 5385 4606 3635 5226 3839 5790 4061 8992 477  1552 3879 9136 4573 8094 4711 8382 4843 2522 3837 3490 5207 324  5759 1746 6313 4236 6821 7116 7343 5798 7737 6142 8193 6488 8881 6872 9385 7802 9961 8682 317  9498 983  628  1699 2972 2473 5756 3313 8644 4111 538  4973 1838 5839 3242 6709 4798 7603 6458 8543 8054 9421 9838 
7956 1595 2688 4745 672  7337 3360 9361 6750 2303 1620 7301 9696 115  5136 635  9424 995  1476 1417 9780 1819 6498 2041 120  2219 6578 9375 8554 1161 1472 2337 1036 3585 2444 4809 3956 5973 5348 3749 5502 3973 6162 4151 9820 2007 5008 5823 250  4633 8310 4769 8616 4891 3026 4737 3926 5485 726  6019 2934 6541 5598 7117 8412 7609 5974 8031 6298 8511 6706 9069 7358 9673 8248 59   9082 643  9958 1327 1756 2099 4348 2879 7156 3701 38   4549 1186 5431 2566 6277 4058 7177 5602 8089 7262 8999 8962 9859 
7105 6528 3289 1008 5885 2142 8569 7140 1859 8760 5239 7360 8869 2106 407  7614 835  684  1205 2556 1651 300  1927 8676 2159 552  2315 7544 375  9394 1767 260  2943 1804 4137 3172 5379 4628 6567 6112 3845 5838 4055 6504 4247 1616 3897 9232 8163 686  4717 8430 4847 8814 4985 3502 5221 192  5765 1788 6319 4302 6835 7146 7355 36   7835 6146 8223 6494 8751 6874 9389 7806 9977 8666 331  9514 991  652  1709 3004 2477 5788 3319 8716 4127 542  4987 1858 5843 3254 6719 4822 7607 6502 8563 8098 9431 9862 
8448 1645 3888 4895 756  6815 3612 9581 1680 3757 6930 7943 540  133  1530 649  9456 1055 1548 1385 3708 1837 6516 2033 210  2249 918  2471 8576 1131 2368 2343 1148 3615 2516 4833 3940 6021 5356 7287 6868 3977 6222 4163 6846 4321 5072 5877 238  57   1130 4781 8742 4897 9042 5045 9366 5489 732  6023 3006 6557 5604 7123 8508 7613 786  8077 6302 8529 6712 9111 7366 9683 8264 61   9106 647  9962 1361 1772 2111 4364 2887 7204 3709 46   4561 1198 5437 2578 6287 4078 7187 5606 8093 7274 9001 8966 9871 
7175 7176 3311 9396 5995 2484 7885 4692 2299 1260 5491 7350 8959 660  403  3990 869  768  1253 2628 1565 5202 1937 9036 2167 510  2359 1110 2563 9430 1743 340  2967 1862 4173 3164 5421 4636 6585 6116 7743 7550 4069 6594 4265 7074 4405 9392 8199 710  597  1586 4853 8952 4979 9222 5213 1458 5767 1812 6331 4308 6839 7188 7357 24   7837 1866 8341 6526 8781 6878 9395 7816 9969 8686 337  9526 997  668  1721 3028 2503 5804 3323 8812 4129 554  4993 1874 5849 3274 6733 4834 7621 6506 8573 8102 9433 9866 
8352 1705 4176 4543 936  6895 3816 8815 5856 3971 3150 7381 9100 323  2310 667  420  1079 6150 1441 3852 1765 6876 2045 312  2257 750  2461 1554 2651 1856 2379 1078 3621 2528 4887 3950 6063 5372 7305 6908 8517 8224 4169 6858 4331 7446 4501 286  51   1162 1329 2104 4907 9096 5053 9462 5497 738  6031 3012 6559 5634 7133 8622 7615 822  8095 3018 8579 6730 9119 7374 9691 8270 67   9110 653  9978 1367 1796 2113 4372 2897 7244 3719 58   4567 1202 5441 2582 6299 4106 7193 5638 8101 7286 9007 8986 9883 
7007 7296 3355 9648 5705 2508 7945 4824 9685 6762 5687 7840 5643 7000 437  2730 893  4260 1267 7950 1661 5364 1939 9252 2155 594  2363 1230 2567 1830 2827 350  3009 1780 4161 3196 5397 4660 6591 6148 7809 7564 9105 8996 4249 7134 4411 7608 4577 712  633  1592 2103 2536 4981 9246 5219 60   5771 1818 6341 4338 6847 7212 7361 42   7849 1878 8345 4254 8891 6904 9407 7818 9979 8696 347  9530 1009 692  1723 3044 2521 5812 3329 8828 4133 562  4999 1882 5851 3314 6737 4846 7639 6514 8581 8114 9437 9874 
8640 2233 4212 4585 1056 6923 3762 8827 5742 845  7866 8107 3640 6831 2240 671  630  1081 6180 1457 9810 1841 6948 2047 378  2215 966  2483 1566 2653 2214 2921 1204 3597 2540 4893 3980 6099 5380 7317 6940 8559 8236 9681 9844 4333 7464 4511 7986 4645 1166 1347 2110 2973 3032 5063 9510 5509 774  6041 3084 6583 5706 7135 8628 7619 834  8083 3054 8587 5622 9121 7386 9701 8282 71   9118 659  9970 1373 1828 2129 4388 2903 7292 3727 62   4583 1214 5443 2594 6301 4126 7207 5666 8111 7318 9011 9014 9887 
9163 6240 3451 1728 5719 3900 7973 2970 637  6816 3125 8874 9559 8120 8073 1960 871  4350 1271 8010 1673 450  1943 9468 2165 696  2335 1254 2545 1914 2785 2478 2995 1876 4209 3212 5451 4676 6603 6140 7833 7580 9129 8980 507  1648 4415 7602 4579 8106 4727 1598 2127 2534 3849 3512 5249 72   5773 1854 6347 4404 6859 7218 7363 30   7859 1902 8347 4314 8885 6886 9445 7842 9983 8702 349  9538 1013 716  1733 3076 2531 5836 3331 8852 4139 566  5003 1894 5857 3326 6761 4874 7643 6518 8597 8146 9439 9886 
9360 2387 7800 4669 8910 7021 8550 9191 7040 2527 7884 5725 9804 221  3080 9477 3220 1111 6370 1501 240  1843 7092 2051 384  2245 984  2491 1608 2669 2226 2923 2958 3091 2620 4899 4012 6015 5404 7347 6850 8589 8284 9699 9850 2061 5296 4531 8022 4661 8328 4819 2114 2991 3034 4749 3928 5513 804  6049 3114 6587 5748 7141 8724 7627 894  8105 3126 8593 5646 9131 7414 9703 8286 73   9138 661  9992 1381 1844 2131 4412 2909 7324 3733 74   4591 1226 5449 2602 6311 4138 7211 5674 8117 7342 9013 9026 9901 
5929 6120 3619 3120 5831 4950 8029 4590 9947 8840 5243 8964 8725 2256 481  1540 2223 5180 2277 9380 1679 1100 1957 9522 2171 714  2369 1290 2569 1992 2813 2538 3005 3198 3173 3232 5505 4708 6645 6164 7869 7612 9159 8950 531  1712 3951 9488 4589 8130 4739 8466 4849 2542 3867 3514 5223 4298 5777 1884 6349 4476 6865 7284 7367 54   7855 1986 8351 4362 8899 6906 9451 7864 9985 8706 353  9542 1019 722  1741 3092 2539 5884 3343 8884 4153 586  5009 1906 5861 3334 6763 4882 7649 6542 8599 8158 9461 9902 
7200 2639 9120 4697 1440 7049 8700 9317 6630 2597 4050 7399 9864 125  5232 689  3500 8019 6580 3393 3440 3549 8300 2059 270  2263 870  2489 1590 2681 2322 2929 2886 3097 3390 3281 4018 6123 5396 7329 6950 8601 8308 9717 9884 2097 5392 5931 266  4667 8376 4829 8790 4913 3058 4791 3934 5469 4438 6059 3156 6589 5766 7145 8766 7631 906  8119 3138 8603 5682 9143 7390 9687 8302 79   9142 673  9994 1399 1852 2137 4418 2917 7388 3739 82   4597 1234 5471 2606 6317 4162 7213 5686 8123 7346 9029 9034 9907 
8281 5280 3689 3240 5957 5100 8099 3720 539  8970 5341 8000 8993 2544 413  2430 899  4550 2673 9310 4329 1280 5439 2090 2173 570  2419 1272 2573 1938 2815 2562 3013 3210 3193 3930 3401 4756 6657 6176 7881 7588 9141 9028 603  1744 3987 9584 8271 730  4741 8472 4859 8862 4997 3526 5241 4310 5667 4634 6371 4518 6881 7356 7373 66   7861 2022 8357 4398 8903 6910 9411 7870 9987 8728 359  9544 1021 724  1747 3148 2543 5924 3347 8948 4157 614  5011 1934 5867 3338 6779 4894 7669 6598 8609 8182 9463 9914 
7920 2737 8580 4879 1800 7189 8800 9373 7080 2989 6800 9009 3040 161  1650 679  2850 1133 6650 3627 3760 3717 8450 6867 3410 2279 930  2497 1704 2701 2262 2935 2982 3107 3576 3287 4242 3503 5420 7359 6980 8607 8350 9723 9922 2151 5552 5949 290  69   1178 4777 8646 4915 9102 5065 3938 5493 4454 5961 4856 6593 5844 7147 8796 7633 942  8129 3246 8605 5718 9149 7426 9707 8290 83   9146 677  64   1409 1868 2141 4436 2927 7442 3761 86   4603 1238 5477 2614 6323 4166 7219 5702 8147 7354 9041 9038 9923 
1547 5940 3857 2640 6097 5220 8113 4440 833  9480 5537 9280 2079 3800 427  2460 889  4380 1313 8470 4437 1300 5589 2120 8001 4810 2407 1302 2581 1974 2831 2568 3029 3270 3199 3942 3385 4578 3641 6220 7887 7636 9219 9050 549  1808 4041 9616 8361 742  669  1606 4855 9006 5017 9336 5245 4318 5703 4642 6159 4994 6887 7362 7379 78   7871 2082 8359 4434 8909 6918 9427 7874 9989 8718 367  9554 1031 764  1753 3188 2549 5932 3359 8956 4159 622  5021 1942 5869 3386 6781 4918 7673 6602 8623 8186 9467 9934 
9900 2821 9180 4823 1980 7259 9540 9331 7320 2891 7500 7693 2600 3927 4940 707  3180 1099 6390 1469 4240 3843 8900 6903 3560 9513 6290 2501 1674 2705 2328 2933 2910 3101 3618 3293 4266 3505 4794 3763 6956 8565 8404 9789 9898 2169 5584 6057 296  87   1192 1371 2134 4927 9174 5069 9528 5515 4456 5979 4858 6393 5162 7153 8838 7637 978  8131 3282 8611 5802 9155 7422 9713 8312 89   9154 683  12   1423 1916 2143 4468 2939 7444 3767 94   4621 1262 5479 2638 6329 4174 7229 5714 8161 7382 9043 9046 9929 
1729 6600 3731 4080 6251 5580 8239 4920 847  9690 5819 9920 8379 4600 6699 6460 913  4650 1273 8220 1687 1700 5841 1610 8217 4930 3321 7490 2587 1998 2839 2616 3017 3288 3205 4002 3409 4584 3647 5352 3859 7648 9195 9052 639  2032 4107 9712 8427 776  681  1630 2157 2546 5029 9330 5251 84   5809 4646 6189 5002 6663 5338 7387 102  7891 2094 8371 4458 8915 6946 9449 7882 9991 8734 373  9582 1033 772  1759 3236 2551 5948 3361 8972 4177 626  5023 1954 5879 3394 6791 4934 7681 6614 8627 8198 9473 9938 
6480 3059 9720 4921 2340 7429 1080 9401 7410 3283 7600 6237 3200 4389 5920 5313 7520 1121 6420 1477 810  1883 9700 7011 3290 9603 6520 1089 8510 2723 2370 2941 3030 3103 3624 3295 4278 3521 4806 3755 5538 3979 8416 9705 9916 2259 5648 6093 310  111  1208 1383 2146 3027 3064 5071 9534 5533 846  6065 4886 6411 5174 6891 5570 7651 1002 8135 3342 8615 5826 9167 7430 9727 8326 97   9158 691  18   1427 1922 2153 4492 2953 7468 3769 106  4637 1282 5483 2642 6337 4178 7237 5722 8167 7394 9049 9094 9931 
1001 8160 3773 5520 6083 5850 8323 4290 1127 9570 6223 6400 2457 4640 5187 6560 8547 8600 1331 8340 1691 2300 5607 2210 8349 4970 3483 7552 561  9490 2863 2622 3031 3294 3215 4008 3415 4602 3661 5358 3865 5874 4063 9056 657  2096 4113 9808 8433 754  687  1634 2181 2570 3873 3530 5263 90   5789 1926 6383 5014 6711 5362 7143 5816 7895 2118 8383 4506 8917 6974 9469 7898 9993 8738 379  9562 1039 788  1777 3244 2557 5956 3371 8978 4201 634  5039 1966 5881 3398 6793 4946 7687 6626 8629 8222 9479 9946 
4320 2717 3600 5117 2400 7469 1560 9443 7480 3479 9200 4851 3400 4347 4840 6783 7540 9471 9620 1507 3750 1853 440  6909 3770 9729 6490 1521 8584 1173 1984 2947 3048 3113 3666 3305 4296 3545 4818 3785 5562 3983 6312 4171 9932 2313 5744 6147 322  93   1222 1389 2152 3039 3070 4803 3962 5539 852  6071 3174 6595 5176 6927 5614 7401 5986 8137 3378 8617 5862 9169 7432 9731 8338 101  9178 701  20   1429 1948 2161 4516 2957 7484 3779 118  4639 1286 5501 2654 6343 4198 7243 5758 8171 7402 9059 9098 9941 
1309 8280 3553 6000 6149 5700 8393 5160 931  9750 5887 10000 3003 4960 6279 6820 8883 8740 1071 1040 1711 1900 5661 2360 8253 5080 3807 7546 465  9416 1809 380  3043 3306 3223 4074 3419 4632 3649 5334 3869 5886 4087 6648 4267 2192 4149 9872 8469 782  699  1670 2199 2626 3891 3538 5255 96   5803 1956 6377 4548 6893 5384 7149 5822 7773 6152 8399 4542 8921 6978 9481 7906 9995 8744 383  9606 1049 796  1783 3284 2579 5972 3373 9004 4211 662  5051 1982 5897 3418 6803 4954 7691 6638 8641 8254 9491 9974 
4680 2849 8100 4991 2700 7511 1920 9499 7830 3577 9680 5733 3680 4641 5500 7917 7820 5103 9760 1953 4880 4221 520  7029 3880 9633 6622 9495 8602 1185 2624 2397 1150 3127 3738 3317 4326 3523 4890 3781 5592 3985 6258 4181 6870 4343 5872 6219 328  129  1246 1401 2158 3057 3074 4821 3982 5543 876  6077 3222 6605 5892 7157 5626 7419 5990 8049 6310 8621 5898 9179 7474 9745 8342 103  9186 709  28   1433 1964 2179 4604 2963 7492 3793 122  4643 1294 5503 2722 6353 4222 7247 5774 8179 7418 9067 9122 9949 
1463 7020 4081 4560 6293 6900 8449 5130 1183 9960 6137 1760 3213 4180 6993 6880 9261 9020 1449 1520 2709 2420 6003 1750 8307 5110 4293 7592 435  9592 1833 392  3021 1850 3233 4110 3421 4530 3653 5370 3883 5934 4097 6666 4291 7170 4417 9904 8523 790  717  1688 2217 2630 3903 3544 5257 108  5815 1962 6385 4596 6901 7404 7391 5842 7779 6154 8247 6530 8927 6986 9487 7914 9997 8754 389  9608 1051 844  1787 3292 2591 5996 3389 9068 4217 674  5059 1994 5903 3442 6823 5006 7699 6646 8647 8258 9497 9986 
5400 3157 2880 5083 3300 7553 1320 9503 7590 3871 960  7987 2200 5481 5060 8463 8140 819  9860 2331 4720 4263 640  7047 3430 9657 6680 2601 8632 1239 2752 2355 1196 3633 2596 3337 4344 3551 4902 3787 5658 3991 6330 4183 6882 4351 7458 4529 344  123  1256 1437 2162 3063 3082 4827 3970 5549 948  6085 3228 6611 5958 7165 8868 7655 6008 8061 6322 8553 6754 9123 7486 9755 8362 107  9190 719  32   1439 1996 2203 4612 2969 7508 3797 134  4649 1306 5507 2734 6359 4226 7253 5794 8191 7438 9091 9134 9967 
1771 6840 3913 6960 6307 6660 8533 5640 1421 9880 6413 900  9359 3740 7749 7400 9177 9350 1701 1840 2793 3100 6027 2440 8487 5170 4779 7630 621  9512 1749 364  2955 1888 4179 3260 3427 4674 3665 5394 3893 5910 4103 6690 4279 7230 4427 7626 4595 806  723  1702 2229 2648 3909 3562 5259 4328 5833 2004 6395 4626 6905 7428 7397 114  7897 6170 8259 6538 8817 6994 9489 7918 9    8758 397  9622 1061 892  1789 3308 2593 6044 3391 9076 4219 694  5077 2018 5923 3446 6827 5042 7703 6658 8663 8266 9511 9998 
5760 2431 4800 5159 3420 7567 2040 9709 8040 3703 4160 8183 600  203  5980 7161 8200 1197 5120 2499 5000 4473 680  7119 4030 9747 6670 3249 8690 1209 3008 2403 1274 3657 2656 4917 4028 3563 5064 3791 5694 3997 6438 4187 6942 4367 7482 4535 8034 4685 1258 1461 2168 3093 3110 4839 3992 5541 4462 6103 3252 6613 5988 7169 8916 7661 1038 8141 6346 8571 6758 9147 7496 9753 8366 109  9202 727  44   1447 2012 2207 4652 2971 7516 3803 142  4651 1318 5519 2746 6361 4258 7283 5806 8209 7454 9103 9166 9973 
2093 9000 4123 7680 6391 7380 8671 5610 1519 9990 6419 360  9251 1020 451  6500 9933 9400 1617 2000 2961 2900 6039 2470 8631 5240 4941 7640 651  9560 1869 460  3051 1892 4215 3268 5457 4768 3667 5430 3899 5970 4109 6726 4285 7242 4435 7638 4601 8142 4735 1738 2253 2662 3921 3586 5267 4330 5721 4654 6401 4734 6913 7542 7403 138  7903 2154 8401 6554 8859 7006 9493 7922 25   8762 401  9638 1063 908  1801 3316 2609 6092 3407 9092 4229 698  5081 2026 5927 3466 6829 5062 7717 6662 8669 8278 9521 4    
3960 3367 2160 5291 3060 7579 3780 3211 8250 4067 3520 8303 840  247  3570 703  8060 693  1600 2541 5360 4557 760  7191 4040 9711 6784 4761 8710 1221 3392 2409 1180 3699 2668 4929 4064 6129 5428 3799 5730 4009 6402 4193 6954 4379 7506 4537 8046 4681 8346 4811 2198 3099 3112 4857 4010 5561 4490 5991 4870 6617 6036 7171 8982 7663 1074 8143 3414 8633 6766 9183 7498 9757 8374 113  9208 733  50   1451 2036 2213 4684 2999 7556 3821 146  4657 1322 5521 2762 6367 4262 7297 5818 8219 7466 9109 9182 1    
2261 9600 4147 7560 6479 8820 8723 9450 2873 720  6253 7700 9971 1890 473  4830 901  9440 1827 2480 3087 3380 6069 2530 8541 5270 5427 7670 627  9590 1887 490  3081 1940 4191 3296 5487 4780 6681 6244 3901 6018 4105 6744 4295 7194 4429 7710 4607 8178 4757 8478 4873 2666 3957 3590 5269 126  5891 4670 6207 5026 6931 7572 7405 174  7909 2202 8407 4566 8935 7016 9501 7928 49   8770 409  9642 1069 916  1811 3356 2617 6124 3413 9124 4231 706  5087 2038 5939 3482 6833 5078 7723 6686 8677 8306 9533 2    
