60   91   80   63   20   33   92   93   38   79   
77   90   7    40   21   50   51   14   59   82   
72   49   100  99   32   39   98   9    46   83   
35   36   11   70   27   68   57   22   61   86   
96   95   56   81   28   75   16   3    58   89   
55   24   13   88   45   52   69   26   67   94   
84   25   66   23   44   15   8    47   62   97   
65   42   17   30   31   76   87   34   71   4    
48   5    78   29   12   41   10   53   74   1    
85   54   19   64   37   18   43   6    73   2    
