120  119  80   63   88   45   68   57   22   71   94   
77   90   121  40   117  28   27   16   93   58   101  
60   49   100  99   64   75   76   51   26   73   106  
91   48   7    104  105  44   39   8    111  62   103  
72   85   54   17   32   15   92   87   34   79   118  
35   36   5    78   31   52   33   10   9    74   107  
96   95   42   19   102  41   98   69   38   83   4    
55   112  11   30   37   114  47   14   3    82   109  
84   115  56   23   110  43   12   59   46   89   2    
65   24   13   70   81   50   53   18   67   86   113  
108  25   66   29   20   21   116  61   6    97   1    
