144  85   112  135  88   105  32   39   124  9    74   113  
35   108  25   56   45   136  15   68   87   26   89   118  
72   95   36   11   128  75   28   57   16   3    82   127  
55   126  121  140  117  64   33   52   93   34   97   122  
84   115  24   13   70   27   50   51   8    71   6    131  
65   132  49   30   23   110  21   76   111  38   101  134  
96   125  54   17   78   37   44   69   10   73   86   137  
77   48   5    42   29   114  47   98   123  46   103  142  
120  133  66   19   102  41   12   61   14   79   94   139  
91   90   7    40   31   138  53   92   129  58   107  4    
60   143  100  99   130  43   18   67   22   83   106  1    
119  80   63   104  81   20   59   116  141  62   109  2    
