168  95   156  5    56   135  154  75   92   93   38   103  142  
55   108  145  24   17   152  45   32   33   8    3    94   139  
144  115  112  11   30   31   64   15   98   111  46   107  146  
35   132  155  42   19   102  47   44   39   10   79   6    149  
72   119  162  13   66   37   138  67   116  123  58   109  158  
65   48   25   54   23   110  53   50   51   14   83   106  151  
84   125  36   7    78   41   12   71   124  129  62   113  166  
85   126  121  100  29   114  59   52   57   22   89   118  157  
96   143  140  99   70   43   18   73   148  141  74   127  4    
77   90   169  40   153  130  61   68   69   26   97   122  163  
120  133  160  63   104  147  20   21   164  159  82   131  2    
91   150  49   88   105  136  81   76   87   34   101  134  167  
60   161  80   117  128  165  28   27   16   9    86   137  1    
