180  119  150  169  40   147  130  81   50   93   16   97   86   167  
77   60   161  80   63   110  171  20   33   116  177  34   131  146  
120  133  160  189  88   153  154  27   52   111  8    101  94   173  
91   90   187  100  117  128  195  28   57   124  183  38   137  158  
144  143  140  99   56   165  184  15   68   123  10   103  106  179  
175  96   121  196  135  136  45   32   39   148  9    46   139  166  
192  95   48   5    104  105  64   21   76   129  14   107  118  181  
35   108  155  36   17   152  75   44   69   164  3    58   149  178  
72   115  112  11   42   31   182  51   98   141  22   109  122  191  
55   126  185  24   19   78   43   190  87   172  79   62   151  194  
168  125  162  7    66   37   138  59   92   159  26   113  134  193  
65   132  25   54   23   102  47   174  67   188  83   74   157  4    
84   145  176  13   70   41   170  61   12   73   6    127  142  1    
85   156  49   30   29   114  53   186  71   18   89   82   163  2    
