180  119  150  217  36   5    42   19   78   43   222  73   58   139  194  
77   60   161  200  7    24   13   54   31   138  61   6    103  122  181  
120  133  160  189  100  11   30   23   102  47   12   79   62   149  202  
91   90   187  80   63   128  17   66   37   174  67   14   107  134  191  
216  143  210  221  40   117  154  29   114  53   18   83   74   151  206  
175  96   209  140  99   70   207  190  41   186  71   22   109  142  193  
144  95   204  121  196  153  130  33   68   59   188  9    82   157  214  
35   108  185  112  135  152  81   20   87   124  183  26   113  146  197  
192  115  198  25   56   165  182  51   76   129  212  3    86   163  218  
55   126  205  176  195  136  15   44   93   148  201  34   127  158  199  
168  125  224  225  88   45   28   39   92   141  16   89   94   167  4    
65   132  215  208  105  184  27   50   111  164  213  38   131  166  211  
72   145  48   49   104  75   32   57   98   159  8    97   106  173  2    
85   156  203  220  147  64   21   52   123  172  219  46   137  178  223  
84   155  162  169  110  171  170  69   116  177  10   101  118  179  1    
