240  133  150  217  220  63   110  21   32   129  212  47   138  131  122  223  
77   60   187  200  189  40   147  190  51   76   213  14   89   58   173  202  
180  143  210  247  100  231  130  27   44   141  236  61   174  137  134  227  
91   90   209  140  117  128  171  70   69   116  219  22   97   62   179  206  
120  161  160  99   196  165  184  33   50   159  242  59   186  139  142  229  
119  96   203  80   153  104  75   64   87   124  237  26   101  74   181  214  
216  85   198  49   208  105  232  15   52   177  244  67   222  149  146  233  
175  108  155  234  121  136  207  28   93   148  249  34   103  82   191  218  
144  95   126  235  36   7    170  39   68   183  16   71   246  151  158  239  
245  132  185  48   169  24   13   230  111  164  9    38   107  86   193  226  
192  115  204  253  256  11   30   19   92   201  8    73   12   157  166  241  
35   156  205  112  135  152  17   42   29   172  3    46   109  94   197  254  
72   125  224  225  56   255  248  23   54   37   10   79   18   163  178  251  
55   168  215  176  195  154  243  250  31   66   43   102  113  106  199  4    
252  145  228  25   88   45   238  57   98   41   78   83   6    167  194  1    
65   84   221  162  5    182  81   20   123  188  53   114  127  118  211  2    
