240  119  60   221  160  189  110  243  250  69   164  9    46   107  74   197  218  
77   120  161  150  49   220  117  70   27   52   177  16   71   222  157  146  251  
180  133  90   247  200  273  136  261  266  87   172  3    58   109  82   199  226  
91   270  187  280  99   100  147  190  33   68   183  8    73   246  163  158  257  
288  143  210  253  260  231  130  279  64   93   188  37   66   113  86   211  254  
175  72   209  140  153  40   171  230  21   76   201  10   79   258  167  166  263  
216  85   156  121  80   63   170  81   20   111  212  43   78   127  94   223  262  
245  96   185  276  169  88   207  232  39   92   213  14   83   282  173  178  269  
264  95   198  235  272  105  152  45   28   123  236  47   102  131  106  227  274  
35   108  203  48   5    104  255  248  15   98   219  22   89   12   179  194  271  
144  115  204  259  208  135  154  285  32   129  242  53   114  137  118  229  278  
275  84   205  162  289  56   195  238  57   116  237  26   97   18   181  202  277  
252  125  224  265  36   13   184  75   44   141  244  59   138  139  122  233  4    
55   126  215  112  11   24   7    286  51   124  249  34   101  6    191  206  281  
168  145  228  25   196  17   30   23   50   159  268  61   174  149  134  239  2    
65   132  217  176  225  128  19   42   31   148  267  38   103  62   193  214  283  
192  155  234  287  256  165  182  29   54   41   284  67   186  151  142  241  1    
