240  119  270  253  140  99   56   255  266  279  28   111  242  303  62   179  158  277  
77   300  187  210  121  208  165  182  153  250  39   98   201  10   131  12   229  254  
180  133  320  299  294  25   104  285  286  81   44   123  244  309  74   181  166  281  
91   120  203  150  169  162  17   154  171  290  51   124  213  14   137  18   233  262  
288  143  60   259  306  5    24   29   70   27   50   129  268  321  82   191  178  283  
175  324  209  160  49   272  13   42   43   310  57   148  219  22   139  6    239  274  
216  95   126  319  260  231  128  31   66   61   52   141  284  9    86   193  194  293  
245  192  185  224  297  304  315  184  47   102  73   164  237  26   149  106  241  278  
264  115  156  235  112  225  88   45   238  67   138  89   292  3    94   197  202  307  
35   72   205  234  295  196  195  232  207  64   79   174  101  34   151  118  251  298  
312  125  198  265  308  135  136  75   296  15   68   97   186  107  246  199  206  311  
275  84   215  276  305  256  105  248  243  322  87   172  103  222  157  122  257  302  
252  145  204  287  48   7    152  147  190  33   76   159  316  109  258  211  214  313  
55   96   217  200  289  36   23   130  261  20   69   188  249  38   163  134  263  314  
168  155  228  301  80   11   30   37   230  21   116  177  16   113  282  223  218  317  
65   108  221  220  189  100  19   54   53   32   93   212  267  46   167  142  269  4    
144  161  90   323  176  273  110  41   78   71   92   183  8    127  318  227  226  1    
85   132  247  280  117  40   63   170  59   114  83   236  291  58   173  146  271  2    
