360  133  330  247  280  297  100  357  110  21   64   183  236  53   222  149  106  251  298  
77   300  203  150  323  350  153  40   147  190  93   92   309  356  101  34   197  202  311  
240  143  320  259  260  99   196  171  130  27   20   201  242  59   246  151  118  257  302  
91   120  209  160  189  208  225  154  207  70   111  98   321  16   103  38   199  206  313  
180  161  60   287  340  63   256  195  238  33   28   213  244  67   258  157  122  263  314  
119  270  217  200  231  272  105  152  243  230  123  116  327  8    107  46   211  214  317  
288  187  90   299  80   273  88   345  266  39   32   219  268  61   282  163  134  269  326  
175  312  253  210  341  304  135  182  261  250  129  124  339  10   109  58   223  218  331  
216  35   108  319  140  117  56   285  286  51   44   237  284  73   318  167  142  271  334  
245  324  155  204  121  112  165  184  279  290  141  148  9    14   113  62   227  226  337  
264  85   126  235  294  355  104  45   296  57   50   249  292  71   354  173  146  277  346  
325  192  185  228  305  308  255  232  81   310  159  164  3    22   127  74   229  254  347  
336  95   132  265  306  25   128  75   322  87   52   267  316  83   12   179  158  281  358  
275  72   205  234  329  48   289  248  333  328  15   172  41   138  131  82   233  262  349  
252  115  156  295  342  49   36   7    170  69   68   291  332  79   18   181  166  283  4    
55   84   215  276  335  162  361  30   19   344  177  188  43   174  137  86   239  274  353  
168  125  198  301  348  169  24   11   54   23   76   303  338  89   6    191  178  293  2    
65   96   221  220  343  176  5    42   17   78   31   212  47   186  139  94   241  278  359  
144  145  224  351  352  315  136  13   66   29   102  37   114  97   26   193  194  307  1    
