336  95   156  235  342  355  162  361  24   13   66   37   186  71   12   113  46   229  218  349  
275  144  185  228  305  372  395  36   7    30   23   114  53   282  97   16   173  134  281  334  
252  115  198  259  348  365  208  5    54   17   78   41   222  73   18   127  58   233  226  353  
325  324  203  270  341  48   25   196  11   42   29   138  59   318  101  388  179  142  283  346  
288  91   240  287  90   121  272  165  182  19   102  43   246  79   244  131  62   239  254  359  
385  192  187  390  343  200  231  128  375  286  31   174  61   354  103  6    181  146  293  358  
216  119  180  301  330  169  380  63   232  387  322  47   258  83   268  137  74   241  262  367  
175  72   209  400  371  220  273  40   207  190  39   20   67   366  107  8    191  158  307  362  
396  125  204  299  150  289  80   147  130  363  328  129  76   89   284  139  82   251  274  373  
245  96   205  294  377  140  117  88   261  230  51   28   201  164  339  10   193  166  311  382  
264  133  234  265  352  351  350  171  70   81   344  123  92   291  292  149  86   257  278  379  
35   108  215  306  335  112  153  56   279  250  57   32   213  172  381  14   197  178  313  386  
312  145  224  295  364  135  368  255  154  27   370  141  98   303  316  151  94   263  298  383  
55   84   221  308  225  176  315  152  45   266  69   44   219  188  393  22   199  194  317  394  
168  143  300  323  392  195  256  345  238  15   374  159  116  309  332  157  106  269  302  389  
65   126  247  210  391  304  105  136  75   296  87   50   237  212  9    26   211  202  331  398  
378  155  276  319  280  99   104  285  248  21   376  177  124  321  338  163  118  271  314  397  
85   132  217  320  297  260  357  184  333  290  93   52   249  236  3    34   223  206  337  4    
384  161  120  329  160  189  100  243  170  33   64   183  148  327  356  167  122  277  326  1    
77   360  253  60   49   340  399  110  369  310  111  68   267  242  109  38   227  214  347  2    
