420  187  210  247  90   377  350  99   70   261  250  21   430  201  188  83   402  197  122  317  334  
143  180  209  280  341  315  437  100  171  170  387  310  111  68   321  338  149  38   263  218  389  
360  119  270  299  140  403  392  153  110  279  266  33   434  213  212  97   426  199  134  331  346  
77   300  203  440  351  308  405  196  207  190  423  370  123  76   327  356  151  46   269  226  397  
240  133  330  259  160  117  112  135  128  333  286  51   64   219  236  101  438  211  142  337  358  
91   120  217  400  441  340  429  256  195  184  435  376  93   92   339  388  157  58   271  254  401  
432  161  390  287  200  231  80   399  136  285  296  15   28   237  242  103  12   223  146  347  362  
385  384  253  320  189  380  357  40   147  232  45   374  129  98   381  404  163  62   277  262  409  
288  35   72   301  220  273  176  63   130  363  322  39   20   249  244  107  18   227  158  349  382  
175  264  155  198  343  352  225  88   243  230  81   406  141  116  393  412  167  74   281  274  419  
396  65   84   265  276  395  208  255  152  369  290  57   32   267  268  109  6    229  166  353  386  
245  408  185  204  335  348  25   56   345  238  27   410  159  124  411  428  173  82   283  278  421  
216  95   96   295  294  407  48   289  154  375  328  69   44   291  284  113  10   233  178  359  394  
275  378  205  224  355  364  121  36   13   248  75   418  177  148  417  436  179  86   293  298  431  
336  85   108  305  306  415  162  361  30   23   344  87   50   303  292  127  14   239  194  367  398  
325  144  215  228  365  372  49   24   7    66   41   424  183  164  9    16   181  94   307  302  433  
252  115  126  319  342  413  272  5    54   29   138  59   52   309  316  131  22   241  202  373  422  
425  324  221  60   371  414  169  42   17   114  43   222  67   172  3    8    191  106  311  314  439  
168  125  132  323  150  427  304  11   78   31   174  53   258  73   332  137  26   251  206  379  4    
55   192  235  234  391  416  105  104  19   102  47   246  71   318  89   366  193  118  313  326  1    
312  145  156  329  260  297  368  165  182  37   186  61   282  79   354  139  34   257  214  383  2    
