336  85   108  253  210  451  260  231  40   99   190  363  430  93   188  339  10   167  6    283  278  431  
275  384  161  180  341  60   49   208  459  70   207  310  27   52   219  338  3    74   229  166  359  394  
432  77   360  259  390  413  340  399  88   117  250  369  442  123  212  381  14   173  82   293  298  433  
385  408  203  300  343  90   481  272  315  184  147  370  33   68   237  356  109  282  233  178  367  398  
288  91   480  287  330  427  380  483  104  435  286  387  470  129  236  393  22   179  86   307  302  439  
455  456  187  450  371  150  121  304  105  248  171  374  39   76   249  388  113  318  239  194  373  422  
396  115  126  299  440  469  414  25   128  45   296  423  472  141  242  411  26   181  94   311  314  443  
175  144  185  228  377  160  169  162  11   182  243  406  51   92   267  404  127  354  241  202  379  446  
468  95   132  265  308  351  350  361  24   23   290  477  64   159  244  417  34   191  106  313  326  449  
245  324  205  276  335  392  429  368  13   42   41   376  57   98   291  412  131  366  251  206  383  454  
216  119  156  295  348  395  476  165  56   29   66   59   20   177  268  447  38   193  118  317  334  457  
325  192  209  294  355  364  225  464  285  238  43   102  71   116  303  428  137  402  257  214  389  458  
252  125  204  305  352  405  112  195  136  465  322  61   138  83   284  453  46   197  122  331  346  461  
425  462  215  306  365  416  135  196  345  232  279  410  73   174  97   436  139  426  263  218  397  466  
168  145  198  301  372  415  176  255  152  75   328  81   28   89   186  103  246  199  134  337  358  463  
475  448  221  120  391  444  445  256  375  266  261  418  69   124  101  222  149  438  269  226  401  478  
264  155  224  319  280  473  48   5    154  153  230  21   32   183  292  107  258  211  142  347  362  467  
35   72   235  342  403  140  289  36   17   130  333  424  87   148  309  452  151  474  271  254  409  482  
312  133  234  329  400  297  460  7    30   31   344  15   44   201  316  471  58   223  146  349  382  479  
55   96   217  270  407  200  189  100  19   54   47   434  111  164  321  16   157  12   277  262  419  4    
378  143  240  323  320  441  80   357  110  37   78   67   50   213  332  9    62   227  158  353  386  1    
65   84   247  420  437  220  273  484  63   170  53   114  79   172  327  8    163  18   281  274  421  2    
