420  187  210  319  520  189  380  429  490  99   70   279  344  69   32   309  316  131  498  257  178  397  422  
143  180  221  400  441  220  357  80   513  40   117  170  507  470  183  164  471  508  193  82   331  302  463  
360  133  270  259  160  273  460  459  464  63   110  333  374  87   44   321  332  137  12   263  194  401  446  
77   300  217  390  343  340  231  208  525  88   147  190  21   442  201  172  489  524  197  86   337  314  467  
480  161  330  287  60   413  416  495  496  375  184  363  370  93   50   327  338  139  18   269  202  409  454  
91   450  247  440  371  260  399  272  105  104  153  230  27   472  213  188  501  16   199  94   347  326  479  
240  203  408  301  90   427  500  483  512  435  248  369  376  111  52   339  356  149  6    271  206  419  458  
119  120  253  510  377  306  481  176  255  128  171  250  33   488  219  212  519  8    211  106  349  334  487  
432  209  280  341  140  437  372  511  256  465  232  387  406  123  68   381  388  151  22   277  214  421  466  
385  216  299  320  297  350  493  516  169  136  207  290  39   506  237  236  9    10   223  118  353  346  491  
288  475  144  323  200  351  392  515  36   5    238  423  410  129  76   393  404  157  26   281  218  431  478  
455  264  125  96   391  308  225  112  289  42   23   296  51   494  249  242  3    14   227  122  359  358  499  
528  35   456  235  224  405  364  165  196  11   78   41   418  141  92   411  412  163  34   283  226  433  482  
175  312  145  108  355  352  135  304  345  152  29   114  59   518  267  244  107  366  229  134  367  362  503  
396  85   324  265  204  415  476  195  484  45   266  43   186  71   98   417  436  167  38   293  254  439  502  
245  384  155  126  365  294  485  368  285  154  243  310  61   246  83   268  103  402  233  142  373  382  509  
468  55   192  295  228  445  414  527  56   75   286  477  430  73   258  97   318  173  46   307  262  443  514  
275  168  185  132  395  342  497  522  361  182  261  322  57   64   89   282  109  426  239  146  379  386  521  
504  65   448  305  234  451  444  25   24   17   130  81   424  177  116  101  354  179  58   311  274  449  526  
325  378  205  156  407  315  517  48   529  54   31   328  15   28   291  284  113  438  241  158  383  394  523  
336  95   72   329  150  473  486  49   100  13   102  47   434  159  124  447  428  181  62   313  278  457  4    
425  462  215  198  403  348  505  162  7    66   37   174  67   20   303  292  127  474  251  166  389  398  1    
252  115  84   335  276  469  492  121  30   19   138  53   222  79   148  453  452  191  74   317  298  461  2    
