560  429  476  195  152  425  252  145  408  259  270  377  90   497  492  361  174  83   412  211  106  353  346  499  
297  140  243  464  455  432  95   312  205  144  323  210  437  306  551  24   31   426  149  14   277  214  431  478  
280  513  490  507  184  539  468  133  552  265  72   391  150  511  516  529  222  89   428  223  118  359  358  503  
351  308  261  496  555  328  77   360  209  546  335  126  451  342  553  30   41   438  151  22   281  218  433  482  
440  117  532  255  154  575  216  161  540  319  84   395  204  505  522  7    186  97   436  227  122  367  362  509  
567  340  279  512  465  344  91   480  217  300  341  156  445  294  559  54   37   474  157  26   283  226  439  502  
520  483  544  525  232  15   374  203  240  287  390  407  228  515  558  5    246  101  452  229  134  373  382  521  
441  352  315  256  45   322  87   250  221  450  329  510  469  348  565  42   43   498  163  34   293  254  443  514  
400  63   572  105  248  33   130  123  430  299  330  403  198  527  564  11   282  103  508  233  142  379  386  523  
189  380  333  484  75   376  21   290  183  472  343  570  481  414  25   78   53   534  167  38   307  262  449  526  
320  561  80   531  182  51   190  129  434  237  530  413  276  517  48   17   258  107  524  239  146  383  394  541  
231  416  363  100  81   70   69   310  201  494  303  20   473  372  49   66   47   12   173  46   311  274  457  538  
160  99   112  549  40   39   170  141  442  249  568  339  68   533  162  13   318  109  548  241  158  389  398  547  
273  460  369  196  27   110  93   370  213  506  309  32   417  124  121  102  59   18   179  58   313  278  461  542  
200  147  176  285  238  57   230  159  470  267  574  381  76   489  188  19   366  113  556  251  166  397  422  557  
357  500  387  56   275  406  111  410  219  518  321  44   447  148  537  244  67   332  181  62   317  298  463  554  
220  153  208  345  266  55   424  177  488  291  64   393  92   501  212  9    292  127  16   257  178  401  446  563  
399  550  423  88   325  504  115  418  215  536  327  50   453  164  543  268  61   338  191  74   331  302  467  562  
260  171  272  375  296  65   396  155  456  295  28   411  98   519  236  3    316  131  6    263  194  409  454  569  
459  350  477  104  175  528  119  384  235  324  355  52   471  172  573  284  73   356  193  82   337  314  479  566  
448  207  304  385  576  35   264  185  462  305  96   415  116  535  242  23   354  137  8    269  202  419  458  571  
495  364  135  128  245  288  125  378  247  192  365  132  485  444  169  114  71   388  197  86   347  326  487  4    
224  225  368  435  286  85   168  187  180  301  108  427  234  545  36   29   402  139  10   271  206  421  466  1    
405  392  165  136  475  336  143  420  253  120  371  60   493  486  289  138  79   404  199  94   349  334  491  2    
