360  133  120  247  280  351  308  585  112  165  56   45   322  549  506  177  98   453  428  179  14   317  218  467  502  
539  240  209  560  297  140  459  532  225  512  375  238  333  410  57   64   309  268  597  16   251  118  401  362  569  
480  143  420  299  400  429  350  561  208  255  128  75   328  603  518  183  116  471  436  181  22   331  226  479  514  
77   180  221  210  341  160  513  460  231  592  435  248  363  424  69   20   321  284  9    8    257  122  409  382  571  
540  161  270  319  570  427  340  441  620  483  136  171  250  81   530  201  124  489  452  191  26   337  254  487  526  
91   300  217  510  343  90   511  500  273  100  99   70   369  418  87   28   327  292  3    10   263  134  419  386  577  
600  187  390  259  330  437  348  553  80   609  130  153  290  21   536  213  148  501  508  193  34   347  262  491  538  
119  450  253  520  371  150  517  444  581  256  147  190  387  442  93   32   339  316  131  474  269  142  421  394  587  
576  203  408  287  440  469  372  551  516  25   152  207  310  27   568  219  164  519  548  197  38   349  274  499  542  
385  468  95   324  377  200  533  486  589  564  529  170  423  430  111  44   381  332  139  498  271  146  431  398  593  
432  475  378  235  126  451  315  559  522  121  36   19   344  33   574  237  172  537  524  199  46   353  278  503  554  
455  612  115  192  355  228  527  490  611  48   5    42   37   434  129  50   393  338  137  534  277  158  433  422  599  
528  575  456  265  156  415  352  117  176  169  24   17   78   53   584  249  188  543  556  211  58   359  298  509  562  
595  216  125  448  365  276  505  544  525  484  7    54   41   138  71   52   411  356  149  582  281  166  439  446  601  
624  605  546  295  198  445  364  495  272  195  184  29   102  59   186  83   212  573  578  223  62   367  302  521  566  
175  312  145  72   391  294  515  608  105  88   465  266  43   174  73   246  101  388  151  606  283  178  443  454  607  
288  625  462  305  224  473  392  405  304  345  154  243  370  61   222  89   282  109  402  227  74   373  314  523  586  
245  264  155  84   395  306  535  572  135  196  555  286  477  470  79   258  103  354  157  618  293  194  449  458  613  
396  35   552  323  234  485  414  565  368  285  182  261  374  39   590  97   318  113  426  229  82   379  326  541  614  
325  384  185  96   407  342  545  492  623  104  615  296  507  472  123  68   107  366  163  12   307  202  457  466  617  
504  55   144  301  320  481  476  583  558  289  232  279  376  15   598  267  236  127  438  233  86   383  334  547  622  
275  588  205  108  403  220  621  580  49   162  11   230  531  488  141  76   417  404  167  18   311  206  461  478  619  
336  65   594  329  60   493  380  189  464  361  30   31   406  51   602  291  242  579  596  239  94   389  346  557  4    
425  168  215  132  413  260  567  550  399  40   13   66   47   494  159  92   447  412  173  6    313  214  463  482  1    
252  85   616  335  204  497  416  357  496  63   110  23   114  67   610  303  244  591  604  241  106  397  358  563  2    
