560  429  490  363  676  665  624  125  264  265  324  395  198  545  666  11   402  107  116  573  556  277  134  439  394  607  
297  140  99   272  385  576  625  252  205  462  335  108  485  348  671  114  59   64   393  316  199  26   359  262  521  542  
280  513  544  525  104  175  648  143  378  295  192  415  204  565  48   13   426  109  124  579  578  281  142  443  398  613  
351  308  135  176  435  248  35   612  209  546  355  126  505  414  25   138  61   12   167  332  211  34   367  274  523  554  
440  621  532  195  56   275  288  133  600  323  72   437  234  581  162  17   438  113  148  591  596  283  146  449  422  617  
567  260  153  304  465  266  55   468  253  630  377  210  517  444  667  186  67   18   173  338  223  38   373  278  541  562  
520  483  550  369  88   425  504  145  384  299  120  451  150  583  36   19   474  127  164  597  604  293  158  457  446  619  
441  340  147  368  455  432  65   588  215  594  391  570  527  486  49   174  71   20   411  356  227  46   379  298  547  566  
640  609  572  105  128  245  396  155  408  301  270  473  228  611  24   23   498  131  172  633  628  307  166  461  454  631  
189  352  315  464  555  286  85   168  235  552  403  510  533  516  121  222  73   28   417  388  229  58   383  302  557  586  
400  651  608  255  152  575  672  185  456  305  84   481  276  589  30   29   534  137  188  669  652  311  178  463  458  641  
231  380  207  496  595  528  95   216  221  144  365  132  515  492  169  246  79   32   447  404  233  62   389  314  563  614  
320  561  580  387  184  475  336  187  420  341  96   445  294  629  42   31   582  139  212  9    668  313  194  467  466  643  
273  460  171  512  615  296  115  312  319  180  407  156  535  522  289  258  83   44   453  412  239  74   397  326  569  622  
160  627  620  423  136  603  376  161  240  329  390  493  342  623  54   37   606  149  236  3    16   317  202  479  478  647  
357  416  243  592  645  322  81   170  247  300  413  60   553  558  361  282  89   50   471  428  241  82   401  334  571  626  
200  63   650  477  154  639  70   33   290  343  330  497  306  635  66   41   618  151  242  179  6    331  206  487  482  653  
399  500  261  656  45   328  27   190  69   430  427  90   551  564  529  318  97   52   489  436  251  86   409  346  577  634  
220  663  644  375  182  605  406  39   310  111  472  511  372  649  78   43   642  157  244  181  8    337  214  491  502  659  
459  350  279  196  75   344  15   424  57   434  129  530  559  636  5    354  101  68   501  452  257  94   419  358  587  662  
616  117  80   507  232  637  418  51   370  123  488  177  568  655  102  47   654  163  268  191  10   347  218  499  514  661  
585  392  333  100  539  360  91   230  87   442  141  518  201  598  7    366  103  76   519  508  263  106  421  362  593  674  
448  405  112  531  40   77   480  203  410  93   494  183  574  249  632  53   664  339  284  193  14   349  226  503  526  673  
495  364  165  256  549  130  119  540  259  470  159  536  219  602  291  646  321  92   537  524  269  118  431  382  599  4    
224  225  208  345  238  657  110  217  660  371  506  213  590  267  638  309  670  381  292  197  22   353  254  509  538  1    
675  476  285  484  325  374  21   250  287  450  469  584  237  610  303  658  327  98   543  548  271  122  433  386  601  2    
