720  143  420  319  280  351  140  513  490  627  496  555  238  477  418  111  638  381  124  687  436  229  34   389  278  569  566  
539  240  221  560  297  400  429  350  621  580  663  88   243  230  27   536  237  28   537  292  157  652  311  146  467  446  647  
360  161  120  323  520  693  200  561  500  483  512  615  248  507  424  123  646  393  148  699  452  233  38   397  298  571  586  
637  180  247  700  459  320  441  380  357  620  729  104  147  250  33   518  249  32   543  316  163  668  313  158  479  454  653  
480  187  630  341  640  567  220  273  550  609  592  645  286  531  430  141  670  411  164  717  508  239  46   401  302  577  614  
77   288  253  210  391  160  189  460  399  650  63   128  261  310  39   568  267  44   573  332  167  692  317  166  487  458  659  
540  203  270  377  570  413  260  231  544  651  656  705  266  549  434  129  658  417  172  723  524  241  58   409  314  587  622  
91   300  259  440  371  60   493  416  315  272  195  136  279  290  51   574  291  50   579  338  173  716  331  178  491  466  661  
600  209  312  301  680  427  150  551  176  105  688  45   296  603  470  159  664  447  188  9    548  251  62   419  326  593  626  
119  450  287  390  407  90   497  372  611  304  345  152  363  344  57   584  303  52   591  356  179  722  337  194  499  478  673  
660  217  330  329  690  451  234  535  516  671  196  75   322  639  442  177  682  453  212  3    556  257  74   421  334  599  634  
133  396  299  510  403  126  505  392  629  636  713  154  333  374  15   598  309  68   597  388  181  16   347  202  503  482  677  
576  175  384  343  324  415  276  545  522  679  162  25   328  657  472  183  686  471  236  109  642  263  82   431  346  601  662  
385  468  35   594  295  132  511  414  623  708  707  24   361  370  69   590  321  76   633  404  191  724  349  206  509  502  683  
432  245  408  145  192  437  306  559  558  685  36   121  42   13   488  201  710  489  242  113  12   269  86   433  358  607  674  
455  612  55   702  305  156  515  444  635  726  721  30   529  102  23   602  327  92   669  412  193  6    353  214  521  514  691  
528  475  168  155  448  445  294  565  564  689  100  169  66   7    174  41   712  501  244  127  678  271  94   439  362  613  694  
595  216  65   616  585  224  517  476  649  48   49   54   5    114  31   258  59   98   681  428  197  8    359  218  523  526  701  
624  425  378  185  704  675  364  495  608  695  256  289  78   17   222  47   318  73   268  131  18   277  106  443  382  617  698  
665  264  85   696  335  308  405  532  135  112  375  182  11   138  29   246  61   402  97   534  199  10   367  226  541  538  709  
648  575  456  205  72   481  352  225  644  165  676  153  130  19   186  43   354  79   498  137  578  281  118  449  386  619  706  
715  252  115  714  355  198  527  572  255  368  435  184  369  376  37   282  67   426  101  618  211  14   373  254  547  542  719  
504  605  546  215  84   485  342  581  208  285  484  117  110  711  494  53   366  83   474  139  596  283  122  457  394  631  718  
275  588  95   728  365  204  533  486  655  464  465  232  387  406  93   610  71   438  103  606  223  22   379  262  557  554  727  
672  725  462  235  96   469  340  583  666  697  56   171  170  81   506  213  64   89   582  149  604  293  134  461  398  641  4    
325  684  125  144  395  228  553  492  667  80   99   70   423  410  87   632  339  116  107  654  227  26   383  274  563  562  1    
336  625  552  265  108  473  348  589  525  703  40   207  190  21   530  219  20   519  284  151  628  307  142  463  422  643  2    
