720  143  420  341  510  427  90   559  770  621  272  345  128  63   290  603  574  183  32   543  404  179  722  347  178  509  478  691  
539  240  247  700  403  690  511  276  689  740  627  752  645  248  333  434  51   670  339  188  771  652  257  58   431  326  607  634  
360  187  630  377  440  469  150  581  414  697  368  375  136  99   328  639  584  213  44   573  412  181  764  349  194  521  482  701  
637  180  299  210  481  750  527  260  649  558  737  196  705  266  279  442  57   686  381  212  9    668  263  62   433  334  613  662  
480  203  120  391  570  473  140  459  490  703  732  781  152  117  344  657  590  201  50   579  428  191  724  353  202  523  502  709  
77   288  259  330  343  760  297  350  429  644  755  36   5    296  363  470  69   710  393  236  3    692  269  74   439  346  617  674  
540  209  270  301  520  693  160  351  500  561  304  49   54   29   370  711  602  219  52   591  436  193  16   359  206  541  514  719  
91   300  287  390  371  400  441  340  399  650  651  100  7    110  369  472  87   712  411  242  113  534  271  82   443  358  619  694  
600  217  264  329  640  567  200  231  580  483  464  759  130  147  374  747  598  237  68   597  508  197  772  367  214  547  526  727  
119  396  775  552  413  320  189  380  357  80   663  256  777  170  387  488  93   730  417  244  131  582  277  86   449  362  631  698  
660  221  588  125  144  493  220  273  550  609  496  435  184  171  376  81   610  249  76   633  452  199  6    373  218  557  538  733  
133  450  319  702  265  84   551  460  513  748  105  484  783  230  477  494  111  742  447  268  127  606  281  94   457  382  641  706  
780  253  560  407  324  365  156  583  620  741  512  465  154  153  406  15   632  267  92   669  524  211  8    379  226  563  542  739  
161  468  323  280  451  96   485  294  667  112  195  56   729  190  423  506  123  754  453  284  137  618  283  106  461  386  643  718  
576  175  312  437  680  497  198  565  444  695  592  615  182  207  410  21   638  291  98   681  556  223  10   383  254  569  554  743  
385  612  625  462  533  60   553  306  635  564  749  676  45   286  531  530  129  782  471  292  149  642  293  118  463  394  647  734  
432  245  384  145  784  517  204  589  486  707  738  121  232  243  418  27   646  303  116  687  548  227  14   389  262  571  562  751  
455  684  35   594  295  108  505  348  655  636  763  24   11   250  507  518  141  776  489  316  139  654  307  122  467  398  653  746  
528  425  456  155  192  395  228  611  492  713  774  169  70   261  424  33   664  309  124  699  578  229  22   397  274  577  566  757  
595  768  55   696  305  126  515  342  671  666  767  30   13   310  549  536  159  64   501  332  151  678  311  134  479  422  659  758  
624  475  168  185  448  415  234  623  516  721  48   289  66   37   430  39   658  321  148  717  596  233  26   401  278  587  586  761  
665  216  65   616  585  308  535  372  679  708  779  40   17   114  47   568  177  20   519  338  157  762  313  142  487  446  661  766  
648  575  378  205  704  765  392  629  522  731  162  361  78   31   222  67   682  327  164  723  604  239  34   409  298  593  614  769  
715  756  85   728  675  352  225  532  685  726  25   42   19   138  53   258  79   28   537  356  163  12   317  146  491  454  673  778  
504  605  546  215  224  405  416  135  572  745  656  529  102  41   186  71   354  97   172  753  628  241  38   419  302  599  622  773  
275  336  95   714  335  364  495  544  315  176  255  88   23   174  59   282  83   402  103  388  167  18   331  158  499  458  677  4    
672  725  408  235  72   445  476  165  736  735  688  555  238  43   246  73   366  101  438  109  498  251  46   421  314  601  626  1    
325  252  115  744  355  132  545  608  525  208  285  104  75   322  61   318  89   426  107  474  173  716  337  166  503  466  683  2    
