840  187  630  377  440  819  160  231  460  513  820  741  40   729  190  477  506  93   754  393  148  723  524  281  74   461  358  647  698  
143  420  299  700  351  760  441  260  399  620  609  512  783  70   207  376  81   638  237  28   573  332  199  788  379  206  569  526  751  
720  209  756  391  640  693  200  357  500  561  80   759  56   99   250  507  518  123  776  411  164  753  548  283  82   463  362  653  706  
539  240  319  210  473  400  189  380  459  644  627  592  465  232  243  410  27   646  249  32   579  338  211  796  383  214  571  538  757  
360  161  800  403  510  511  220  273  550  663  368  165  104  45   322  531  530  111  782  417  172  771  556  293  86   467  382  659  718  
637  810  287  330  427  750  553  340  483  740  651  656  555  238  261  418  21   664  267  44   591  356  223  16   389  218  577  542  761  
480  203  828  371  520  527  60   583  580  621  176  255  88   75   328  549  536  129  790  447  188  789  578  307  94   479  386  661  734  
833  180  301  384  469  192  581  150  679  650  777  688  615  248  333  424  15   658  291  50   597  388  227  6    397  226  587  554  769  
540  217  120  407  570  533  90   623  372  721  208  285  128  63   230  603  568  159  806  453  212  807  596  311  106  487  394  673  746  
77   816  329  390  493  770  589  276  685  516  763  752  645  286  279  430  33   670  303  52   633  404  229  8    401  254  593  562  773  
600  247  216  413  690  551  132  545  364  713  666  803  136  147  290  639  574  141  814  471  236  813  604  313  118  491  398  677  758  
91   288  575  408  481  320  611  294  667  564  767  48   169  110  369  434  39   682  309  68   669  412  233  10   409  262  599  566  787  
660  221  336  65   714  559  140  629  486  731  726  815  42   13   310  657  590  183  808  489  242  831  628  317  122  499  422  683  766  
119  300  323  462  145  448  297  350  689  522  785  162  289  114  23   442  57   686  321  76   681  428  239  14   419  274  601  586  797  
780  253  560  437  702  295  224  429  476  737  732  817  30   11   186  47   584  177  824  501  244  9    652  331  134  503  446  691  778  
133  450  341  280  517  832  495  392  585  812  781  36   361  102  37   258  71   712  327  92   687  436  241  22   421  278  607  614  809  
792  259  270  451  680  567  416  675  532  765  304  835  54   5    246  53   366  97   826  519  268  3    668  337  142  509  454  701  794  
455  396  343  456  497  704  315  544  825  112  135  196  529  174  31   354  73   474  107  98   699  452  251  26   431  298  613  622  811  
576  175  264  35   744  305  352  525  608  405  272  345  152  17   222  61   402  89   498  131  284  173  716  347  146  521  458  709  802  
385  468  725  552  185  72   445  572  735  748  105  256  705  266  41   318  79   438  109  618  151  822  257  34   433  302  617  626  821  
432  245  312  85   728  335  156  565  736  225  464  375  154  117  344  59   426  101  582  137  678  179  692  349  158  523  466  719  818  
595  684  605  546  205  84   485  306  695  836  195  484  795  296  363  470  83   534  113  642  157  834  263  38   439  314  619  634  823  
528  325  252  95   144  355  198  635  414  745  496  435  182  153  370  711  598  103  606  139  762  181  722  353  166  541  478  727  838  
665  612  775  594  215  96   505  308  697  558  791  676  837  130  387  472  51   710  127  654  163  12   269  46   443  326  631  662  827  
624  275  588  115  798  365  204  655  444  749  738  25   184  171  374  747  602  201  830  149  786  191  724  359  178  547  482  733  4    
805  768  625  616  235  108  515  342  707  636  793  24   841  170  423  488  69   730  339  116  167  18   271  58   449  334  641  674  829  
648  425  168  125  324  395  228  649  492  755  774  49   66   19   406  801  610  213  64   537  292  193  764  367  194  557  502  739  2    
715  672  55   696  265  126  535  348  703  708  799  100  7    138  43   494  87   742  381  124  717  508  277  62   457  346  643  694  839  
504  475  378  155  784  415  234  671  490  779  804  121  78   29   282  67   632  219  20   543  316  197  772  373  202  563  514  743  1    
