840  187  504  845  714  335  198  611  770  621  820  99   100  243  170  21   610  339  890  813  388  73   618  233  16   419  226  607  562  811  
143  420  299  882  145  192  515  308  459  490  837  512  171  70   549  470  177  754  579  164  13   222  151  596  317  94   503  394  701  758  
720  209  630  403  798  355  204  635  392  561  860  117  40   261  190  33   602  381  64   831  404  79   642  239  6    421  254  613  566  821  
539  240  319  560  451  448  535  342  689  580  777  656  207  110  603  472  183  776  591  172  17   246  157  604  331  106  509  398  709  766  
900  161  450  407  700  891  224  629  220  651  850  147  104  279  230  39   632  393  20   843  412  83   654  241  8    431  262  617  586  823  
637  648  301  390  473  280  297  140  513  550  861  592  435  266  639  488  201  782  597  188  19   258  163  628  337  118  521  422  719  778  
360  203  800  371  510  517  760  351  340  609  80   153  56   75   418  51   638  411  28   849  428  89   678  251  10   433  274  619  614  827  
833  810  323  330  469  640  819  160  273  620  897  688  465  286  657  494  213  790  633  212  23   282  167  652  347  122  523  446  727  794  
480  217  120  413  520  693  400  189  380  663  112  135  136  333  250  69   646  417  32   879  436  97   762  257  14   439  278  631  622  829  
847  816  329  408  497  680  567  200  429  644  765  752  555  322  711  518  219  806  669  236  29   318  173  668  349  134  541  454  733  802  
540  247  216  625  702  511  320  231  460  627  208  165  152  363  290  57   658  447  44   9    452  101  786  263  22   443  298  641  626  839  
77   180  341  168  155  704  441  260  399  650  729  848  615  296  747  506  237  808  681  242  31   354  179  692  353  142  547  458  739  818  
600  221  672  55   728  675  352  357  500  759  272  195  154  369  310  87   664  453  50   169  42   103  822  269  26   449  302  643  634  853  
91   880  377  378  185  832  315  572  483  740  63   256  645  374  801  530  267  814  687  244  37   366  181  716  359  146  557  466  743  838  
660  259  264  65   744  365  416  525  608  783  176  255  182  387  370  93   670  471  52   289  66   107  834  271  34   457  314  647  662  857  
119  288  425  456  205  72   545  544  495  868  855  196  705  328  867  536  249  824  699  268  41   402  191  722  367  158  563  478  751  842  
780  253  756  85   858  395  228  623  736  585  368  285  184  423  410  111  682  489  68   361  78   109  894  277  38   461  326  653  674  859  
133  300  391  462  215  84   559  870  697  812  225  484  795  344  873  568  291  826  717  284  43   426  193  724  373  166  569  482  757  862  
792  287  270  437  888  415  276  649  350  741  464  345  232  477  430  123  686  501  76   529  102  113  12   281  46   463  334  659  694  863  
455  396  343  440  493  96   551  60   703  748  735  676  885  376  81   584  303  830  723  292  47   438  197  764  379  178  571  502  761  866  
864  175  312  427  570  527  690  671  414  721  304  375  238  507  424  129  710  519  92   841  114  127  18   283  58   467  346  661  698  877  
385  468  475  552  481  210  583  90   707  492  749  88   45   406  15   574  309  854  753  316  53   474  199  772  383  194  577  514  769  878  
576  245  384  35   144  533  750  667  444  737  558  785  248  531  434  141  712  537  98   3    508  131  548  293  62   479  358  673  706  881  
595  684  575  594  235  108  553  150  713  516  763  666  799  130  27   590  321  872  771  332  59   498  211  788  389  202  587  526  773  886  
432  715  336  95   896  445  234  679  486  745  564  781  738  851  442  159  730  543  116  5    138  137  524  307  74   487  362  677  718  883  
665  612  605  546  265  126  565  348  695  522  767  732  803  804  869  598  327  856  789  338  61   534  223  796  397  206  593  538  787  898  
528  325  252  115  324  485  294  655  476  755  636  791  774  835  876  893  742  573  124  7    174  139  578  311  82   491  382  683  734  887  
805  768  725  616  295  132  589  364  825  884  779  708  815  846  871  162  899  874  807  356  67   582  227  844  401  214  599  542  797  4    
624  275  588  125  784  505  306  685  532  405  496  793  726  865  48   895  24   49   148  11   186  149  556  313  86   499  386  691  746  1    
875  828  775  696  305  156  581  372  731  836  105  128  817  852  889  36   25   54   121  30   71   606  229  892  409  218  601  554  809  2    
