840  187  630  391  700  297  910  561  350  759  812  135  848  645  248  387  434  15   664  267  904  591  292  173  894  353  118  557  446  751  802  
143  420  319  560  891  680  513  140  627  490  897  112  375  104  75   374  711  568  123  790  417  98   807  556  263  8    449  274  647  622  859  
720  209  672  403  280  351  770  621  476  783  850  957  944  705  266  423  430  27   670  249  938  597  316  179  906  359  122  563  454  757  818  
539  240  323  924  493  760  459  220  741  620  609  80   63   136  207  250  747  574  129  808  447  116  813  578  269  10   457  278  653  626  863  
960  161  300  437  210  517  320  567  460  231  860  729  100  147  170  477  442  33   686  291  946  633  332  181  942  367  134  569  458  761  838  
637  528  301  270  451  690  589  260  189  650  651  368  99   130  243  290  801  584  141  814  453  124  831  596  271  14   461  298  659  634  877  
900  203  450  407  510  551  945  649  500  357  928  165  196  153  70   507  470  39   682  303  64   669  338  191  12   373  142  571  466  769  842  
833  624  329  390  473  750  611  60   671  736  735  464  465  152  261  310  867  590  159  824  471  148  843  604  277  22   463  302  661  662  881  
360  217  768  413  520  553  930  667  150  707  176  195  256  795  286  531  488  51   710  321  20   681  356  193  18   379  146  577  478  773  862  
847  648  275  408  497  870  623  90   697  342  763  496  435  154  279  370  873  598  177  830  489  164  849  628  281  26   467  314  673  674  883  
480  221  756  775  696  559  704  679  228  713  444  799  484  885  296  549  472  57   712  309  28   687  388  197  772  383  158  587  482  787  866  
931  810  341  882  95   896  675  352  565  348  767  636  865  182  363  376  909  602  183  826  501  172  879  652  283  34   479  326  677  694  887  
540  247  336  845  616  585  224  765  532  731  492  803  732  905  322  603  494  69   730  327  32   699  404  199  788  389  166  593  502  797  878  
77   816  325  168  115  952  495  364  405  644  781  564  869  852  955  406  927  610  201  854  519  188  921  668  293  38   487  334  683  698  907  
600  253  252  925  702  215  832  825  544  855  868  815  738  913  162  529  518  87   742  339  44   717  412  211  796  397  178  599  514  809  886  
91   912  425  378  125  918  355  416  315  748  225  512  889  876  25   42   17   632  213  856  537  212  933  692  307  46   491  346  691  706  911  
660  259  828  625  714  235  72   485  572  525  208  255  676  917  36   841  114  41   754  381  50   723  428  223  844  401  194  601  526  811  898  
119  880  343  456  145  144  365  132  635  836  105  592  615  184  49   66   23   258  61   872  543  236  939  716  311  58   499  358  701  718  919  
780  287  800  427  744  265  84   505  234  721  272  285  56   915  328  961  174  47   354  89   52   753  436  227  892  409  202  607  538  821  914  
133  180  371  330  511  324  395  156  655  372  779  688  555  232  333  410  19   318  71   474  109  242  951  722  313  62   503  362  709  734  929  
792  299  120  469  570  581  96   515  276  737  516  835  88   45   344  639  506  43   402  97   606  137  452  229  908  419  206  613  542  823  922  
455  288  377  440  527  920  629  198  685  414  785  666  893  238  369  418  81   638  73   498  113  642  157  786  317  74   509  382  719  746  937  
864  805  216  481  640  693  160  689  294  745  522  817  804  923  190  657  530  93   776  101  582  139  678  233  916  421  214  617  554  827  926  
385  468  475  462  533  400  819  340  703  486  791  708  895  948  121  424  21   646  219  874  127  654  163  822  331  82   521  386  727  758  941  
936  875  264  65   798  583  200  441  550  749  558  851  774  943  24   5    536  111  782  393  68   149  762  239  932  431  218  619  562  829  934  
595  396  575  594  155  784  429  380  273  740  793  726  899  954  169  102  29   658  237  890  573  244  167  834  337  86   523  394  733  766  947  
576  175  312  35   858  295  392  663  580  399  940  871  846  949  30   7    186  53   806  411  76   771  508  241  956  433  226  631  566  839  958  
665  612  605  552  185  192  415  308  837  820  777  656  901  48   289  78   37   282  79   902  579  268  9    724  347  94   541  398  739  778  953  
432  245  384  55   728  305  108  535  608  483  950  903  40   959  54   11   246  59   426  103  92   789  524  251  16   439  254  641  586  853  4    
715  684  725  546  205  448  445  204  695  884  861  752  117  110  361  138  31   366  83   534  131  284  3    764  349  106  547  422  743  794  1    
504  935  588  85   888  335  126  545  306  755  304  345  128  171  230  13   222  67   438  107  618  151  548  257  6    443  262  643  614  857  2    
