1008 425  924  205  728  495  224  975  608  525  1012 615  196  45   296  639  584  93   830  411  92   807  556  113  498  293  14   491  302  701  674  929  
715  336  65   462  305  784  765  392  135  928  105  368  795  152  279  430  1017 710  237  994  591  292  3    788  199  1002 397  142  601  478  821  866  
504  475  588  215  896  585  308  405  644  255  1024 645  256  63   290  657  590  111  854  417  98   813  578  127  534  307  22   499  314  709  694  937  
935  252  55   546  335  448  855  476  165  812  375  464  885  184  333  434  81   712  249  1010 597  316  47   114  211  12   401  146  607  482  823  878  
672  575  882  209  918  415  352  225  736  285  112  705  484  75   322  711  598  123  856  447  116  831  596  131  582  311  26   503  326  719  698  941  
275  816  95   696  343  192  505  532  195  868  435  496  915  154  369  442  15   742  267  1016 633  332  53   138  223  18   409  158  613  502  827  886  
756  605  168  235  984  445  96   545  748  345  176  741  56   117  310  747  602  141  872  453  124  843  604  137  606  313  34   509  334  727  706  947  
325  912  85   594  355  704  515  132  635  968  465  512  957  170  363  470  27   730  291  1022 669  338  59   174  227  796  419  166  617  514  829  898  
792  175  216  247  952  675  364  565  156  685  208  777  676  99   328  801  610  129  874  471  148  849  628  139  618  317  38   521  346  733  718  953  
455  288  35   744  365  832  825  544  655  204  745  656  969  182  387  472  21   754  303  64   681  356  61   186  229  844  421  178  619  526  839  914  
864  245  264  259  144  469  416  945  836  695  276  785  88   153  370  867  632  159  890  489  164  879  652  149  642  331  46   523  358  739  734  967  
385  468  115  702  371  330  551  572  315  988  749  342  815  232  423  488  33   776  309  20   687  388  67   222  233  892  431  194  631  538  853  922  
936  725  312  253  450  481  680  567  884  735  272  793  444  893  344  873  646  177  902  501  172  921  668  151  654  337  58   541  362  743  746  971  
595  396  125  714  377  700  297  320  189  992  555  688  835  516  913  494  69   790  321  28   699  404  71   246  239  908  433  202  641  542  857  926  
576  775  378  265  966  473  760  819  380  273  304  783  104  895  636  955  638  183  904  519  188  933  692  157  678  347  62   547  382  751  758  977  
665  612  143  798  395  72   533  160  231  580  651  592  987  248  917  726  989  806  327  32   717  412  73   258  241  916  439  206  643  554  859  934  
432  845  384  295  324  485  108  611  460  399  850  837  40   147  374  959  804  25   938  537  212  939  716  163  762  349  74   557  386  757  766  983  
805  684  145  616  391  84   535  198  679  550  609  752  999  190  477  506  995  852  361  44   723  428  79   282  251  932  443  214  647  562  863  958  
528  925  408  299  420  493  126  629  930  707  860  861  110  207  376  909  658  121  954  7    236  951  722  167  786  353  82   563  394  761  778  991  
875  768  155  888  403  980  559  750  671  150  763  848  729  238  507  518  39   782  841  48   19   436  83   318  257  956  449  218  653  566  877  974  
624  931  552  287  800  891  920  623  60   721  306  803  70   171  406  927  664  201  946  13   24   37   66   173  822  359  86   569  398  769  794  997  
1015 828  185  858  413  520  693  200  697  228  755  372  869  230  531  530  51   808  339  50   23   42   89   354  263  964  457  226  659  586  881  982  
648  625  456  301  120  497  1000 441  260  731  294  799  492  899  410  963  670  213  962  543  242  41   78   179  834  367  94   571  422  773  802  1009 
1001 972  161  810  407  390  553  220  357  620  767  414  865  564  923  536  57   814  381  52   753  452  97   366  269  1004 461  254  661  614  883  998  
720  77   1020 319  630  517  570  667  500  483  940  817  522  901  666  965  682  219  970  573  244  993  724  191  894  373  106  577  446  787  818  1013 
539  480  203  180  437  210  583  910  561  650  759  944  871  558  943  732  1003 824  393  68   771  508  101  402  271  16   463  262  673  622  887  1006 
960  91   660  323  560  527  690  649  350  627  80   897  128  905  708  973  774  49   986  579  268  1011 764  181  906  379  118  587  454  797  838  1019 
637  540  217  880  351  280  589  870  703  820  663  976  1005 266  949  738  979  876  529  76   789  524  103  426  277  6    467  274  677  626  907  1018 
900  119  990  329  440  459  770  689  90   737  950  903  136  243  418  985  846  169  996  11   284  9    772  197  942  383  122  593  458  809  842  1021 
833  600  221  300  427  640  513  140  713  234  781  100  1023 250  549  568  1007 948  961  162  29   548  107  438  281  8    479  278  683  634  911  4    
360  133  240  341  270  511  400  429  490  779  348  851  130  261  424  981  686  289  1014 17   30   43   102  193  978  389  134  599  466  811  862  1    
847  780  187  840  451  510  581  340  621  740  791  486  889  286  603  574  87   826  5    36   31   54   109  474  283  10   487  298  691  662  919  2    
