1008 325  924  145  728  495  832  945  572  855  812  195  112  645  484  1065 296  477  584  33   826  303  20   669  356  1077 892  431  146  641  502  859  898  
715  336  1025 456  295  1064 675  352  735  884  405  992  375  656  903  184  243  434  909  710  159  986  471  164  843  628  331  22   541  326  751  706  983  
504  425  588  155  798  415  704  315  608  825  532  255  176  705  676  729  310  507  590  39   830  309  28   681  388  9    908  433  158  643  514  863  914  
935  912  1075 462  305  1026 515  416  765  392  225  988  435  688  915  154  207  470  927  712  177  994  489  172  849  652  337  26   547  334  757  718  991  
672  575  882  185  858  427  1088 525  736  975  836  105  208  777  88   45   328  549  598  51   854  321  32   687  404  3    916  439  166  647  526  877  922  
1045 816  625  546  335  1032 535  544  585  308  135  1012 465  752  969  182  261  442  963  730  201  1010 501  188  879  668  347  34   557  346  761  734  997  
756  475  1044 205  888  445  72   623  748  1035 868  285  272  783  56   75   322  603  602  57   856  327  44   699  412  241  932  443  178  653  538  881  926  
275  252  55   552  341  144  545  132  655  476  165  1036 615  848  957  238  279  472  981  742  183  1016 519  212  921  692  349  38   563  358  769  746  1009 
864  605  168  215  896  473  84   629  198  695  928  345  304  837  70   99   344  639  610  69   872  339  50   717  428  251  956  449  194  659  542  883  934  
385  288  65   594  355  324  551  930  707  342  799  1078 555  944  999  190  333  488  1017 754  213  1022 537  236  933  716  353  46   569  362  773  758  1013 
936  175  216  221  966  481  210  649  150  763  486  893  368  795  104  63   374  657  632  93   874  381  52   723  436  257  964  457  202  661  554  887  958  
595  396  35   696  365  784  559  870  713  348  803  636  949  976  987  230  369  494  81   776  219  1030 543  242  939  722  359  58   571  382  787  766  1019 
792  245  264  235  918  485  96   671  224  745  492  889  774  995  128  117  370  711  638  111  890  393  68   753  452  263  1004 461  206  673  562  907  974  
455  612  95   616  377  192  553  1000 513  644  815  666  943  954  1057 232  363  518  1083 782  237  1034 573  244  951  724  367  62   577  386  797  778  1021 
1056 725  312  265  952  505  108  667  220  663  968  895  804  989  48   121  376  747  658  87   902  411  76   771  508  269  1028 463  214  677  566  911  982  
665  468  85   702  395  448  565  156  721  460  357  1024 955  996  1067 30   7    506  15   806  249  1048 579  268  993  764  373  74   587  394  809  794  1031 
576  775  378  253  984  493  126  635  228  781  620  483  464  1003 162  169  102  19   664  123  904  417  92   789  524  271  1052 467  218  683  586  919  998  
805  684  115  714  403  1050 583  204  685  294  817  940  627  1072 1073 42   5    186  47   790  267  1054 591  284  1011 772  379  82   593  398  811  802  1033 
432  845  384  247  420  517  280  689  276  755  522  901  80   861  110  289  114  23   258  71   938  447  98   807  548  277  1058 479  226  691  614  929  1006 
875  768  125  744  391  560  1053 400  731  372  835  708  959  100  1029 248  11   222  53   402  103  1066 597  292  1041 788  383  86   599  422  821  818  1039 
528  925  408  259  800  891  680  819  380  791  516  899  846  1007 130  147  410  31   354  79   498  137  116  813  556  281  1076 487  254  701  622  937  1018 
1015 828  143  180  343  640  693  320  567  500  851  726  965  1014 1081 250  387  530  61   426  107  618  167  316  1047 796  389  94   601  446  823  838  1049 
624  847  1020 287  120  469  760  1071 260  189  650  917  852  1037 36   361  406  801  646  83   534  139  762  193  578  283  1084 491  262  709  626  941  1042 
1085 972  161  880  371  330  581  160  441  550  399  860  973  1062 1079 66   13   536  21   808  109  642  173  894  227  1074 397  106  607  454  827  842  1051 
648  931  660  299  270  497  690  679  340  273  740  609  496  1027 24   529  174  37   670  129  962  149  786  197  978  293  16   499  274  719  634  947  1046 
1001 360  203  300  407  570  611  60   737  580  231  950  759  196  25   78   17   246  59   814  291  1070 179  906  229  1086 401  118  613  458  829  862  1061 
1080 77   780  301  390  511  750  697  234  779  850  651  512  885  136  841  138  43   318  89   946  453  124  199  1002 307  6    503  278  727  662  953  1082 
539  480  187  1040 413  440  589  90   749  414  869  1060 741  256  1005 266  29   282  67   438  113  64   633  332  233  12   409  122  617  466  839  866  1063 
720  91   240  319  510  533  770  703  306  785  558  913  592  897  152  153  418  41   366  97   606  151  148  831  596  311  8    509  298  733  674  967  4    
637  540  209  840  437  700  351  140  767  444  865  732  979  40   1023 290  423  568  73   474  127  654  181  338  1059 844  419  134  619  478  853  878  1069 
960  119  810  323  630  527  920  429  350  793  564  905  876  1043 170  171  424  867  682  101  582  157  822  211  604  313  10   521  302  739  694  971  2    
833  600  217  450  451  980  297  200  561  490  871  738  985  1068 49   286  531  574  27   824  131  678  191  942  239  18   421  142  631  482  857  886  1087 
900  133  990  329  520  1089 910  459  364  621  820  923  948  1055 54   961  430  873  686  141  970  163  834  223  1038 317  14   523  314  743  698  977  1    
