840  187  630  391  700  297  910  561  140  759  490  957  940  729  688  1065 296  909  530  213  824  597  1102 1077 292  167  628  373  34   593  358  821  758  1049 
143  420  319  1050 473  520  513  784  627  260  837  650  969  1078 375  104  423  374  39   670  411  986  831  98   83   1038 269  964  467  178  691  542  937  958  
1080 209  756  403  980  459  770  663  200  399  460  777  968  195  752  1095 322  927  536  219  826  633  1112 1101 316  179  652  379  38   599  362  823  766  1051 
1001 1020 341  1120 1053 760  621  448  741  340  651  820  1029 176  435  128  477  406  57   682  417  994  843  116  89   1086 271  1004 479  194  701  554  941  974  
720  133  1040 891  280  351  952  495  224  783  500  903  950  63   848  45   328  963  568  237  830  669  1118 1119 332  191  668  383  46   601  382  827  778  1061 
539  576  301  800  1089 680  429  1088 585  392  897  620  1113 80   153  152  507  410  69   686  447  1010 849  124  97   1074 277  1028 487  202  709  562  947  982  
960  161  880  819  640  693  400  231  544  675  532  1107 992  99   944  75   344  981  574  249  854  681  1130 1137 338  181  692  389  58   607  386  829  794  1063 
637  990  323  1100 1071 920  441  832  1155 608  765  812  405  112  465  136  531  418  87   710  453  1016 879  148  101  1146 281  1052 491  206  719  566  953  998  
900  203  180  413  440  567  1144 945  416  525  836  975  1012 255  976  171  110  1017 584  267  856  687  64   1149 356  193  716  397  62   613  394  839  802  1069 
833  1140 329  1044 469  1000 189  704  315  572  1035 868  225  208  555  154  549  424  93   730  471  1022 921  164  103  12   283  1058 499  214  727  586  967  1006 
360  217  300  407  270  497  320  273  352  735  748  1125 1036 285  1072 207  130  1083 590  291  872  699  20   9    388  197  722  401  74   617  398  853  818  1087 
847  240  343  120  481  510  559  160  357  736  855  928  135  272  615  182  603  430  111  712  489  1030 933  172  107  18   293  1076 503  218  733  614  971  1018 
480  221  396  427  330  511  690  623  220  609  884  825  1148 345  1136 243  170  1143 598  303  874  717  28   3    404  199  724  409  82   619  422  857  838  1091 
931  432  1085 216  493  390  581  930  679  380  483  988  165  304  645  184  639  434  123  742  501  1034 939  188  109  412  307  1084 509  226  739  622  977  1042 
540  247  612  605  378  551  750  629  60   721  550  861  1024 105  256  261  190  81   602  309  890  723  32   41   678  211  764  419  86   631  446  859  842  1093 
1127 528  175  312  55   702  583  324  671  306  791  740  1023 368  705  238  657  442  141  754  519  1048 951  212  127  428  311  1108 521  254  743  626  983  1046 
600  259  468  775  408  185  966  505  204  737  492  889  1060 117  196  279  230  21   610  321  902  753  44   43   786  223  772  421  94   641  454  863  862  1097 
77   624  245  264  35   696  335  192  685  342  799  708  917  464  795  232  711  470  129  776  537  1054 993  236  113  436  313  1124 523  262  751  634  991  1082 
780  253  684  845  456  205  1026 515  198  749  516  851  852  979  676  333  250  27   632  327  904  771  50   47   762  227  788  431  106  643  458  877  866  1103 
119  648  275  336  85   728  355  72   689  348  803  732  943  1098 1043 40   747  472  159  782  543  1066 1011 242  131  452  317  1132 541  274  757  662  997  1094 
660  287  768  925  462  215  984  535  228  755  522  893  876  985  36   1073 310  33   646  339  938  789  52   53   822  229  796  433  118  647  466  881  878  1109 
91   810  371  384  95   744  365  84   695  364  815  726  923  1068 1037 30   1099 488  177  790  573  1070 1041 244  139  508  331  16   547  278  761  674  1009 1114 
792  299  450  437  546  235  1032 545  234  779  558  895  948  989  100  1079 66   1135 638  381  946  807  68   59   894  233  844  439  122  653  478  883  886  1117 
455  816  377  560  517  798  395  96   697  350  817  738  949  48   1057 54   1115 114  1145 806  579  1090 1047 268  137  524  337  6    557  298  769  694  1013 1126 
864  805  972  451  210  533  1064 565  276  767  564  899  954  995  484  1081 78   1139 186  289  962  813  76   61   834  239  892  443  134  659  482  887  898  1123 
385  912  325  1134 527  570  611  108  703  372  835  774  955  162  1055 42   1121 138  25   258  841  1096 1059 284  149  548  347  8    563  302  773  698  1019 1138 
936  875  828  1025 552  553  870  649  90   763  636  905  996  1003 24   1111 102  1141 222  169  354  11   92   67   906  241  908  449  142  661  502  907  914  1129 
595  1104 425  252  125  858  589  1110 707  414  865  804  959  496  1067 70   1133 174  49   282  961  426  29   606  157  556  349  10   569  314  787  706  1021 1142 
1056 1015 1116 1075 594  265  1122 667  150  781  644  901  1014 1007 1156 363  290  1147 246  361  366  13   498  71   978  251  916  457  146  673  514  911  922  1151 
665  288  475  588  115  888  415  126  713  444  869  846  965  512  885  248  801  494  121  318  5    438  23   618  151  578  353  14   571  326  797  718  1031 1154 
1152 1045 1092 625  616  295  1128 635  294  785  666  913  1062 1027 56   369  370  51   658  529  402  17   534  73   942  257  932  461  158  677  526  919  926  1153 
715  504  575  882  145  896  445  132  731  486  871  850  973  592  915  266  867  506  183  808  7    474  31   642  163  596  359  22   577  334  809  734  1033 4    
1008 1105 924  65   714  305  144  655  308  793  580  987  1150 147  88   387  376  15   664  393  970  19   582  79   1002 263  956  463  166  683  538  929  934  1    
935  672  725  168  155  918  485  156  745  476  999  860  1131 656  1005 286  873  518  201  814  591  1106 37   654  173  604  367  26   587  346  811  746  1039 2    
