1008 275  1134 125  616  585  784  675  308  975  644  1215 988  255  208  795  104  45   374  549  638  39   890  309  1162 681  332  9    1028 509  202  743  566  991  1006 
715  1176 845  168  295  952  495  832  855  476  825  884  105  1196 465  1136 1095 238  279  506  981  782  177  1034 489  76   921  668  409  46   631  386  863  802  1103 
504  325  252  145  702  415  448  765  352  1035 812  405  1012 285  272  885  128  75   376  639  646  87   902  321  1166 687  338  3    1052 521  206  751  586  997  1018 
935  336  925  216  305  918  515  1216 945  544  1125 836  135  1204 555  1168 1065 248  333  530  1017 790  183  1048 501  92   933  692  419  58   641  394  877  818  1109 
672  425  396  155  696  427  1128 623  416  315  736  735  1184 345  304  915  136  63   410  657  658  51   904  327  1178 699  356  311  1058 523  214  757  614  1009 1042 
1045 1092 1025 264  329  270  551  690  721  572  525  928  165  1024 615  196  1131 250  363  518  1083 806  201  1054 519  98   939  716  421  62   643  398  881  838  1117 
756  475  468  185  744  451  980  649  1110 791  748  225  1036 375  368  957  152  99   406  711  664  57   946  339  1192 717  388  313  1076 541  218  761  622  1013 1046 
1105 924  1075 312  335  966  559  750  713  204  835  968  195  112  645  256  1113 290  369  536  1143 808  213  1066 537  116  951  722  431  74   647  422  883  842  1123 
792  575  588  205  714  445  1218 671  1190 781  348  943  1078 435  496  969  110  117  418  747  670  69   938  381  1208 723  404  317  1084 547  226  769  626  1019 1082 
1225 432  1175 378  341  984  535  1088 297  140  893  522  1007 176  705  484  1161 266  387  568  1179 814  219  1070 543  124  993  724  433  82   653  446  887  862  1129 
864  1015 612  209  420  473  144  635  364  459  350  949  738  1099 464  987  130  153  424  801  682  123  962  393  1222 753  412  331  1108 557  254  773  634  1021 1094 
385  624  625  384  377  1120 583  72   695  532  561  740  1027 954  1157 100  1173 286  423  574  81   824  237  1090 573  148  1011 764  439  86   659  454  907  866  1151 
936  1085 684  215  798  481  210  667  126  785  868  627  860  1111 48   1207 154  171  430  867  686  93   970  411  64   771  428  337  1124 563  262  787  662  1031 1114 
595  528  35   408  355  1026 611  770  731  228  865  992  663  1150 1159 36   289  296  477  584  15   826  249  1102 579  164  1041 772  443  94   661  458  911  878  1153 
1056 175  768  235  728  485  324  689  1155 793  372  955  1148 783  512  1211 66   5    434  873  712  111  986  417  20   789  436  347  1132 569  274  797  674  1033 1126 
455  648  55   456  365  1032 545  84   767  220  889  558  1037 1210 861  676  361  174  37   590  21   830  267  1096 591  172  1047 788  449  106  673  466  919  886  1163 
1152 245  828  221  888  469  1144 655  132  799  414  959  774  1121 592  1005 182  17   282  67   710  129  994  447  28   807  452  349  1172 571  278  809  694  1039 1138 
665  816  65   462  391  330  553  96   745  234  895  564  1043 996  1165 1156 1185 322  41   426  101  854  291  1106 597  188  1059 796  457  118  677  478  929  898  1171 
1188 725  882  247  630  493  570  679  156  803  444  965  804  1115 1212 1219 232  243  442  73   582  137  1010 453  32   813  508  353  16   577  298  811  698  1049 1142 
805  912  85   552  403  560  629  870  737  276  899  636  1055 1014 1169 24   529  310  531  598  103  678  173  1112 633  212  1077 844  461  122  683  482  937  914  1181 
1224 605  972  259  300  517  280  697  60   817  460  973  846  1133 162  25   78   19   470  909  730  139  894  211  44   831  524  359  6    587  302  821  706  1051 1154 
875  1104 95   594  343  390  589  910  779  294  901  650  1057 1062 1177 42   841  186  43   610  27   856  179  1038 251  236  1101 892  463  134  691  502  941  922  1187 
576  775  1044 265  858  497  510  703  90   851  486  979  852  1135 656  121  102  13   318  71   742  141  1016 223  1182 281  548  367  8    593  314  823  718  1061 1174 
1001 288  115  546  395  1122 581  930  749  306  905  666  1067 1068 1195 54   961  222  47   438  107  872  303  1118 257  242  1119 908  467  142  701  514  947  926  1193 
1080 1127 1116 253  896  505  192  707  150  869  492  985  876  1139 688  49   114  23   354  79   606  149  1022 471  50   843  556  373  10   599  326  827  734  1063 1186 
539  480  143  840  407  1064 565  108  763  340  913  708  1073 1098 1189 30   7    246  53   498  109  762  181  1130 669  244  1137 916  479  146  709  526  953  934  1201 
720  1183 1140 299  1050 527  704  685  198  871  490  989  940  1141 752  169  138  29   366  89   618  151  942  227  52   849  578  379  14   601  334  829  746  1069 1198 
637  540  161  810  437  700  1053 224  755  342  923  726  1079 1164 1199 40   11   258  59   474  113  786  191  1074 263  268  1149 932  487  158  719  538  967  958  1213 
1200 77   780  287  450  533  680  1089 392  815  516  995  948  1145 848  999  170  31   402  83   642  157  906  229  1194 283  596  383  22   607  346  839  758  1087 1202 
833  600  187  1040 371  440  567  1160 351  608  917  732  1081 1206 1205 56   1209 328  61   534  127  822  193  1086 269  284  1167 956  491  166  727  542  971  974  1217 
960  91   240  301  800  1071 760  441  160  429  580  1003 950  1147 944  1023 184  147  472  97   654  163  1002 233  12   293  604  389  26   613  358  853  766  1091 1214 
847  1020 203  880  819  640  693  400  273  380  621  820  651  1220 897  70   1221 344  507  602  131  834  197  1146 271  292  1191 964  499  178  733  554  977  982  1223 
900  133  990  323  1100 1197 920  189  200  483  550  609  1060 777  976  1107 190  207  488  927  754  167  978  239  18   307  628  397  34   617  362  857  778  1093 4    
931  660  217  180  413  520  891  320  357  500  513  850  759  80   903  88   729  370  603  632  33   874  199  1158 277  316  1203 1004 503  194  739  562  983  998  1    
360  119  1170 319  120  511  1000 231  260  399  620  741  1180 837  1072 1029 230  261  494  963  776  159  1030 241  68   879  652  401  38   619  382  859  794  1097 2    
