630  221  1050 341  700  891  760  231  160  609  500  783  820  1029 1210 1239 100  279  322  1233 632  291  904  699  1222 1203 316  229  788  443  82   673  454  929  878  1181 
143  360  299  560  1287 280  351  400  459  380  663  490  969  1060 1173 688  63   110  711  472  93   782  489  1066 939  98   131  436  337  1172 569  254  809  662  1049 1126 
1260 247  1020 377  800  1089 920  273  200  621  350  897  860  1131 1220 729  676  333  328  1251 638  303  938  717  1246 1227 332  233  796  449  86   677  458  937  886  1187 
187  420  319  180  407  520  693  320  483  340  741  620  987  1150 1209 752  1245 232  747  488  123  790  501  1070 951  116  137  452  347  1228 571  262  811  674  1051 1138 
840  253  1120 391  980  297  1000 357  220  651  550  861  850  1113 80   1281 1156 363  344  81   646  309  946  723  1256 1257 338  239  844  457  94   683  466  941  898  1193 
209  480  323  880  1053 640  567  704  513  460  777  650  999  1180 1269 848  45   238  801  494  129  806  519  1090 993  124  139  508  349  1244 577  274  821  694  1061 1142 
1080 931  1170 301  1100 819  1160 399  260  627  580  903  940  1161 208  705  56   369  370  21   664  321  962  753  1258 1263 356  241  892  461  106  691  478  947  914  1201 
1001 540  133  1040 1071 440  441  832  561  140  837  740  1023 1196 285  944  75   248  867  506  141  808  537  1096 1011 148  149  524  353  1252 587  278  823  698  1063 1154 
720  1127 240  329  1280 1197 1144 945  416  759  392  957  950  1221 272  795  88   387  376  15   682  327  970  771  1270 1293 388  251  908  463  118  701  482  953  922  1213 
539  600  161  300  413  680  189  1088 1155 608  585  644  1107 1204 375  976  117  170  873  518  159  814  543  1102 1041 164  151  548  359  1268 593  298  827  706  1069 1174 
1200 1183 1140 343  120  451  1240 429  544  525  748  855  1012 195  304  885  128  423  374  27   658  339  986  789  64   9    404  257  916  467  122  709  502  967  926  1217 
637  660  203  450  427  390  497  1216 315  572  735  884  405  1276 465  1072 99   130  909  530  177  824  573  1106 1047 172  157  556  367  16   599  302  829  718  1087 1186 
960  91   648  371  270  469  510  581  352  675  836  1125 988  105  368  915  104  477  406  33   670  381  994  807  20   3    412  263  932  479  134  719  514  971  934  1223 
833  990  217  468  437  330  511  690  679  736  975  812  1275 1024 435  1136 147  190  927  536  183  826  579  1112 1059 188  163  578  373  6    601  314  839  734  1091 1198 
900  119  624  1025 312  493  570  611  1230 763  928  825  1036 165  496  1005 136  507  410  39   686  393  1010 813  28   73   1038 269  956  487  142  727  526  977  958  1229 
847  780  259  612  125  702  517  750  703  108  817  868  225  1274 555  1168 171  230  963  568  201  830  591  1118 1077 212  167  596  379  8    607  326  853  746  1093 1202 
1296 77   810  403  378  355  984  623  1290 779  276  901  1078 255  464  1065 154  531  418  51   710  411  1016 831  32   79   1074 271  964  491  146  733  538  983  974  1231 
1225 1224 287  684  145  714  535  1254 707  132  835  486  965  112  615  1264 153  250  981  574  219  854  597  1130 1101 236  173  604  383  10   613  334  857  758  1097 1214 
792  805  816  1075 384  365  1026 629  60   791  306  905  708  1037 512  1095 152  549  424  57   712  417  1022 843  44   83   1086 277  1004 499  158  739  542  991  982  1237 
455  1188 1295 768  155  728  527  770  713  150  851  492  973  852  1099 256  207  266  1017 584  213  856  633  1162 1119 242  179  628  389  14   617  346  859  766  1103 1226 
864  875  912  1175 408  395  1032 667  910  781  294  913  732  1043 1014 1145 182  603  430  69   730  447  1030 849  50   89   1146 281  1028 503  166  743  554  997  998  1249 
385  1248 175  828  185  744  533  930  731  126  865  516  979  876  1111 1278 1189 286  1083 590  237  872  669  1166 1137 244  181  652  397  22   619  358  863  778  1109 1234 
936  1015 1104 625  456  415  1064 649  448  755  342  917  738  1055 1098 1147 24   1211 442  87   742  453  1034 879  52   97   1158 283  1052 509  178  751  562  1009 1006 1259 
595  576  245  972  205  798  545  1288 495  364  869  522  985  948  1115 1284 1195 66   1255 598  249  874  681  1178 1149 268  191  668  401  26   631  362  877  794  1117 1238 
1056 1085 288  35   552  445  1122 635  224  765  532  923  726  1057 1164 1157 42   1241 138  1285 754  471  1048 921  68   101  1182 293  1058 521  194  757  566  1013 1018 1277 
665  432  575  1044 215  858  551  144  695  308  1035 968  989  954  1121 48   1199 78   1267 246  289  890  687  1192 1167 284  193  692  409  34   641  382  881  802  1123 1262 
1152 1265 1134 55   546  485  1128 655  72   785  476  1215 1148 1067 1206 1159 30   1243 174  25   354  7    1054 933  76   103  1194 307  1076 523  202  761  586  1019 1042 1279 
715  1176 605  882  235  888  553  324  721  156  893  992  135  1292 1133 162  1207 114  1261 258  361  438  19   1208 1191 292  197  716  419  38   643  386  883  818  1129 1282 
1008 275  252  65   462  505  1242 671  90   799  348  943  1184 345  592  1165 54   1247 186  49   366  5    582  41   92   107  1266 311  1084 541  206  769  614  1021 1046 1283 
935  1092 725  1116 265  896  559  870  737  228  871  558  995  176  645  196  1205 102  1273 282  529  474  23   654  59   906  199  722  421  46   647  394  887  838  1151 1286 
504  425  1232 85   594  481  210  689  1190 793  372  949  774  1073 656  1185 184  1253 222  121  402  11   606  43   822  109  12   313  1108 547  214  773  622  1031 1082 1289 
1045 336  775  168  295  918  583  1110 767  198  889  564  1003 996  1135 484  243  290  1271 318  841  498  29   678  61   942  211  724  431  58   653  398  907  842  1153 1294 
672  325  396  95   616  515  1218 697  84   815  414  955  804  1081 1212 1169 40   639  470  169  426  13   618  47   834  113  18   317  1124 557  218  787  626  1033 1094 1291 
1105 924  845  216  305  952  565  784  745  204  895  636  1027 1062 1139 1250 261  296  1143 602  961  534  31   762  67   978  223  764  433  62   659  422  911  862  1163 4    
756  475  588  115  696  473  1272 685  96   803  444  959  846  1079 1236 1177 70   657  434  111  776  17   642  53   894  127  428  331  1132 563  226  797  634  1039 1114 1    
1235 528  925  264  335  966  589  192  749  234  899  666  1007 1068 1141 36   1219 310  1179 610  267  902  37   786  71   1002 227  772  439  74   661  446  919  866  1171 2    
