1260 209  630  319  450  437  210  589  770  663  308  765  968  405  1316 435  944  75   238  1083 506  237  824  717  1162 1299 172  151  524  367  1268 601  278  853  706  1097 1186 
143  360  253  1120 403  980  517  690  689  1330 783  532  1035 1148 165  272  915  56   603  370  57   664  471  1010 1011 64   61   1266 257  908  479  106  727  482  983  926  1237 
840  221  1050 323  700  891  896  611  930  781  350  897  992  225  1352 465  1072 243  170  1143 518  267  826  723  1166 1317 212  157  548  373  1324 607  298  857  718  1103 1198 
187  420  299  560  1287 280  1089 1190 703  84   871  490  969  1196 255  368  885  88   639  374  69   670  489  1016 1041 20   67   1338 263  916  487  118  733  502  991  934  1249 
1080 247  1020 341  800  1053 952  351  784  745  228  923  580  1107 1364 555  976  261  190  1179 530  249  854  753  1178 1329 236  163  556  379  1348 613  302  859  734  1109 1202 
1001 480  133  810  407  640  297  1288 495  224  815  444  989  850  1239 464  1005 104  657  376  87   682  501  1022 1047 28   71   1362 269  932  491  122  739  514  997  958  1259 
720  931  1170 301  1280 1197 1000 429  448  585  476  943  620  1113 1150 729  1136 279  230  1233 536  291  830  771  1192 1347 242  167  578  383  16   617  314  863  746  1117 1214 
1309 540  161  880  819  440  189  320  561  392  675  812  999  820  1221 1340 153  40   711  406  93   686  519  1030 1059 32   73   12   271  956  499  134  743  526  1009 974  1277 
1200 1127 1140 329  1100 1323 1144 399  200  627  364  825  988  1161 1180 63   1168 333  248  1251 568  303  856  789  1208 9    244  173  596  389  6    619  326  877  758  1123 1226 
539  600  203  1040 1071 760  357  704  609  260  759  868  1215 1274 1269 80   171  70   747  410  111  710  537  1034 1077 44   79   18   277  964  503  142  751  538  1013 982  1279 
960  1183 1350 343  1300 567  1160 459  1216 651  380  957  1036 135  1024 99   1250 363  250  1341 574  309  872  807  1222 3    268  179  604  397  8    631  334  881  766  1129 1234 
637  660  217  1360 693  680  231  832  945  416  837  500  1023 1204 285  496  207  128  801  418  129  712  543  1048 1101 50   83   284  281  1004 509  146  757  542  1019 998  1283 
1320 91   240  371  520  441  1240 483  352  315  736  741  740  1131 112  615  1264 369  266  1359 584  321  874  813  1246 11   834  181  628  401  10   641  346  883  778  1151 1238 
833  990  259  180  413  920  273  1088 1365 608  735  928  987  860  1311 512  1065 136  873  424  123  730  573  1054 1119 52   89   292  283  1028 521  158  761  554  1021 1006 1289 
900  119  528  377  120  451  400  513  544  525  748  975  1012 1209 1210 117  1328 387  286  81   590  327  890  831  1256 17   894  191  652  409  14   643  358  887  794  1153 1262 
847  780  287  300  427  270  497  160  621  572  855  644  1275 1276 1281 592  1095 152  867  430  141  742  579  1066 1137 76   97   316  293  1052 523  166  769  562  1031 1018 1291 
1296 77   624  391  216  469  330  581  220  777  884  1125 1078 195  176  645  196  423  290  21   598  339  902  843  1258 13   906  193  668  419  22   647  362  907  802  1163 1282 
1225 1224 1295 684  145  594  511  570  707  340  861  836  1305 1292 345  656  1185 154  909  442  159  754  591  1070 1149 68   101  332  307  1058 541  178  773  566  1033 1042 1297 
792  805  648  1175 168  355  918  623  1110 763  460  903  1184 105  208  705  256  477  296  15   602  381  904  849  1270 19   942  197  692  421  26   653  382  911  818  1171 1286 
455  1188 175  612  155  616  515  1242 721  96   889  550  1029 1312 375  688  1245 182  927  434  177  776  597  1090 1167 92   103  338  311  1076 547  194  787  586  1039 1046 1301 
864  875  816  1325 264  365  966  565  1326 755  234  917  650  1173 304  795  484  531  310  27   610  393  938  879  1298 29   978  199  716  431  34   659  386  919  838  1181 1294 
385  1248 245  768  185  696  527  1218 685  108  835  492  1003 940  1353 752  1335 184  963  470  201  782  633  1096 1191 98   107  356  313  1084 557  202  797  614  1049 1082 1303 
936  1015 912  625  312  395  984  629  324  785  276  949  726  1073 1220 147  676  549  322  33   632  411  946  921  1304 23   1002 211  722  433  38   661  394  929  842  1187 1306 
595  1368 605  588  205  702  535  1254 695  126  865  516  1007 948  1139 848  45   232  981  472  183  790  669  1102 1203 116  109  388  317  1108 563  206  809  622  1051 1094 1307 
1056 1085 1104 55   378  415  1026 635  192  793  294  955  732  1079 1068 1165 1156 507  328  39   638  417  962  933  1310 31   1038 223  724  439  46   673  398  937  862  1193 1318 
665  576  725  828  215  714  533  1272 713  132  893  522  1027 950  1141 1284 1211 110  1017 488  213  806  681  1106 1227 148  113  404  331  1124 569  214  811  626  1061 1114 1319 
1152 1265 1134 65   384  445  1032 649  1230 791  306  959  738  1081 1098 1169 36   1253 344  51   658  447  970  939  1334 41   1074 227  764  443  58   677  422  941  866  1201 1322 
715  1176 775  882  235  728  545  1302 731  150  899  564  1037 954  1135 1308 1207 66   1285 494  219  808  687  1112 1257 124  127  412  337  1132 571  218  821  634  1063 1126 1321 
1008 275  252  85   456  473  1064 655  72   799  342  965  774  1099 1164 1177 100  1261 138  1333 646  453  986  951  1336 37   1086 229  772  449  62   683  446  947  878  1213 1346 
935  1092 925  972  265  744  559  144  737  140  901  558  1043 996  1145 1314 1219 102  1313 282  1351 814  699  1118 1263 164  131  428  347  1172 577  226  823  662  1069 1138 1327 
1344 425  1232 95   408  481  510  667  1290 803  348  973  804  1111 1206 1189 24   1255 174  1339 366  25   994  993  1342 43   1146 233  788  457  74   691  454  953  886  1217 1354 
1045 336  845  1044 295  798  583  750  749  156  895  636  1055 1014 1147 1356 1241 78   1315 258  1355 474  289  1130 1293 188  137  436  349  1228 587  254  827  674  1087 1142 1361 
504  325  288  35   552  485  1128 671  60   817  372  979  846  1115 1212 1195 42   1271 222  1343 402  49   582  841  1358 53   1158 239  796  461  82   701  458  967  898  1223 1366 
1105 924  1025 1116 305  858  551  910  779  198  905  666  1057 1062 1157 48   1243 114  1331 318  1357 498  361  642  5    786  139  452  353  1244 593  262  829  694  1091 1154 1367 
672  475  396  115  462  493  390  697  1155 851  486  985  852  1133 1278 1199 30   1267 186  1345 426  121  606  961  678  47   1182 241  844  463  86   709  466  971  914  1229 4    
1235 432  1075 1332 335  888  553  870  767  204  913  708  1067 1060 1159 162  1247 130  1337 354  1363 534  529  654  7    822  149  508  359  1252 599  274  839  698  1093 1174 1    
756  575  468  125  546  505  1122 679  90   869  414  995  876  1121 1236 1205 54   1273 246  1349 438  169  618  1369 762  59   1194 251  892  467  94   719  478  977  922  1231 2    
