1296 1085 396  125  616  585  1288 675  224  975  608  735  1012 285  112  1095 484  171  286  927  584  93   830  411  1106 807  1426 1293 332  277  964  509  118  761  514  1031 974  1297 
1225 1404 1025 168  295  1064 495  448  825  392  1215 748  105  1276 615  848  1443 136  531  430  1413 710  237  986  591  1298 1047 116  173  596  397  1412 641  302  887  746  1163 1226 
792  1295 684  145  714  415  784  765  364  1035 572  1395 1184 345  176  1185 1156 243  296  963  590  111  854  417  1118 813  1432 1299 338  281  1004 521  122  769  526  1033 982  1301 
455  576  1075 312  305  966  515  832  855  476  1305 836  135  1274 645  944  1419 170  549  434  81   712  249  1010 597  1304 1059 124  179  604  401  1436 643  314  907  758  1171 1234 
864  1435 768  155  728  445  1302 635  308  1125 644  405  1036 375  208  1245 676  261  310  981  598  123  856  447  1112 831  1442 1317 356  283  1028 523  134  773  538  1039 998  1303 
385  432  1175 378  319  1128 535  324  685  532  1275 868  165  1292 705  976  729  154  603  442  15   742  267  1016 633  1310 1077 148  181  628  409  16   647  326  911  766  1181 1238 
936  175  828  185  798  451  1326 655  84   745  812  1425 1148 435  272  1239 1444 279  322  1017 602  141  872  453  1130 843  64   1329 388  293  1052 541  142  787  542  1049 1006 1307 
595  528  1183 384  335  1218 545  192  695  108  785  968  195  1312 795  1072 45   182  639  470  27   730  291  1022 669  1334 1101 164  191  652  419  6    653  334  919  778  1187 1262 
1056 245  972  187  888  473  1416 671  96   755  132  835  1078 465  304  1269 56   333  328  1083 610  129  874  471  1162 849  20   1347 404  307  1058 547  146  797  554  1051 1018 1319 
665  624  1325 456  329  1380 581  120  737  126  815  198  905  1316 885  1136 75   184  657  472  21   754  303  1030 681  1336 1119 172  193  668  421  8    659  346  929  794  1193 1282 
1152 425  1134 205  858  469  180  689  510  803  156  865  294  1007 368  1281 88   369  344  1143 632  159  890  489  1166 879  28   1371 412  311  1076 557  158  809  562  1061 1042 1321 
715  336  625  408  343  240  589  210  767  930  893  204  955  486  1099 1168 63   190  711  488  33   776  309  1034 687  1342 1137 188  197  692  431  10   661  358  937  802  1201 1286 
1008 325  1232 215  918  481  560  697  570  799  60   943  342  1037 636  1141 40   363  370  1179 646  177  902  501  1178 921  32   1383 428  313  1084 563  166  811  566  1063 1046 1327 
935  648  65   462  355  1122 611  270  749  1110 899  228  965  492  1081 774  1189 230  747  494  69   790  321  1048 699  1358 1149 212  199  716  433  14   673  362  941  818  1213 1294 
1344 475  252  221  896  485  1408 703  690  817  1410 949  348  1043 666  1145 954  1243 376  1233 638  183  904  519  1192 933  44   1389 436  317  1108 569  178  821  586  1069 1082 1361 
1045 1428 55   552  323  1144 945  1088 763  1230 901  276  985  516  1111 804  1195 1164 1285 506  39   782  327  1054 717  1370 1167 236  211  722  439  22   677  382  947  838  1217 1306 
504  575  588  209  840  493  704  1365 352  851  90   959  372  1055 708  1147 996  1247 1308 1345 658  201  946  537  1208 939  50   1401 452  331  1124 571  194  823  614  1087 1094 1367 
1105 924  85   546  341  630  629  1216 315  544  913  234  989  522  1115 846  1199 1206 1313 36   1387 806  339  1066 723  1378 1191 242  223  724  443  26   683  386  953  842  1223 1318 
672  725  882  235  952  517  300  707  416  1155 884  895  444  1057 726  1157 1062 1253 1314 1349 78   1441 938  543  1222 951  52   1437 508  337  1132 577  202  827  622  1091 1114 1373 
1235 1386 95   594  365  1242 623  330  779  736  525  988  995  558  1121 852  1205 1212 1315 24   1393 222  529  1070 753  1384 1203 244  227  764  449  34   691  394  967  862  1229 1322 
756  775  1044 217  984  497  450  713  750  869  928  225  1196 1067 732  1165 1014 1255 1356 1351 102  1417 366  17   1246 993  68   9    524  347  1172 587  206  829  626  1093 1126 1381 
1265 816  35   696  371  810  649  390  781  1190 627  992  255  1352 1133 876  1207 1236 1331 30   1391 246  841  534  43   1390 1227 268  229  772  457  38   701  398  971  866  1231 1346 
1092 605  1116 247  990  511  800  721  870  871  350  759  1204 555  464  1159 1068 1261 1422 1357 114  25   402  19   678  73   76   3    548  349  1228 593  214  839  634  1097 1138 1399 
1375 912  1421 480  377  880  819  440  791  1290 923  620  957  1372 915  1264 1211 1278 1333 42   1397 258  961  582  47   894  103  284  233  788  461  46   709  422  977  878  1237 1354 
1176 845  1332 203  1020 533  1100 1071 1000 889  150  973  950  1107 496  1311 104  1267 48   1355 138  49   426  23   762  79   1038 137  1374 353  1244 599  218  853  662  1103 1142 1409 
275  1104 77   540  403  1050 667  520  1197 1430 917  306  1027 1340 1173 1250 99   232  1337 54   1405 282  1369 606  53   906  107  1182 239  796  463  58   719  446  983  886  1249 1366 
1224 637  960  253  420  527  700  1089 1160 189  380  979  414  1073 512  1353 70   387  374  1363 186  121  438  29   786  83   1074 139  1398 359  1252 601  226  857  674  1109 1154 1423 
805  1392 91   600  391  1120 1287 640  1323 160  483  650  1003 564  1135 1328 117  238  801  518  1403 318  5    618  59   942  109  1194 241  844  467  62   727  454  991  898  1259 1382 
1188 833  1320 259  1140 559  980  297  1240 231  500  777  1060 1079 738  1169 110  423  406  1251 664  169  474  31   822  89   1086 149  1434 367  1268 607  254  859  694  1117 1174 1427 
875  288  119  660  413  1360 891  680  567  200  399  820  903  1364 1139 948  1219 248  867  530  51   808  7    642  61   978  113  1266 251  892  479  74   733  458  997  914  1277 1402 
1248 847  900  287  1170 551  1280 693  400  273  460  783  1150 1029 592  1177 1098 1273 410  1341 670  213  962  41   834  97   1146 151  12   373  1324 613  262  863  698  1123 1186 1429 
1015 468  133  780  407  1400 1053 760  441  220  609  740  969  1376 1005 1424 1241 1284 1339 536  57   814  381  1090 67   1002 127  1338 257  908  487  82   739  466  1009 922  1279 1418 
1368 925  216  301  1350 583  280  351  320  357  550  837  1180 1113 656  1407 128  1271 162  1379 682  219  970  573  1256 101  1158 157  18   379  1348 617  274  877  706  1129 1198 1433 
1001 612  115  702  427  1040 1377 770  513  260  651  850  987  1420 1209 100  147  250  1343 66   1411 824  393  1096 771  1394 131  1362 263  916  491  86   743  478  1013 926  1283 1438 
1440 931  264  265  1026 553  1300 459  910  621  580  861  1210 1131 688  1431 130  477  418  1385 174  289  994  579  1258 1011 92   163  556  383  1388 619  278  881  718  1151 1202 1439 
1309 720  161  744  395  1254 679  920  561  140  663  860  999  1024 1065 196  153  266  873  568  1415 354  11   1102 789  1406 1257 292  269  932  499  94   751  482  1019 934  1289 4    
1080 1127 360  299  1032 505  144  731  1330 429  490  897  1220 1161 752  1335 152  507  424  1359 686  361  498  37   1270 1041 98   167  578  389  1396 631  298  883  734  1153 1214 1    
539  1200 143  1260 437  1272 565  72   793  340  741  940  1023 80   1221 256  207  290  909  574  87   826  13   654  71   1414 1263 316  271  956  503  106  757  502  1021 958  1291 2    
