1440 931  1020 247  1260 391  1050 611  870  767  192  917  306  1115 732  1255 1314 1397 30   1517 174  5    426  59   762  113  1146 193  1506 263  668  443  16   691  334  971  794  1237 1286 
1001 360  133  810  323  420  517  980  703  1155 871  132  1027 516  1177 1062 1345 944  1469 102  361  282  31   606  89   942  163  1338 229  316  331  1076 577  142  829  554  1097 1042 1409 
1080 1127 1170 253  840  403  1120 1053 1190 793  1458 949  294  1121 774  1261 1356 1403 42   25   186  11   438  61   786  127  1158 191  12   269  692  449  6    701  346  977  802  1249 1294 
1309 480  161  1040 341  630  527  280  1521 140  869  150  1037 522  1195 1068 1349 1072 1465 78   529  318  37   618  97   978  157  1362 233  332  337  1084 587  146  839  562  1103 1046 1423 
720  1183 1140 259  450  407  1400 1377 400  459  260  959  342  1133 804  1267 1422 1405 54   49   222  13   474  67   822  131  1182 199  18   271  716  457  8    709  358  983  818  1259 1306 
1463 540  143  1360 329  120  533  770  351  160  483  550  1043 558  1189 1098 1351 976  1477 114  841  354  41   642  101  1002 173  1374 239  338  347  1108 593  158  853  566  1109 1082 1427 
1200 1421 1350 287  800  413  270  667  784  513  416  651  836  1135 846  1271 1450 1173 88   169  246  17   498  71   834  137  1194 197  68   1389 722  461  10   719  362  991  838  1277 1318 
539  600  187  1520 693  520  511  510  737  200  609  572  735  1184 1199 1164 1357 1136 1335 238  961  366  43   654  103  1038 167  1398 241  356  349  1124 599  166  857  586  1117 1094 1429 
960  1519 1380 221  1280 1071 760  623  930  781  380  777  928  1425 1274 1273 1460 1131 56   45   374  19   534  73   894  139  1266 223  76   1401 724  463  14   727  382  997  842  1279 1322 
637  660  203  880  819  440  1449 1160 707  1410 889  580  837  1036 165  1376 1113 1168 1353 266  423  574  47   678  107  1074 181  1434 251  388  353  1132 601  178  859  614  1123 1114 1433 
1320 91   1500 299  1100 1197 1000 441  1430 791  60   973  850  897  1292 345  272  1065 104  75   418  909  710  79   906  149  1310 211  92   1437 764  467  22   733  386  1009 862  1283 1346 
833  990  217  180  343  640  1287 1240 357  220  893  156  1057 1060 1023 1484 645  1264 1407 286  477  584  1467 854  109  1086 179  1446 257  404  359  1172 607  194  863  622  1129 1126 1439 
900  119  240  301  1300 1323 920  1089 320  273  460  979  348  1139 1312 375  304  1095 128  147  430  927  712  111  1016 151  1334 227  98   1461 772  479  26   739  394  1013 866  1289 1354 
847  780  209  300  371  680  567  1480 231  340  627  620  1067 564  1205 1504 795  1328 1419 230  507  590  1503 856  291  1130 699  1448 1167 412  367  1228 613  202  877  626  1151 1138 1447 
1296 77   624  319  1476 427  1144 189  832  399  500  741  860  1141 852  1285 368  1185 136  117  424  963  730  123  1022 489  1336 933  116  1473 788  487  34   743  398  1019 878  1291 1366 
1225 1224 1435 468  185  594  535  1496 945  352  621  740  861  1150 1211 1206 1355 1424 1431 250  531  598  81   872  303  1162 717  1462 1191 428  373  1244 617  206  881  634  1153 1142 1451 
792  805  528  1445 1452 415  952  675  704  1365 608  759  940  969  1210 1313 1494 1415 152  153  434  981  742  129  1030 501  1342 939  124  1497 796  491  38   751  422  1021 886  1297 1382 
455  1188 1505 396  205  616  585  1064 975  544  315  884  903  1180 1029 1420 1363 36   1507 290  549  602  15   874  321  1166 723  1474 1203 436  379  1252 619  214  883  662  1163 1154 1453 
864  875  648  1475 168  437  1408 765  448  495  736  525  968  987  1276 1107 80   1411 70   171  442  1017 754  141  1048 519  1358 951  148  1509 844  499  46   757  446  1031 898  1301 1402 
385  1248 175  612  215  696  545  1288 1485 224  855  748  1305 1196 105  1508 1161 1250 1443 310  603  610  21   890  309  1178 753  1490 1227 452  383  1268 631  218  887  674  1171 1174 1459 
936  1015 816  625  216  445  966  635  1088 825  476  1125 868  405  1352 465  464  1209 110  207  470  1083 776  159  1034 537  1370 993  164  9    892  503  58   761  454  1033 914  1303 1418 
595  1368 245  684  235  702  551  1128 695  364  1035 812  1275 1078 255  1024 705  196  1479 296  639  632  27   902  327  1192 771  1498 1257 508  389  1324 641  226  907  694  1181 1186 1471 
1056 1085 912  35   264  469  330  679  1254 785  308  1215 988  225  1316 435  496  1221 130  243  472  1143 782  177  1054 543  1378 1011 172  3    908  509  62   769  458  1039 922  1307 1438 
665  1404 725  768  265  744  553  570  721  1416 895  644  1395 1148 195  112  885  256  1491 328  657  638  39   904  381  1208 789  1510 1263 524  397  1348 643  254  911  698  1187 1198 1481 
1152 1295 1104 55   312  451  390  649  1110 799  72   955  1012 135  1364 555  512  1239 170  261  488  1179 790  183  1066 573  1384 1041 188  277  916  521  74   773  466  1049 926  1319 1454 
715  576  775  588  295  714  583  210  731  1464 899  198  1055 1204 285  176  915  484  729  322  711  646  33   938  339  1222 807  64   1293 548  401  1388 647  262  919  706  1193 1202 1483 
1512 1495 1134 65   378  473  1470 671  1230 803  84   965  372  1145 1372 615  592  1245 154  279  494  1233 806  213  1070 579  1390 1047 212  281  932  523  82   787  478  1051 934  1321 1466 
935  1176 845  828  305  728  589  690  749  1482 901  228  1073 636  1207 208  1005 676  1455 344  747  658  51   946  393  1246 813  20   1299 556  409  1396 653  274  929  718  1201 1214 1487 
1008 275  1392 85   384  485  984  689  1290 851  90   989  486  1147 876  1315 656  1269 182  333  506  1251 808  201  1090 591  1394 1059 236  283  956  541  86   797  482  1061 958  1327 1478 
1045 1428 925  882  335  798  559  750  763  144  913  204  1079 708  1219 1212 1379 100  99   376  801  664  57   962  411  1256 831  28   1317 578  419  1412 659  278  937  734  1213 1226 1489 
1344 325  1232 95   408  481  560  697  1272 815  96   985  414  1157 948  1331 48   1417 184  363  518  1341 814  219  1102 597  1406 1077 242  293  964  547  94   809  502  1063 974  1361 1486 
1105 924  1025 972  355  896  891  910  779  1518 905  234  1099 666  1241 1236 1385 1156 1515 406  867  670  69   970  417  1258 843  32   1329 596  421  1436 661  298  941  746  1217 1234 1493 
504  425  1456 115  456  493  700  297  1472 817  108  995  444  1159 954  1333 162  1441 232  369  530  1359 824  237  1096 633  1414 1101 244  307  1004 557  106  811  514  1069 982  1367 1502 
1235 1386 1075 1044 365  858  629  1330 429  350  923  276  1111 738  1243 1278 1387 24   1501 370  873  682  87   994  447  1270 849  44   1347 604  431  1468 673  302  947  758  1223 1238 1499 
672  475  1488 125  462  505  1026 713  1216 561  490  1003 492  1165 996  1337 688  1457 66   289  536  1413 826  249  1106 669  1426 1119 268  311  1028 563  118  821  526  1087 998  1373 1514 
1265 336  1175 1116 377  888  565  1218 745  392  663  820  1081 726  1247 1284 1393 1444 1513 138  1369 686  93   986  453  1298 879  50   1371 628  433  1492 677  314  953  766  1229 1262 1511 
756  575  252  145  552  497  1032 655  1302 835  532  783  950  1169 1014 1343 752  1281 190  121  258  23   830  267  1112 681  1432 1137 284  313  1052 569  122  823  538  1091 1006 1381 4    
1375 432  1325 1332 395  918  581  1242 755  324  943  650  957  1220 1253 1308 1391 40   63   410  7    402  53   1010 471  1304 921  52   1383 652  439  1516 683  326  967  778  1231 1282 1    
1092 605  288  155  546  515  1122 685  1326 865  126  1007 992  999  1340 1339 848  1311 248  387  568  29   582  83   1118 687  1442 1149 292  317  1058 571  134  827  542  1093 1018 1399 2    
