1584 1015 1488 65   462  391  630  667  1540 1377 770  513  460  861  1184 105  176  795  196  45   266  711  590  33   904  411  1258 921  1586 1497 428  367  1132 617  158  883  586  1171 1114 1471 
1225 1248 847  1332 235  984  517  1120 1053 760  351  140  663  860  1029 1364 345  656  1335 152  333  430  1233 742  201  1070 669  1432 1203 172  241  724  487  8    751  362  1031 842  1303 1346 
1296 1085 1536 85   546  395  1218 671  560  891  1190 621  490  897  1210 1269 112  885  256  63   290  747  598  51   902  417  1270 933  1592 1509 436  373  1172 619  166  887  614  1181 1126 1481 
385  1368 1025 1452 265  918  515  1554 767  680  297  200  741  812  1161 1372 435  688  1455 184  363  434  1251 754  213  1090 681  1442 1227 188  251  764  491  10   757  382  1033 862  1307 1354 
864  1295 288  95   594  403  1254 655  1458 851  1240 357  500  969  1196 165  208  915  484  75   296  801  602  57   938  447  1298 939  1598 1527 452  379  1228 631  178  907  622  1187 1138 1483 
455  576  931  1476 295  952  533  1518 745  108  917  1430 651  940  1113 1376 465  752  1491 232  369  442  1341 776  219  1096 687  1448 1257 212  257  772  499  14   761  386  1039 866  1319 1366 
792  1435 396  115  616  675  1288 685  72   785  198  989  550  999  1220 1311 272  1005 676  99   310  873  610  39   946  453  1304 951  64   1563 508  383  1244 641  194  911  626  1193 1142 1487 
595  1404 1075 1568 585  1064 495  832  749  132  865  294  1073 850  1131 1420 1407 848  1515 182  387  470  1359 782  237  1102 699  1462 1263 236  263  788  503  22   769  394  1049 878  1321 1382 
936  1505 468  125  896  1485 448  825  416  815  204  955  372  1141 1292 1281 1580 1443 1156 171  322  867  632  87   962  471  1310 993  20   1569 524  389  1252 643  202  919  634  1201 1154 1489 
665  432  1127 1548 253  784  765  1216 1155 884  895  276  995  522  1177 1450 1419 944  1533 110  423  472  1413 790  249  1106 717  1474 1293 242  269  796  509  26   773  398  1051 886  1327 1402 
1056 1547 1320 133  1020 437  1408 1575 544  525  968  965  348  1115 738  1253 80   1479 1444 117  328  909  638  69   970  489  1334 1011 28   9    548  397  1268 647  206  929  662  1213 1174 1493 
805  528  1183 360  287  1500 551  704  1365 748  855  308  1055 558  1195 996  1333 976  1545 154  477  488  1467 806  267  1112 723  1490 1299 244  271  844  521  34   787  422  1061 898  1361 1418 
1152 175  612  143  1140 413  1040 1071 352  735  992  1215 476  1135 774  1255 1212 1363 56   153  344  927  646  111  986  501  1342 1041 32   3    556  401  1324 653  214  937  674  1217 1186 1499 
715  648  1175 168  299  1530 553  1100 1323 572  1035 364  1305 868  1189 1014 1315 1524 1415 248  507  506  1503 808  291  1118 753  1498 1317 268  277  892  523  38   797  446  1063 914  1367 1438 
1512 275  1456 145  714  451  1360 1197 440  1539 224  1275 532  405  1204 1271 1278 1379 24   1513 370  963  658  93   994  519  1336 1047 44   173  1542 409  1348 659  218  941  694  1223 1198 1511 
935  1596 1325 216  305  966  559  1280 1449 1000 429  392  1395 1036 225  1484 1339 1572 1417 114  1561 494  1557 814  303  1130 771  1510 1329 284  281  908  541  46   809  454  1069 922  1373 1454 
1008 425  1232 155  696  415  1272 679  640  441  1480 561  644  1425 1274 255  304  1385 42   1517 258  121  664  123  1016 537  1358 1059 50   179  1578 419  1388 661  226  947  698  1229 1202 1523 
1045 336  1445 264  301  1026 535  1566 763  920  189  260  783  1078 135  1504 555  1072 1441 130  1589 426  5    824  321  1162 789  1526 1347 292  283  916  547  58   811  458  1087 926  1381 1466 
1344 475  252  185  702  427  1326 695  96   869  400  399  620  1107 1276 195  368  1065 104  147  374  169  606  29   1010 543  1370 1077 52   181  12   421  1396 673  254  953  706  1231 1214 1531 
1105 1386 1475 312  319  1600 581  144  755  126  923  220  777  950  1173 1024 615  1168 1551 170  531  518  11   762  53   1178 807  1528 1371 316  293  932  557  62   821  466  1091 934  1399 1478 
504  575  588  187  1260 473  1520 689  84   835  228  1003 580  987  1312 285  464  1185 128  207  376  981  670  31   894  79   1378 1101 68   191  18   431  1412 677  262  967  718  1237 1226 1543 
1235 1428 1525 378  323  840  583  1400 779  156  905  342  1057 1060 1209 1564 645  1136 1581 190  549  530  1587 826  61   1002 103  1534 1383 332  307  956  563  74   823  478  1093 958  1409 1486 
672  605  684  205  728  493  1050 697  700  893  234  985  414  1139 1316 375  496  1095 88   243  406  1017 682  129  1022 83   1146 131  76   193  578  433  1436 683  274  971  734  1249 1234 1549 
1265 624  1421 384  335  1032 589  1470 781  510  943  306  1079 564  1199 1508 705  1264 1593 230  603  568  81   830  309  1166 107  1194 151  1398 311  964  569  82   827  482  1097 974  1423 1502 
756  725  768  161  744  445  1416 703  980  871  930  1007 150  1147 804  1267 512  1245 136  261  410  1083 686  141  1048 573  1384 137  1362 197  596  439  1468 691  278  977  746  1259 1238 1553 
1375 816  1519 480  329  1122 545  324  793  570  949  1410 1099 636  1205 1062 1337 1424 1599 238  639  536  15   854  327  1192 813  1544 157  1434 313  1004 571  86   829  502  1103 982  1427 1514 
1092 775  828  203  990  469  1464 707  270  889  1110 1027 444  1145 846  1247 1284 1387 40   279  418  1143 712  159  1030 579  1390 1119 92   199  604  443  1492 701  298  983  758  1277 1262 1559 
1595 912  1573 540  343  240  611  450  791  690  959  1590 1081 666  1207 1068 1343 48   1457 250  657  574  27   856  339  1208 831  1558 1389 338  317  1028 577  94   839  514  1109 998  1429 1522 
1176 845  882  209  1170 497  180  713  330  899  1230 1037 486  1157 876  1261 1308 1391 30   1529 424  1179 710  177  1034 591  1394 1137 98   211  628  449  1516 709  302  991  766  1279 1282 1567 
1495 1134 625  408  341  810  623  1300 799  750  973  60   1111 708  1211 1098 1345 162  1469 138  1565 584  21   872  381  1222 843  1562 1401 356  331  1052 587  106  853  526  1117 1006 1433 1538 
924  925  972  215  798  481  300  721  390  901  1290 1043 492  1159 852  1273 1314 1393 54   1535 282  361  730  183  1054 597  1406 1149 116  223  652  457  1532 719  314  997  778  1283 1286 1571 
325  1104 35   456  355  1128 629  120  803  870  979  90   1121 726  1219 1164 1349 1250 1477 174  1585 438  7    874  393  1246 849  1570 1437 388  337  1058 593  118  857  538  1123 1018 1439 1546 
1188 245  1044 217  858  485  1302 731  210  913  1330 1067 516  1165 948  1285 1356 1397 78   1541 318  529  618  37   1066 633  1414 1167 124  227  668  461  1556 727  326  1009 794  1289 1294 1579 
875  1392 55   552  365  1144 565  192  817  910  459  350  1133 732  1241 1206 1351 1328 1465 186  1591 474  13   786  59   1256 879  1576 1461 404  347  1076 599  122  859  542  1129 1042 1447 1574 
1224 539  1116 221  888  505  1482 737  280  1089 320  627  650  1169 954  1313 1422 1403 66   1537 354  841  642  41   906  89   1426 1191 148  229  692  463  1588 733  334  1013 802  1291 1306 1583 
1001 720  77   600  371  1242 635  1088 1287 1160 231  340  759  1180 1243 1236 1355 1552 1501 222  25   498  17   822  67   1038 109  1582 1473 412  349  1084 601  134  863  554  1151 1046 1451 1594 
1440 637  960  247  1350 511  1496 945  608  1521 160  483  740  957  1340 1331 1494 1405 102  1555 366  961  654  43   942  97   1158 139  164  233  716  467  16   739  346  1019 818  1297 1318 1597 
1309 1200 91   660  377  880  819  1472 315  836  273  380  837  1148 1221 1460 1357 36   1507 246  49   534  19   834  71   1074 113  1266 163  1446 353  1108 607  142  877  562  1153 1082 1453 4    
1080 833  900  259  1380 527  800  693  736  975  1012 609  820  1023 1352 1353 592  1411 70   1577 402  1369 678  47   978  101  1182 149  1374 239  722  479  6    743  358  1021 838  1301 1322 1    
1463 1560 119  780  407  420  649  520  567  928  1125 988  903  1150 1239 1550 1431 100  729  286  289  582  23   890  73   1086 127  1338 167  1506 359  1124 613  146  881  566  1163 1094 1459 2    
