1584 1015 1488 35   594  355  1128 635  1608 785  84   949  60   1079 516  1205 1014 1349 1668 1507 78   1585 282  49   618  23   1074 101  1374 163  12   277  892  541  26   811  422  1091 914  1409 1454 
1225 1248 245  1452 215  896  505  1464 745  192  865  132  1007 306  1141 738  1267 1308 1405 24   1541 174  1649 438  1369 834  61   1194 131  1542 197  452  409  1348 661  206  953  674  1237 1198 1549 
1296 1085 1392 65   462  365  1144 655  1674 815  96   955  198  1081 522  1207 1062 1351 48   1513 66   1591 318  121  642  29   1086 103  1398 167  18   281  908  547  34   821  446  1093 922  1423 1466 
385  1368 847  1476 235  952  675  1496 749  1458 895  156  985  342  1147 774  1273 1314 1411 30   1561 186  1651 474  1681 894  67   1266 137  1578 199  508  419  1388 673  214  967  694  1249 1202 1553 
864  1295 1536 55   546  395  1408 1575 704  817  108  959  228  1099 564  1211 1068 1355 162  1517 102  1603 354  169  654  31   1146 107  1434 173  164  283  916  557  38   823  454  1097 926  1427 1478 
455  1632 925  882  253  984  515  1672 945  1472 901  1230 1027 348  1157 804  1285 1356 1415 42   1555 222  1655 498  5    906  71   1338 139  1614 211  524  421  1396 677  218  971  698  1259 1214 1559 
792  1435 288  85   696  407  1242 685  832  1155 608  973  90   1111 558  1219 1098 1357 1136 1529 114  1631 366  289  678  37   1158 109  1446 179  172  293  932  563  46   827  458  1103 934  1429 1486 
595  1404 931  1548 259  1140 553  1482 755  416  315  836  1043 372  1159 846  1313 1422 1417 40   1589 246  1661 534  7    942  73   1358 149  1626 223  548  431  1412 683  226  977  706  1277 1226 1567 
936  1505 396  95   702  413  1600 671  144  835  572  735  988  1115 636  1241 1164 1363 1168 207  130  1633 402  361  762  41   1162 789  1510 181  188  307  956  569  58   829  466  1109 958  1433 1502 
665  1656 1025 1568 265  1026 559  1360 763  72   905  884  1035 1184 1165 852  1315 1494 1441 70   363  290  1673 582  11   978  79   1370 1059 1670 1569 556  433  1436 691  254  983  718  1279 1234 1571 
1056 1547 684  115  616  415  1254 689  120  851  126  965  532  1305 1352 1243 1206 1379 1250 243  170  873  584  529  786  43   1166 807  1526 1317 212  311  964  571  62   839  478  1117 974  1439 1514 
805  576  1075 168  295  966  535  1518 779  510  913  204  995  1196 225  1612 1331 1524 1457 88   369  310  1413 730  13   1002 83   1378 1077 64   1623 578  439  1468 701  262  991  734  1283 1238 1579 
1152 1625 1134 125  714  445  1272 695  324  869  870  979  234  1121 1364 255  304  1385 1264 1245 296  867  590  51   872  47   1178 813  1528 1329 236  313  1004 577  74   853  482  1123 982  1447 1522 
715  1428 1175 216  299  1032 545  1554 781  570  917  1290 1057 414  1169 1628 345  592  795  104  387  370  1467 742  213  1030 579  1384 1101 20   1641 596  443  1492 709  274  997  746  1289 1262 1583 
1512 275  1456 145  744  427  1326 713  210  871  930  1003 150  1133 666  1247 176  615  1328 1185 322  909  598  57   890  381  1192 831  1534 1347 242  317  1028 587  82   857  502  1129 998  1451 1538 
935  1596 1325 264  287  1170 551  180  793  690  923  1410 1067 444  1177 876  1333 752  885  128  423  410  1503 754  219  1034 591  1390 1119 28   1671 604  449  1516 719  278  1009 758  1291 1282 1597 
1008 325  1232 155  858  437  1400 697  270  889  1110 989  294  1135 708  1253 1212 1387 1424 1455 328  927  602  69   902  411  1208 843  1544 1371 244  331  1052 593  86   859  514  1151 1006 1453 1546 
1045 336  1445 312  301  1350 583  300  791  750  943  1590 1073 486  1189 948  1337 1572 1465 136  477  430  1557 776  237  1048 597  1394 1137 32   9    628  457  1532 727  298  1013 766  1297 1286 1601 
1344 425  252  185  918  451  1470 703  330  893  910  1037 276  1139 726  1255 1236 1391 1552 1335 344  963  610  87   874  417  1222 849  1558 1383 268  337  1058 599  94   863  526  1153 1018 1459 1574 
1105 1386 1475 378  305  1064 611  450  799  770  459  308  1055 492  1195 954  1343 1602 1469 152  507  470  1587 790  249  1054 633  1406 1149 44   3    652  461  1556 733  302  1019 778  1301 1294 1607 
504  475  468  187  728  1485 1624 731  280  1521 1610 663  812  1145 732  1261 1278 1393 1616 1545 374  981  632  93   904  447  1246 879  1562 1389 284  347  1076 601  106  877  538  1163 1042 1471 1594 
1235 432  1127 960  319  1288 495  784  1377 1240 513  392  975  1204 1199 996  1339 1580 117  154  531  488  1611 782  267  1066 669  1414 1167 50   227  668  463  1588 739  314  1021 794  1303 1306 1609 
672  575  612  133  600  473  1664 765  1216 441  160  783  868  1425 1372 1271 1284 1397 1648 1515 376  1017 638  111  938  453  1256 921  1570 1401 292  349  1084 607  118  881  542  1171 1046 1481 1618 
1265 1638 1525 384  323  630  589  448  585  352  399  460  999  1274 135  1652 1345 1644 1477 184  549  472  1629 806  291  1070 681  1426 1191 52   229  692  467  1604 743  326  1031 802  1307 1318 1613 
756  605  588  143  1260 481  1540 1053 1088 1365 736  651  580  1161 1484 195  272  1403 36   1535 406  1083 658  123  946  471  1258 933  1576 1437 316  353  1108 613  122  883  554  1181 1082 1483 1622 
1375 624  1675 408  341  1050 629  700  1539 544  525  928  903  820  1209 1666 435  656  1501 54   1565 506  81   808  309  1090 687  1432 1203 68   233  716  479  1636 751  334  1033 818  1319 1322 1619 
1092 725  768  161  780  493  240  737  520  189  748  855  992  1113 940  1419 368  555  196  1537 138  1643 646  129  962  489  1270 939  1582 1461 332  359  1124 617  134  887  562  1187 1094 1487 1642 
1595 648  1183 900  329  1380 581  800  1197 1430 483  968  1125 1276 1281 1150 1551 688  915  182  1577 258  1679 814  303  1096 699  1442 1227 76   239  722  487  1676 757  346  1039 838  1321 1346 1621 
1176 775  828  119  660  469  810  707  440  357  200  777  1012 1395 1376 1431 1340 1659 256  1605 424  1639 426  841  970  501  1298 951  1586 1473 338  367  1132 619  142  907  566  1193 1114 1489 1646 
1495 528  1421 360  343  1500 623  1100 1323 1480 561  380  987  1292 105  1024 1581 1660 147  232  603  494  25   606  17   1102 717  1448 1257 92   241  724  491  16   761  358  1049 842  1327 1354 1627 
924  845  972  203  990  497  880  819  680  231  260  837  650  1221 1504 285  464  1677 100  279  190  1143 664  961  822  53   1304 993  1592 1497 356  373  1172 631  146  911  586  1201 1126 1493 1654 
1615 1104 1519 480  371  1530 667  1280 1449 1640 609  500  1023 490  1311 112  465  848  153  110  639  518  15   824  19   1038 89   1462 1263 98   251  764  499  6    769  362  1051 862  1361 1366 1637 
1188 1645 1044 209  1020 511  1040 693  760  273  220  861  740  1131 1060 1443 512  645  484  261  230  1179 682  141  986  59   1182 113  1598 1509 388  379  1228 641  158  919  614  1213 1138 1499 1658 
875  816  1573 1680 377  1650 679  1300 1617 400  621  550  1029 850  1269 1210 1593 976  1005 238  657  530  21   830  321  1106 97   1362 151  116  257  772  503  8    773  382  1061 866  1367 1382 1657 
1224 175  1116 221  840  527  1520 1071 920  297  140  897  620  1239 950  1479 1420 729  676  1635 418  1233 670  159  994  519  1310 127  1506 191  404  383  1244 643  166  929  622  1217 1142 1511 1678 
1001 912  625  456  391  1120 1287 640  567  320  627  476  1107 860  1353 1220 1599 80   171  248  711  536  27   826  327  1112 723  1474 157  1662 263  788  509  10   787  386  1063 878  1373 1402 1663 
1440 539  1332 205  798  517  560  891  1000 351  224  825  1036 1173 1180 1491 1460 63   1156 45   434  1251 686  183  1010 537  1334 1011 1606 193  412  389  1252 647  178  937  626  1223 1154 1523 4    
1309 720  77   552  335  1218 649  980  1089 1190 741  644  1215 1312 1407 1450 1647 944  1065 266  747  568  33   856  339  1118 753  1490 1293 124  269  796  521  14   797  394  1069 886  1381 1418 1667 
1080 637  1620 217  888  485  1302 767  1160 429  340  957  1148 1665 1508 1533 1550 99   1444 75   442  1341 710  177  1016 543  1336 1041 1630 1527 428  397  1268 653  194  941  634  1229 1174 1531 2    
1463 1200 91   540  403  1122 565  1566 803  1330 759  364  1275 1316 165  208  1653 1072 1095 286  801  574  39   854  393  1130 771  1498 1299 148  271  844  523  22   809  398  1087 898  1399 1438 1669 
1560 833  1320 247  420  533  1416 721  390  899  350  969  1078 405  1564 375  496  705  56   333  250  1359 712  201  1022 573  1342 1047 1634 1563 436  401  1324 659  202  947  662  1231 1186 1543 1    
