1120 1539 910  957  490  1479 1340 153  592  475  1092 85   288  287  960  511  1140 707  270  959  1326 1145 108  1343 726  1565 1602 289  498  137  1542 337  578  449  1492 727  218  1019 706  1303 1234 1613 
1287 700  561  140  1269 950  1743 1690 369  1616 1325 1638 205  972  407  600  623  1530 817  1110 1067 1704 1247 372  1417 1098 1687 114  47   1002 239  212  1563 1004 593  38   863  458  1163 958  1481 1514 
1400 1089 1160 999  532  1581 1376 171  688  507  128  95   396  301  900  527  1170 721  330  973  1410 1157 126  1349 732  1577 1644 529  534  139  1578 347  596  457  1516 733  226  1021 718  1307 1238 1619 
1683 980  627  160  1353 940  1749 1660 423  1648 801  154  215  1044 413  660  667  240  871  1026 1073 1722 1255 348  1441 1164 1691 174  53   1038 241  236  1569 1028 599  46   877  466  1171 974  1483 1522 
1600 1521 1190 1023 580  1533 1420 243  656  531  40   1017 296  305  216  533  1350 749  510  979  1302 1159 132  1351 738  1585 1668 961  582  149  1614 349  604  461  1532 739  254  1031 734  1319 1262 1621 
693  1700 741  200  1281 1060 729  1708 1545 1712 847  170  1341 406  415  408  649  1740 869  966  995  1752 1253 414  1457 1206 1703 138  59   1074 251  242  1623 1052 601  58   881  478  1181 982  1487 1538 
1040 441  1240 903  550  1547 1450 279  752  539  1440 1519 290  1587 488  515  696  763  390  1003 1464 1165 156  1355 774  1589 1734 841  606  151  1626 353  628  463  1556 743  262  1033 746  1321 1282 1627 
1071 440  483  220  1311 1180 63   1748 1595 1404 931  1080 161  410  21   584  635  744  889  1032 1055 144  1267 444  1465 1212 1711 186  61   1086 257  244  1641 1058 607  62   883  482  1187 998  1489 1546 
1760 189  1430 987  620  1599 1460 261  848  575  432  77   720  323  506  57   682  745  888  895  1416 1169 150  1357 804  1591 1746 1369 618  157  1662 359  652  467  1588 751  274  1039 758  1327 1286 1637 
819  640  609  260  1309 1150 99   1024 1605 1744 1127 1560 203  1200 427  590  129  782  815  1122 1079 324  1261 486  1469 1236 1717 246  67   1146 263  268  1671 1076 613  74   887  502  1193 1006 1493 1574 
880  273  1480 1029 650  1593 1372 1105 944  549  104  119  1320 329  360  551  670  213  856  905  1518 1189 198  1363 852  1603 48   5    642  163  1686 367  668  479  1604 757  278  1049 766  1361 1294 1657 
1197 680  651  340  1407 1184 715  1512 1615 196  867  190  217  1620 437  630  671  790  291  986  1099 192  1271 516  1477 1278 1727 222  71   1158 269  284  1689 1084 617  82   907  514  1201 1018 1499 1594 
1360 231  1640 1001 740  1647 1484 1235 1008 605  152  1143 328  341  420  559  1380 767  872  393  1054 1177 204  1379 846  1631 162  1681 654  167  1698 373  692  487  1636 761  298  1051 778  1367 1306 1663 
1323 520  759  380  1419 1148 885  112  1625 1764 1445 232  1359 424  451  1020 679  810  893  970  489  1130 1273 492  1501 1284 1735 258  73   1182 271  292  1707 1108 619  86   911  526  1213 1042 1511 1618 
1520 297  1330 1107 644  375  1504 1185 976  725  1176 115  344  1611 494  553  1500 779  690  1007 1066 579  1258 1385 876  1633 36   7    678  173  1758 379  716  491  1676 769  302  1061 794  1373 1318 1667 
1449 760  663  224  225  1078 795  176  1635 256  1475 816  209  430  27   610  689  180  899  1128 1111 1162 687  1358 1507 1308 1739 318  79   1194 277  316  1713 1124 631  94   919  538  1217 1046 1523 1622 
800  351  1610 1131 748  435  1564 1085 1072 637  528  35   468  343  530  69   686  781  570  989  1482 1195 1298 789  1426 1639 24   11   762  179  12   383  722  499  1682 773  314  1063 802  1381 1322 1669 
1617 920  783  308  135  1196 665  936  1645 576  1183 912  235  1116 469  632  141  806  901  1218 1081 1458 1285 1378 849  1498 1745 282  83   1266 281  332  1731 1132 641  106  929  542  1223 1082 1531 1642 
1280 357  1720 1173 812  465  1508 1265 1248 775  648  91   612  335  264  535  712  219  874  955  1554 1199 228  1393 1432 951  1562 13   786  181  18   389  724  503  1684 787  326  1069 818  1399 1346 1693 
1701 1000 777  352  195  1204 915  208  1705 504  1525 1104 247  1332 445  456  655  808  309  994  1115 72   1313 522  1513 1510 1047 1598 89   1338 283  338  1761 1172 643  118  937  554  1229 1094 1543 1646 
1100 399  400  1113 836  555  1612 1245 1136 845  1386 125  588  355  168  545  594  755  902  411  1102 1205 276  1387 948  1643 1570 1119 1702 191  52   1347 764  509  1724 797  334  1087 838  1409 1354 1697 
567  1144 837  460  1431 1274 935  304  1695 484  1675 1134 221  1452 481  462  685  798  835  1016 501  1166 1315 558  1517 1314 1751 1606 1167 20   1263 356  9    1228 647  122  941  562  1231 1114 1549 1654 
1300 459  1750 1161 820  1653 1652 1335 1168 603  136  143  1680 377  480  589  702  785  918  965  1096 591  1304 1391 954  1649 30   17   1730 1227 68   1371 772  521  1732 809  346  1091 842  1423 1366 1699 
891  280  897  350  1443 1210 117  272  1715 676  873  230  319  1260 473  780  697  858  865  1242 1121 1192 699  1370 1529 1356 1757 354  97   28   1293 388  3    1244 653  134  947  566  1237 1126 1553 1658 
560  429  784  1209 850  1659 1550 333  1264 639  70   1083 310  391  540  581  1650 791  984  985  1566 1207 1270 807  1442 1651 54   19   822  193  76   1383 788  523  1756 811  358  1093 862  1427 1382 1709 
1053 952  1305 392  1551 1220 147  80   387  100  909  238  1413 418  493  990  703  300  913  1272 1133 60   1331 1384 879  1526 1763 366  101  1362 293  404  397  1252 659  142  953  586  1249 1138 1559 1678 
1540 513  448  1725 868  1677 1580 363  1250 657  110  1179 322  1629 518  611  1470 793  750  1027 1590 1211 234  1397 1448 993  1576 23   834  197  92   1389 796  541  16   821  362  1097 866  1429 1402 1721 
1377 770  969  364  165  1292 207  464  477  1156 927  248  1467 434  15   602  713  450  917  1230 1139 90   1333 564  1535 1528 1059 1630 103  1374 307  412  401  1268 661  146  967  614  1259 1142 1567 1706 
1232 621  320  1221 928  385  1696 1295 1328 711  130  1233 370  1719 536  87   710  799  870  1037 1674 1219 294  1403 996  1655 1582 1137 1738 199  98   1401 844  547  6    823  382  1103 878  1433 1418 1723 
1755 1408 861  500  1463 1728 805  1056 175  1444 963  250  1503 442  33   646  159  814  923  1254 1135 84   1339 636  1541 1422 25   1634 1191 32   1299 428  409  1324 673  158  971  622  1277 1154 1571 1714 
1568 855  704  1239 860  1729 1296 1435 1368 833  184  1251 374  1737 568  93   730  237  890  1043 1608 1241 342  1405 1014 1661 42   29   1742 1257 116  1437 892  557  8    827  386  1109 886  1439 1438 1733 
1485 1288 1395 544  1491 1276 875  1152 245  1716 1421 286  1557 470  39   638  177  824  321  1010 1141 96   1337 666  1537 1494 121  402  107  44   1317 436  419  1348 677  166  977  626  1279 1174 1579 1718 
1456 1125 832  315  968  455  792  1495 1632 925  624  133  376  81   574  111  742  249  904  417  1070 1243 306  1415 1062 1673 78   31   894  211  124  1461 908  563  10   829  394  1117 898  1447 1454 1741 
495  1624 1425 572  1225 1584 1015 1188 325  672  625  1392 253  472  51   658  183  826  327  1022 519  1178 1345 708  1555 1524 49   426  109  1398 311  452  421  1388 683  178  983  634  1283 1186 1583 1726 
728  1035 1088 525  988  595  864  1505 1656 1025 1428 155  684  365  598  123  754  267  938  447  1090 597  1334 1411 1068 1679 66   37   906  223  148  1473 916  569  14   839  398  1123 914  1451 1466 1747 
675  1496 1575 608  105  1312 1045 1224 275  756  1573 1536 259  1476 485  664  201  830  339  1030 537  1208 717  1390 1561 1572 169  438  113  1434 313  508  431  1396 691  194  991  662  1289 1198 1597 1754 
616  975  1216 1365 992  645  1666 1375 1344 1075 1596 145  768  371  312  565  776  303  946  453  1106 633  1310 813  1462 1685 102  41   942  227  164  1497 932  571  22   853  422  1129 922  1453 1478 1753 
585  1672 945  736  255  1316 1005 368  425  924  65   1488 265  1548 497  552  695  854  381  1034 543  1222 723  1394 921  1534 361  474  127  1446 317  524  433  1412 701  202  997  674  1291 1202 1601 1762 
896  1215 1472 735  1012 615  1628 1455 1424 1175 336  185  828  395  384  583  714  803  962  471  1112 669  1336 831  1474 1011 1586 43   978  229  172  1509 956  577  26   857  446  1151 926  1459 1486 1759 
765  1664 1155 884  285  1352 1065 496  45   56   55   252  295  1692 505  546  737  120  943  1048 573  1246 753  1406 933  1544 1077 1670 131  1506 331  548  439  1436 709  206  1009 694  1297 1214 1607 4    
1064 1275 416  405  1036 705  1694 1515 1552 747  182  187  882  403  378  629  1710 851  930  1057 1118 681  1342 843  1490 1041 1592 1149 64   233  188  1527 964  587  34   859  454  1153 934  1471 1502 1    
825  1736 1665 476  345  1364 1095 512  75   88   981  266  299  840  517  1050 731  210  949  1290 1147 1256 771  1414 939  1558 1101 1688 1203 50   1329 556  443  1468 719  214  1013 698  1301 1226 1609 2    
