1440 833  990  221  420  437  1540 351  952  1485 1736 765  644  1815 1372 645  368  1443 1550 117  110  927  488  51   830  537  1246 1137 1598 1821 188  103  244  349  1076 617  46   911  478  1217 998  1531 1574 
1001 960  119  1710 341  1470 481  770  513  1288 1755 224  1215 1196 285  1696 1185 944  1659 100  423  310  1587 658  291  1034 813  1432 1461 1834 13   1182 227  652  479  1604 761  254  1061 746  1381 1286 1693 
1800 847  1140 253  630  451  180  551  910  561  784  825  812  1845 1376 705  464  1455 1328 147  152  963  494  87   854  543  1256 1149 1606 1839 212  107  268  353  1084 619  58   919  482  1223 1006 1543 1594 
1309 900  1573 1680 377  560  493  450  671  1330 759  364  1275 1078 195  1708 1209 976  1605 256  477  322  1611 670  303  1048 831  1442 1473 1846 17   1194 229  668  487  1636 769  262  1063 758  1399 1294 1697 
1080 931  1020 209  1050 473  300  553  510  767  1750 837  968  405  1484 885  512  1479 1424 45   154  981  506  93   856  573  1258 1167 1630 1837 618  109  284  359  1108 631  62   929  502  1229 1018 1549 1618 
1463 360  77   1740 391  1820 517  120  679  1110 817  140  897  1204 345  1804 1239 1150 1677 196  507  328  1629 686  309  1054 843  1448 1497 64   19   1266 233  692  491  1676 773  274  1069 766  1409 1306 1699 
1560 1127 1170 259  880  1377 280  559  330  749  1410 923  220  999  1504 795  496  1491 1580 153  184  1017 518  123  872  579  1270 1191 1634 1841 642  113  292  367  1124 641  74   937  514  1231 1042 1553 1622 
1771 480  133  1760 819  800  1539 896  689  1128 869  1590 1003 350  1107 1748 1245 1072 1743 484  531  344  1719 682  321  1066 849  1462 1509 20   23   1338 239  716  499  1682 787  278  1087 778  1423 1318 1709 
720  1183 1350 247  1360 693  520  297  1064 755  1416 917  60   1111 380  1029 592  1515 1552 75   182  1083 530  111  874  591  1298 1203 1670 1843 654  127  316  373  1132 643  82   941  526  1237 1046 1559 1642 
1547 540  143  1260 403  1280 1323 1160 429  1624 835  1752 1007 204  1157 550  1269 1136 1635 676  549  370  1737 710  327  1070 879  1474 1527 28   29   1362 241  722  503  1684 797  298  1091 794  1427 1322 1721 
1320 1421 1380 319  1120 1683 640  567  1720 621  448  943  72   1099 372  1219 740  1533 1616 171  170  1143 536  129  890  597  1304 1227 1688 9    236  131  332  379  1172 647  86   947  538  1249 1082 1567 1646 
1729 600  187  840  407  700  1089 1240 357  704  585  308  1027 198  1165 558  1273 1180 1749 1156 603  374  1773 712  339  1090 921  1490 1563 32   31   1374 251  724  509  1724 809  302  1093 802  1429 1346 1723 
1200 1519 1500 299  1400 891  680  1827 1430 651  544  855  868  1115 414  1241 738  1349 1660 207  190  1179 568  141  902  633  1310 1257 1702 25   678  137  338  383  1228 653  94   953  542  1259 1094 1571 1654 
539  780  161  1600 1287 980  1521 1408 399  832  495  392  1305 1274 1177 564  1285 948  1391 1444 639  376  1791 730  381  1096 933  1498 1569 44   37   1398 257  764  521  1732 811  314  1097 818  1433 1354 1733 
1620 1813 1530 287  1520 1053 440  441  1664 1155 416  1035 988  225  1508 1243 774  1345 1164 1441 230  1233 574  159  904  669  1334 1263 1730 49   762  139  356  389  1244 659  106  967  554  1277 1114 1579 1658 
637  660  203  240  329  1100 1449 1144 945  1088 525  836  1395 1276 375  1024 1313 954  1393 1308 1517 406  81   754  393  1102 939  1510 1623 50   41   1434 263  772  523  1756 821  326  1103 838  1439 1366 1741 
1584 91   1650 301  1040 1071 760  189  1672 1365 608  735  1012 105  1564 915  656  1351 1206 1457 1602 1565 584  177  938  681  1336 1293 1738 169  786  149  388  397  1252 661  118  971  562  1279 1126 1583 1678 
1225 1188 217  810  343  1300 1617 1480 459  1216 1785 928  1425 1312 435  112  1311 1210 1403 1314 1529 1812 1633 742  411  1106 951  1526 1641 68   43   1446 269  788  541  1772 823  334  1109 842  1447 1382 1747 
1728 1015 1716 323  1840 1197 920  231  400  663  736  975  992  135  1612 1005 688  1581 1690 1477 1644 1577 24   1661 962  687  1342 1299 1742 121  822  151  404  401  1268 673  122  977  566  1283 1138 1597 1706 
385  1224 1645 1104 371  1700 1701 1640 483  160  741  476  1665 1292 555  176  1281 1340 1767 40   1537 1818 1639 78   1711 1112 993  1528 1671 52   47   1506 271  796  547  1796 827  346  1117 862  1451 1402 1753 
1296 1085 1836 1025 396  413  1000 273  320  627  1610 957  1148 165  1652 1065 752  1593 1780 243  238  1585 42   1679 186  1739 1358 1317 1778 289  834  157  412  409  1324 677  134  983  586  1289 1142 1601 1714 
455  1368 1715 912  35   1452 427  1496 609  1472 783  200  969  1316 465  208  1335 1168 1809 56   657  418  1643 102  1703 258  1769 1534 1689 76   53   1542 277  844  557  1828 829  358  1123 866  1453 1418 1759 
792  1295 576  1075 468  215  384  565  1768 315  572  777  260  1023 1666 1095 848  1545 1712 261  248  1251 590  1673 174  1745 354  1795 1784 529  894  163  428  419  1348 683  142  991  614  1291 1154 1607 1718 
595  1248 175  1392 55   1476 469  744  685  352  675  884  861  340  1131 272  1353 1264 1695 88   711  410  21   776  1717 282  1763 426  1819 534  59   1578 281  892  563  1844 839  362  1129 878  1459 1438 1777 
864  1375 432  1175 588  235  408  581  984  763  748  1125 1184 903  460  1113 850  1551 1648 279  232  1341 598  183  946  1751 366  1799 474  361  906  167  436  421  1388 691  146  997  622  1297 1174 1609 1726 
665  1404 245  1488 65   1548 485  858  695  1242 865  532  1725 1352 987  580  1407 1220 1833 70   747  424  15   782  417  1118 1793 438  1829 582  61   1614 283  908  569  16   853  382  1151 886  1471 1454 1783 
936  1435 528  1325 612  265  456  623  1026 781  1464 949  1036 255  1628 1161 820  1653 80   333  250  1359 602  201  970  699  1370 1807 498  841  942  173  452  431  1396 701  158  1009 626  1301 1186 1613 1754 
805  1632 475  1134 95   1568 505  888  697  1218 871  1770 1037 1364 615  304  1419 1420 729  104  801  430  27   790  447  1130 1011 1544 1835 606  67   1626 293  916  571  6    857  386  1153 898  1481 1466 1787 
1056 1495 1386 1445 768  295  462  589  690  779  1518 959  90   1121 1694 1173 940  1599 1250 363  266  1413 610  213  986  717  1378 1329 1786 961  978  179  508  433  1412 709  166  1013 634  1303 1198 1619 1762 
875  1824 425  1232 85   1692 515  728  703  1190 893  1794 1043 234  1189 620  1431 1450 63   128  867  434  33   806  453  1162 1041 1558 1707 92   71   1662 307  932  577  8    859  394  1163 914  1483 1478 1789 
1152 1505 624  1475 684  305  546  583  750  793  1554 955  96   1133 444  1247 950  1647 1744 369  286  1467 632  219  994  723  1384 1347 1790 1369 1002 181  524  439  1436 719  178  1019 662  1307 1202 1621 1766 
715  1656 605  1456 115  1792 527  1575 713  1230 899  1806 1055 228  1169 636  1331 1460 99   130  873  442  57   808  471  1166 1047 1562 1713 98   73   1686 311  956  587  10   863  398  1171 922  1487 1486 1801 
1512 1595 1428 1525 882  335  552  611  570  791  1482 965  84   1135 486  1253 804  1357 1808 387  290  1503 638  237  1010 753  1390 1371 1798 1681 1038 191  548  443  1468 727  194  1021 674  1319 1214 1627 1774 
935  672  575  1536 125  168  533  210  731  1254 889  144  1067 276  1195 666  1315 996  1397 136  909  470  39   814  489  1178 1059 1570 1731 116  79   1698 313  964  593  14   877  422  1181 926  1489 1502 1811 
1008 1615 1638 1675 828  355  594  629  870  799  1566 973  108  1139 492  1255 846  1355 1212 1465 296  1557 646  249  1016 771  1394 1383 1802 1849 1074 193  556  449  1492 733  202  1031 694  1321 1226 1637 1814 
1045 756  725  1776 145  216  497  270  707  1272 895  324  1057 342  1199 708  1333 1014 1405 1422 1535 472  69   824  501  1192 1077 1576 1761 124  83   1758 317  1004 599  22   881  446  1187 934  1493 1514 1823 
1344 1625 1596 1775 972  365  696  649  930  803  1608 979  150  1141 500  1261 852  1363 1236 1469 1668 1589 664  267  1022 789  1406 1389 1810 3    242  197  578  457  1516 739  206  1033 698  1327 1234 1657 1822 
1105 924  775  1782 155  264  511  390  721  1290 901  1830 1073 306  1211 726  1337 1062 1411 1524 1541 48   1649 826  519  1208 1101 1582 1779 148  89   1842 331  1028 601  26   883  454  1193 958  1499 1522 1831 
1848 325  336  1805 1044 395  702  667  1032 851  1674 989  126  1145 516  1267 860  1379 1278 1501 1734 1591 30   1691 1030 807  1414 1401 1816 5    1086 199  596  461  1532 743  214  1039 706  1361 1238 1663 1838 
1235 1176 845  252  185  312  535  798  737  1302 905  192  1079 294  1205 732  1339 1068 1415 1494 1555 162  1651 138  1727 1222 1119 1586 1797 164  97   12   337  1052 607  34   887  458  1201 974  1511 1538 1847 
1764 1705 648  1825 1116 415  616  635  966  785  1704 985  132  1147 522  1271 876  1385 1284 1507 1746 1603 54   1685 222  1757 1426 1437 1826 7    1146 211  604  463  1556 751  218  1049 718  1367 1262 1667 4    
1265 1092 925  288  205  378  545  918  745  1326 913  1458 1081 348  1207 650  1343 1098 1417 1572 1561 36   1655 114  1735 318  1781 1592 1803 172  101  18   347  1058 613  38   907  466  1213 982  1523 1546 1    
504  275  816  625  1332 445  714  655  1122 815  1722 995  156  1159 490  1221 1060 1387 1356 1513 1788 1631 66   1687 246  1765 402  1817 1832 11   1158 223  628  467  1588 757  226  1051 734  1373 1282 1669 2    
