1584 1015 816  1775 168  355  952  1485 1768 945  1856 825  364  1665 1274 345  1888 1533 1250 117  190  927  530  39   856  453  1246 1011 1586 1671 50   31   1338 257  724  523  1732 823  278  1117 794  1453 1346 1777 
1225 1188 1855 828  155  616  1755 1624 675  1672 1785 736  1275 968  225  1612 915  512  1749 1444 477  374  1557 682  219  1048 717  1426 1317 1816 1929 268  137  332  389  1228 661  74   977  526  1289 1082 1607 1654 
1872 1085 912  1825 216  365  1064 495  784  585  352  855  644  1845 1276 555  1892 1545 1328 147  230  963  536  51   872  471  1258 1041 1592 1689 52   37   1362 263  764  541  1756 827  298  1123 802  1459 1354 1783 
1925 1248 175  972  185  714  515  1664 765  1936 525  572  1305 988  105  1564 1005 592  1767 40   507  376  1587 710  237  1054 723  1432 1329 1826 9    284  139  338  397  1244 673  82   983  538  1291 1094 1609 1658 
1728 1295 1104 1805 264  395  966  655  1408 1365 544  1035 476  1725 1292 435  1924 1581 1424 153  232  981  568  57   890  489  1256 1047 1598 1707 68   41   1374 269  772  547  1772 829  302  1129 818  1471 1366 1787 
385  1368 245  1044 205  728  535  1144 1575 704  735  748  975  992  135  1628 1065 656  1809 56   531  406  1611 712  249  1066 753  1442 1347 1832 49   654  149  356  401  1252 677  86   991  542  1297 1114 1613 1678 
1296 1435 1392 1859 378  391  1026 623  1496 315  416  1125 532  1815 1312 465  1024 1593 1552 171  238  1017 574  69   902  501  1270 1059 1606 1713 76   43   1398 271  788  557  1796 839  314  1151 838  1481 1382 1789 
455  1632 539  720  221  840  533  880  1197 832  1155 884  1395 1036 165  1652 1095 688  1833 70   549  410  1629 730  267  1070 771  1448 1371 1834 121  678  151  388  409  1268 683  94   997  554  1301 1126 1619 1706 
792  1505 1488 77   600  403  1400 1053 440  441  608  1215 812  1935 1316 615  112  1599 1616 207  248  1083 584  87   874  519  1298 1077 1630 1731 92   47   1434 277  796  563  1828 853  326  1153 842  1483 1402 1801 
595  1404 833  1200 217  1350 551  1840 1071 1640 429  448  1425 1012 195  1666 1185 752  1869 88   603  424  1719 742  291  1090 789  1462 1383 1846 289  762  157  404  419  1324 691  106  1009 562  1303 1138 1621 1714 
864  1463 1560 119  660  343  1650 679  640  1089 1190 627  868  405  1364 645  176  1605 1648 243  250  1143 590  93   904  537  1304 1101 1634 1761 98   53   1446 281  844  569  1844 857  334  1163 862  1487 1418 1811 
665  1656 847  1620 247  1380 497  1040 1449 1720 513  140  957  1148 255  1694 1245 848  1887 104  639  418  1737 754  303  1096 807  1474 1389 1864 169  786  163  412  421  1348 701  118  1013 566  1307 1142 1627 1718 
936  1645 1536 91   990  371  1740 671  680  1521 1610 663  490  1131 1372 705  208  1635 1712 261  266  1179 598  111  938  543  1310 1119 1670 1779 116  59   1506 283  892  571  1852 859  346  1171 866  1489 1438 1823 
805  1716 931  960  259  1170 511  180  749  1870 741  224  969  1060 1209 1696 1335 944  1905 128  657  430  1773 776  309  1102 813  1490 1401 1886 361  822  167  428  431  1388 709  122  1019 586  1319 1154 1637 1726 
1056 1715 1776 133  780  407  1860 697  120  791  160  759  580  1029 1210 1281 272  1647 1744 279  286  1233 602  123  946  573  1334 1137 1688 1797 124  61   1542 293  908  577  1868 863  358  1181 878  1493 1454 1831 
875  1824 637  900  253  1890 559  300  763  390  889  500  861  950  1239 1450 1443 80   1917 110  711  434  1791 782  321  1106 831  1498 1437 1898 529  834  173  436  433  1396 719  134  1021 614  1321 1174 1657 1754 
1152 1547 1320 161  1020 437  1470 703  270  803  750  949  740  1113 1340 1419 1580 1653 1808 333  290  1251 610  129  962  579  1336 1149 1702 1803 148  67   1578 307  916  587  1916 877  362  1187 886  1499 1466 1847 
715  576  1127 360  287  1500 583  450  767  510  893  1230 1007 1150 1269 1460 1479 1690 729  130  747  442  1899 790  327  1112 843  1510 1461 1910 841  894  179  452  439  1412 727  142  1031 622  1327 1186 1663 1762 
1512 1885 1782 203  1140 413  1600 707  330  817  870  959  1704 1079 1376 1407 1660 1659 100  363  296  1341 632  141  970  591  1342 1167 1730 1821 164  71   1614 311  932  593  1922 881  382  1193 898  1511 1478 1861 
935  1596 1025 1116 299  1530 553  800  779  690  901  1290 1037 1914 1135 1748 1491 1850 63   136  801  470  81   806  339  1118 849  1526 1473 1912 961  906  181  508  443  1436 733  146  1033 626  1361 1198 1667 1766 
1008 275  1134 625  384  427  1760 819  920  869  930  973  1752 995  84   1165 304  1677 256  369  310  1359 638  159  986  597  1358 1191 1738 1839 172  73   1626 313  956  599  16   883  386  1201 914  1523 1486 1867 
1045 1428 1075 588  215  744  581  1100 1701 1880 913  1410 1043 144  1139 156  1243 976  45   152  867  472  15   808  381  1130 879  1528 1497 1918 1369 942  191  524  449  1468 739  158  1039 634  1367 1202 1669 1774 
1344 325  1232 65   408  415  1032 713  760  189  200  979  1770 1081 90   1189 306  1285 196  387  322  1413 646  177  994  633  1370 1203 1742 1851 188  79   1662 317  964  601  6    887  394  1213 922  1531 1502 1871 
1105 1386 1175 882  235  798  545  1218 781  400  399  460  1057 324  1141 198  1247 492  1355 154  873  488  21   814  393  1162 921  1534 1509 1928 1681 978  193  548  457  1492 743  166  1049 662  1373 1214 1693 1814 
1848 425  1456 55   312  445  1122 685  1302 851  220  651  820  1099 96   1195 342  1315 708  1403 328  1467 664  183  1010 669  1378 1227 1778 1857 212  83   1686 331  1004 607  8    907  398  1217 926  1543 1514 1873 
1235 1932 1325 1332 265  858  565  1242 745  1326 917  550  903  1180 1147 204  1253 516  1351 852  1469 506  27   824  411  1166 933  1544 1527 1930 1849 1002 197  556  461  1516 751  178  1051 674  1381 1226 1697 1822 
1764 475  1904 95   462  485  1128 695  1254 785  1482 989  836  1161 1352 1199 348  1331 732  1397 1068 1555 658  201  1016 681  1384 1257 1784 1893 236  89   1698 337  1028 613  10   911  422  1223 934  1549 1522 1877 
1265 1638 1475 1452 295  888  589  1272 755  1464 835  1608 955  1078 285  1708 1255 522  1357 876  1477 1284 1633 826  417  1178 939  1558 1563 64   3    292  199  578  463  1532 757  194  1061 694  1399 1234 1699 1838 
504  575  252  85   456  451  1820 731  1416 815  1554 895  1794 1055 1484 885  368  1333 726  1405 1098 1541 1572 1661 1022 687  1390 1263 1786 1903 244  97   1758 347  1052 617  14   919  446  1229 958  1553 1538 1879 
1375 1836 1525 1476 301  1710 629  700  793  1518 865  1674 965  192  1145 1804 1455 1072 1363 948  1507 1308 1603 1746 1711 1192 951  1562 1569 20   7    1038 211  596  467  1556 761  202  1063 698  1409 1238 1709 1858 
672  605  288  35   552  469  240  737  210  871  1566 905  1806 1111 108  1205 464  1695 484  1411 1164 1561 1602 1673 48   1757 1394 1293 1790 1909 534  101  1842 349  1058 619  22   929  454  1231 974  1559 1546 1889 
1495 336  1445 1548 305  918  611  980  799  570  923  1722 985  1458 1157 228  1261 1136 75   182  1501 1314 1631 1812 1717 30   1781 1570 1623 28   5    1074 223  604  479  1588 769  206  1069 706  1423 1262 1721 1874 
756  725  396  115  546  473  560  1881 280  899  1110 1003 1896 1115 126  1207 372  1337 676  423  344  1565 1644 1679 162  1763 102  1837 1798 1915 498  103  1866 353  1076 631  26   937  458  1237 982  1567 1574 1901 
1595 432  1183 1692 319  420  649  1280 1539 770  943  1590 1067 72   1159 234  1267 558  1379 170  909  494  1639 1818 1727 54   1799 222  1865 366  11   1086 227  628  487  1604 773  214  1087 718  1427 1282 1723 1882 
1092 775  612  125  702  493  810  721  1000 351  1330 1027 1830 1121 132  1211 414  1339 738  1417 370  1503 670  1687 36   1765 138  1835 318  1919 582  107  1878 359  1084 641  34   941  466  1249 998  1571 1594 1907 
1615 528  1421 1908 323  630  667  1300 1617 320  459  308  1073 60   1169 276  1271 564  1385 954  1513 518  33   830  1739 66   1807 246  1883 426  13   1146 229  652  491  1636 787  218  1091 734  1429 1286 1733 1894 
924  845  684  143  1680 481  1540 1377 1160 231  260  783  850  1133 150  1241 444  1343 774  1415 1206 1577 686  213  1030 1769 186  1841 354  1921 606  109  1902 367  1108 643  38   947  478  1259 1006 1579 1618 1913 
1625 648  1519 480  341  1050 689  1900 1911 1088 483  620  987  1184 1177 294  1273 636  1387 996  1517 1356 1643 854  447  1208 1817 258  1891 438  17   1158 233  668  499  1676 797  226  1093 746  1433 1294 1741 1906 
1176 925  468  187  1260 517  1360 693  1240 273  340  777  860  1173 1420 1219 486  1345 804  1441 1212 1585 1668 1685 1034 699  1406 1853 402  1927 618  113  12   373  1124 647  46   953  482  1277 1018 1583 1622 1931 
1705 624  1675 1568 377  1120 1287 1700 1827 1216 609  650  999  1204 1311 1550 1313 666  1391 1062 1529 1422 1649 1854 1735 1222 993  1576 1895 474  19   1182 239  692  503  1682 809  254  1097 758  1439 1306 1747 1934 
1224 1771 768  145  594  527  1520 1323 1430 357  380  837  928  1875 1504 1431 1780 1349 846  1465 1236 1589 1788 1691 24   1793 1414 1299 1802 25   642  127  18   379  1132 653  58   967  502  1279 1042 1597 1642 1933 
1001 1800 1573 1792 335  896  1683 520  567  1472 561  350  1023 1196 375  1862 1551 1168 1393 1014 1535 1494 1651 1884 1745 78   1819 1582 1641 32   23   1194 241  716  509  1684 811  262  1103 766  1447 1318 1753 4    
1440 1729 1920 209  696  505  1288 891  1480 297  1750 897  940  1221 1508 795  496  1743 1156 1457 1278 1591 1734 1703 42   1795 174  1843 1810 1923 242  131  316  383  1172 659  62   971  514  1283 1046 1601 1646 1    
1309 1080 1813 540  329  984  635  1736 1863 910  621  392  1107 1220 1353 1876 1515 1264 99   184  1537 1524 1655 1926 1751 114  1829 282  1897 44   29   1266 251  722  521  1724 821  274  1109 778  1451 1322 1759 2    
