1680 143  420  299  1400 1287 980  1863 910  561  1610 957  140  1131 490  1443 940  1749 1580 147  976  747  170  21   536  489  904  1119 1342 1821 1738 9    1912 163  404  431  1348 719  86   1031 554  1361 1138 1669 1718 
1573 840  221  1050 437  560  891  680  297  1330 663  1216 999  340  1311 820  1581 1340 1971 2020 279  256  1413 370  219  742  789  1106 1461 1528 1923 1826 53   68   283  844  577  1852 877  314  1193 842  1523 1418 1871 
1260 187  504  319  1470 533  1568 1089 952  621  1750 897  200  1161 500  1407 950  1833 1660 153  1072 801  182  33   568  501  938  1137 1358 1837 1742 289  1918 167  412  433  1388 727  94   1033 562  1367 1142 1693 1726 
1859 1890 247  1120 451  1840 1053 760  429  1190 741  1856 1023 350  1353 650  1647 1210 2001 80   333  484  1467 376  237  730  807  1112 1473 1534 1929 1834 59   76   293  892  587  1868 881  326  1201 862  1531 1438 1873 
1440 209  630  323  1820 1683 1792 1521 1064 759  400  903  260  1173 580  1491 1060 1767 1690 171  1136 867  184  39   574  519  946  1149 1370 1839 1778 361  1928 173  428  439  1396 733  106  1039 566  1373 1154 1697 1754 
1001 1620 253  1092 473  2000 1377 616  1755 1624 837  1472 1029 380  1239 740  1599 1420 2013 208  75   676  1503 374  249  754  813  1118 1497 1544 1941 1846 61   92   307  908  593  1916 883  334  1213 866  1543 1454 1877 
1800 847  1020 341  1960 1881 280  351  1288 1485 784  495  736  1209 550  1479 1150 1809 1780 207  1168 873  190  69   584  537  962  1167 1378 1841 1784 529  1930 179  436  443  1412 739  118  1049 586  1381 1174 1699 1762 
1309 960  77   1710 481  700  1539 770  513  1736 2025 1984 735  968  1281 860  1653 1460 729  272  363  1156 1557 406  267  776  831  1130 1509 1558 1945 1434 67   98   311  916  599  1922 887  346  1217 878  1549 1466 1879 
1080 931  1170 301  880  1989 440  459  1240 627  448  585  748  975  992  1533 1180 1869 1850 243  1250 909  230  51   590  543  970  1191 1384 1851 1786 841  1946 181  452  449  1436 743  122  1051 614  1399 1186 1709 1766 
1463 900  119  1740 427  800  1323 920  441  1720 783  224  855  476  1425 1276 1659 1450 63   304  369  1444 1611 410  291  782  843  1162 1527 1562 1959 1864 71   116  313  932  601  1948 907  358  1223 886  1553 1478 1889 
1560 1127 990  329  1040 693  1700 1827 1408 357  2024 675  2002 1215 1012 1875 1376 1887 1892 1455 1264 927  232  57   598  573  986  1203 1390 1843 1790 961  1958 191  508  457  1468 751  134  1061 622  1409 1198 1721 1774 
1771 360  91   1760 1071 1280 1449 1000 189  1430 651  352  765  364  1845 1274 255  1694 885  368  387  40   1587 424  303  790  849  1166 1563 1570 1957 1446 73   124  317  956  607  1964 911  362  1229 898  1559 1486 1901 
1920 1183 1140 343  1520 819  1900 1911 1496 399  1936 1785 836  1275 1036 225  1484 555  1876 1515 1328 963  238  87   602  579  994  1227 1394 1857 1798 1369 1970 193  524  461  1492 757  142  1063 626  1423 1202 1723 1814 
1547 480  161  1860 469  1100 1701 1160 273  1870 777  416  1035 532  1725 1292 345  1666 1065 464  423  56   1629 418  309  806  879  1178 1569 1576 1961 1506 79   148  331  964  613  1996 919  382  1231 914  1567 1502 1907 
1980 1421 1350 371  1360 1197 520  1953 1640 483  320  969  308  1305 1078 135  1504 615  1924 1545 1424 981  248  111  610  591  1010 1257 1406 1853 1038 1681 1978 197  548  463  1516 761  146  1069 634  1427 1214 1733 1822 
1729 540  133  1950 497  1300 1617 1480 231  1880 861  160  1107 644  1935 1312 285  1696 1005 496  477  70   1719 430  321  808  921  1192 1623 1582 1963 1542 83   164  337  1004 617  2012 929  386  1237 922  1571 1514 1913 
1320 1519 1380 407  1488 511  640  567  1664 609  704  987  220  1269 1148 165  1508 645  1952 1605 1552 1017 250  93   632  597  1016 1263 1414 1865 1074 1849 1986 199  556  467  1532 769  158  1087 662  1429 1226 1741 1838 
637  600  203  1600 493  180  553  1144 1575 1672 1365 544  1113 460  1419 1316 375  1708 1095 512  507  88   1737 442  327  814  933  1208 1641 1586 1967 1578 89   172  347  1028 619  16   937  394  1249 926  1579 1522 1931 
720  1813 1500 377  1540 551  450  589  1768 945  1088 1995 884  1221 620  1593 1564 705  1972 1635 1616 1083 286  123  638  633  1022 1293 1426 1883 1086 5    2006 211  578  479  1556 773  166  1091 674  1433 1234 1747 1858 
539  780  217  240  527  300  581  120  667  1976 315  572  1125 812  1431 850  1677 1748 1185 592  531  104  1773 434  339  824  939  1222 1671 1592 1969 1614 97   188  349  1052 631  6    941  398  1259 934  1583 1538 1933 
1200 2009 1530 403  336  559  1692 583  210  737  832  525  928  1395 1184 1551 1220 1917 1024 1695 1648 1143 266  129  646  669  1030 1299 1432 1891 1146 7    1990 223  596  487  1588 787  178  1093 694  1439 1238 1753 1874 
833  660  259  648  925  612  185  696  671  570  869  608  825  988  1815 1352 1743 1550 99   656  549  110  1791 470  381  826  951  1246 1689 1598 1981 1626 101  212  353  1058 641  8    947  422  1277 958  1597 1546 1949 
1584 2023 1650 391  1134 1825 1908 445  984  749  1290 923  392  1665 1196 105  1612 1947 1940 261  1712 1179 290  159  658  681  1034 1317 1442 1893 1802 11   2008 227  604  491  1604 797  194  1097 698  1447 1262 1759 1882 
1225 1188 287  810  517  684  205  594  655  1272 871  1722 985  868  405  1364 435  1862 117  688  603  128  1899 472  393  830  993  1256 1707 1606 1977 1886 103  236  359  1076 643  10   953  446  1279 974  1601 1574 1951 
1872 1015 1836 413  1776 1975 168  485  1026 745  1416 835  144  1079 1204 195  1628 795  1988 1905 1744 1233 296  141  664  687  1048 1329 1448 1895 1816 3    2014 229  628  499  1636 809  202  1103 706  1451 1282 1777 1894 
1925 1224 1625 816  1025 768  215  702  679  1326 785  1752 995  126  1147 1372 465  1804 1245 752  639  130  2007 488  411  854  1011 1258 1713 1634 1983 1898 107  242  367  1084 647  14   967  454  1283 982  1607 1594 1973 
1728 1085 1944 175  1782 625  216  505  1032 755  1482 865  324  1081 294  1207 1652 915  112  1965 1808 1251 310  177  670  699  1054 1347 1462 1897 1810 17   2022 233  652  503  1676 811  206  1109 718  1453 1286 1783 1906 
385  1248 1615 1104 1075 828  235  714  685  1302 815  1794 1003 132  1157 558  1273 1888 1335 848  657  136  81   494  417  856  1041 1270 1731 1630 2019 1910 109  244  373  1108 653  22   971  458  1289 998  1609 1618 1979 
1296 1265 672  275  1456 55   312  515  1122 767  1518 895  192  1099 342  1211 846  1343 176  45   196  1341 322  183  682  717  1066 1371 1474 1909 1832 13   64   239  668  509  1682 821  214  1117 734  1459 1294 1787 1934 
455  1368 1705 1428 1175 882  265  728  695  1464 817  1896 1007 150  1169 564  1271 1014 1387 944  711  152  15   506  447  872  1047 1298 1761 1670 1991 1662 113  268  379  1124 659  26   977  466  1291 1006 1613 1622 1987 
792  1105 756  475  1232 65   264  535  1128 763  1410 949  2010 1111 348  1219 804  1345 1308 1441 100  1359 328  201  686  723  1070 1383 1490 1903 1158 19   12   241  692  521  1684 823  218  1123 746  1471 1306 1789 1942 
595  1656 1885 1386 1325 972  295  744  689  690  889  1830 1027 204  1159 666  1285 1098 1391 1644 1513 154  27   518  453  874  1059 1304 1779 1688 1985 1686 127  284  383  1132 661  34   983  478  1297 1018 1619 1642 1993 
864  1235 1848 425  1968 35   384  545  1218 779  1566 959  1458 1115 372  1241 852  1351 1314 1417 1854 1565 344  213  712  753  1090 1389 1498 1915 1182 23   18   251  716  523  1724 827  226  1129 758  1481 1318 1801 1954 
665  1632 2015 1596 1445 1044 305  798  697  750  893  1914 1037 156  1165 636  1313 1164 1393 1668 1517 162  1631 530  471  890  1077 1310 1797 1702 2005 1698 131  292  389  1172 673  38   991  482  1301 1042 1621 1646 1997 
936  1295 576  575  252  85   378  565  1242 781  1554 905  72   1121 414  1243 876  1349 1356 1457 1884 1561 66   1673 710  771  1096 1401 1510 1919 1194 29   20   257  722  541  1732 829  254  1151 766  1483 1322 1811 1966 
805  1404 1645 912  1475 1116 335  858  703  870  901  1806 1055 198  1189 708  1315 1206 1397 1734 1529 36   1633 186  1691 902  1101 1334 1803 1730 2021 1758 137  316  397  1228 677  46   997  502  1303 1046 1627 1654 1999 
1056 1435 432  245  288  95   408  623  270  791  1608 955  84   1135 444  1247 948  1355 1422 1465 1926 1577 78   1655 318  1735 1102 1437 1526 1921 1266 31   28   263  724  547  1756 839  262  1153 778  1487 1346 1823 1982 
875  1716 1715 1392 1525 1332 355  888  707  930  913  1938 1067 228  1177 732  1331 1212 1403 1746 1535 24   1639 222  1703 438  1763 1336 1817 906  25   1842 139  332  401  1244 683  58   1009 514  1307 1082 1637 1658 2003 
1152 1505 528  775  1904 115  456  611  330  793  1590 973  60   1133 486  1253 954  1357 1494 1469 1956 1585 102  1661 354  1739 582  1793 786  1927 1338 37   32   269  764  557  1772 853  274  1163 794  1489 1354 1831 1994 
715  1824 1855 1536 1675 1452 365  896  713  1110 899  1992 1043 234  1195 726  1333 1236 1405 1788 1537 42   1643 246  1717 474  1765 654  1819 942  49   1866 149  338  409  1252 691  62   1013 526  1319 1094 1657 1678 2011 
2016 1375 624  605  468  125  462  629  390  799  1704 965  96   1139 492  1255 996  1363 1524 1477 1962 1591 114  1679 366  1745 606  1795 822  1937 1362 41   44   271  772  563  1796 857  278  1171 802  1493 1366 1847 2018 
935  1344 1955 1638 1775 1476 395  966  731  1155 943  1974 1073 276  1199 738  1337 1278 1411 1812 1541 30   1649 258  1711 498  1769 678  1829 978  121  1878 151  356  419  1268 701  74   1019 538  1321 1114 1663 1706 2017 
1512 1495 924  725  396  145  546  635  1254 851  1674 979  90   1141 516  1261 1062 1379 1572 1501 2004 1589 138  1685 402  1751 642  1799 834  1939 1374 43   50   277  788  569  1828 859  298  1181 818  1499 1382 1861 4    
1045 1764 325  1932 1805 1548 415  918  721  1230 917  1998 1057 306  1205 774  1339 1284 1415 1818 1555 54   1651 282  1727 534  1781 762  1835 1002 169  1902 157  388  421  1324 709  82   1021 542  1327 1126 1667 1714 1    
1008 1595 1176 845  588  155  552  649  510  803  1770 989  108  1145 522  1267 1068 1385 1602 1507 48   1603 174  1687 426  1757 618  1807 894  1943 1398 47   52   281  796  571  1844 863  302  1187 838  1511 1402 1867 2    
