1584 1015 576  1525 1452 295  798  565  1302 817  390  1003 1410 1169 150  1351 732  1577 1524 1765 2034 1919 36   1943 30   1967 78   2005 222  2071 426  361  678  79   1578 337  964  619  2012 941  362  1277 914  1601 1514 1973 
1225 1188 1855 2064 95   462  445  1122 745  1518 917  870  1099 324  1253 414  1441 1098 1685 1746 1841 1168 1939 24   1961 54   1969 138  2045 318  25   582  1849 906  197  524  467  1516 773  134  1093 626  1447 1214 1777 1838 
1872 1085 2088 1573 1476 305  888  635  1326 835  1704 1007 1770 1177 156  1363 738  1585 1572 1769 2060 1599 40   1957 42   1945 102  2021 246  2077 438  529  762  83   1614 347  1004 631  2036 947  382  1279 922  1607 1522 1979 
1925 1224 2065 288  115  456  485  1128 755  1554 913  910  1111 192  1267 444  1465 1164 1687 1788 1853 1250 1917 310  1963 66   1985 174  2047 354  49   606  5    942  199  548  479  1532 787  142  1097 634  1451 1226 1783 1858 
1728 1295 432  1675 1548 329  918  655  1408 865  1722 1037 1590 1189 198  1357 774  1589 1550 1781 2076 1921 70   243  568  1981 114  2041 258  2095 474  841  786  89   1626 349  1028 641  2084 953  386  1283 926  1609 1538 1987 
385  1248 175  2106 125  552  497  1144 1575 1768 955  1806 1121 1458 1273 486  1469 1206 1691 1812 1865 1264 1947 322  927  782  1991 186  2051 366  121  618  7    978  211  556  487  1556 797  146  1103 662  1453 1234 1787 1874 
1296 1435 528  1775 1568 335  984  679  1496 1995 1088 995  1992 1195 204  1379 804  1591 1644 1793 48   1927 104  261  574  1791 1010 2033 282  2101 498  961  822  97   1662 353  1052 643  2092 967  394  1289 934  1613 1546 1993 
455  1368 245  396  145  546  505  1242 763  1936 1365 352  1135 72   1285 492  1477 1212 1703 1818 1883 1328 1965 328  963  790  141  1208 2059 402  169  642  11   1002 223  578  491  1588 809  158  1109 674  1459 1238 1789 1882 
2112 1505 624  1805 1692 341  896  671  180  851  1216 315  572  1205 228  1385 846  1603 1602 1795 162  1937 128  279  584  1899 1016 447  1426 2105 534  1369 834  101  1686 359  1058 647  16   971  398  1291 958  1619 1574 1997 
595  1404 605  1904 143  1260 517  1600 767  120  923  544  735  748  1313 516  1501 1236 1711 1854 1891 1424 1971 344  981  806  159  1222 753  1592 289  654  13   1038 227  596  499  1604 811  166  1117 694  1471 1262 1801 1894 
792  1645 648  1825 1792 377  1050 689  300  869  510  1027 736  855  812  1387 852  1631 1628 1799 80   1653 110  333  590  2007 1022 453  1432 1101 1826 1681 894  103  1698 367  1076 653  6    977  422  1297 974  1621 1594 1999 
665  1632 637  612  155  594  527  1540 779  210  943  930  1133 364  1215 992  1507 1278 1717 1884 1897 1552 2001 374  1017 808  177  1246 771  1598 1401 2008 17   1074 229  604  503  1636 821  178  1123 698  1481 1282 1811 1906 
864  1705 816  1859 1908 343  1740 697  450  871  570  1043 1830 1199 868  1425 1274 1639 1652 1807 176  1335 136  369  598  2043 1030 471  1442 1119 1832 1797 92   107  1758 373  1084 659  8    983  446  1301 982  1627 1618 2003 
715  1176 845  252  185  696  511  240  781  270  949  1110 1139 60   1331 1036 1725 1372 135  1892 705  1616 2013 370  1083 814  183  1258 789  1606 1437 2014 2103 338  233  628  509  1676 823  194  1129 706  1483 1286 1823 1934 
2016 1885 336  1975 2028 355  1026 707  1280 889  690  1057 1998 1211 234  1397 1292 405  1666 345  208  1455 152  363  602  2061 1034 489  1448 1137 1834 1803 98   109  1842 379  1108 661  10   991  454  1303 998  1637 1622 2011 
935  1596 925  468  203  702  515  1254 791  330  959  1230 1141 90   1333 522  1517 1376 165  1924 645  1648 2037 376  1143 824  201  1256 807  1630 1461 2054 9    356  239  652  521  1682 827  202  1151 718  1487 1294 1831 1942 
1512 1955 912  2023 660  371  1032 685  1416 893  750  1067 2010 1219 294  1391 876  1633 1696 375  272  1515 184  387  610  2097 1048 501  1462 1149 1846 1821 116  113  1866 383  1124 673  14   997  458  1307 1006 1657 1642 2017 
1045 1092 1025 684  217  1380 533  1218 785  1566 973  1290 1147 84   1315 558  1513 1284 1727 1972 795  1712 2055 406  1179 826  213  1270 813  1634 1473 2056 3    388  241  668  523  1684 829  206  1153 734  1489 1306 1847 1954 
1008 2035 1104 2057 780  407  1120 703  1464 895  1752 1073 1610 1241 276  1393 948  1643 1660 1443 304  1545 154  423  632  81   1054 519  1474 1167 1864 1839 124  127  1878 389  1132 677  22   1009 466  1319 1018 1663 1646 2027 
1105 1656 833  960  209  2100 551  560  799  1608 965  1938 1157 96   1337 564  1529 1308 1739 1940 1533 1744 2067 410  1233 830  219  1298 831  1670 1497 2074 19   1086 251  692  541  1724 839  214  1163 746  1493 1318 1861 1966 
1848 2015 1392 2107 1020 403  1400 1287 980  899  1794 1055 2046 1247 306  1403 954  1649 1668 1817 464  1605 232  477  638  21   1066 537  1490 1191 1886 1851 148  131  1902 397  1172 683  26   1013 478  1321 1042 1667 1654 2029 
1235 1386 1075 768  247  840  559  1360 1053 680  979  1974 1145 108  1339 636  1535 1314 1735 1926 1895 1808 2085 418  1251 856  237  1304 843  1688 1509 2086 23   1146 257  716  547  1732 853  218  1171 758  1499 1322 1867 1982 
1344 325  1134 2075 168  391  1470 713  1100 1449 1640 1079 2058 1243 342  1405 996  1651 1694 1829 368  1635 182  531  646  15   1096 543  1498 1203 1898 1857 164  137  1986 401  1228 691  34   1019 482  1327 1046 1669 1658 2039 
1265 1428 1175 588  205  616  589  810  793  760  1863 1190 1159 126  1343 666  1537 1356 1745 1956 1903 2032 2091 424  1341 854  249  1310 849  1702 1527 2104 29   1158 263  722  557  1756 857  226  1181 766  1511 1346 1871 1994 
1764 275  1456 625  216  365  952  737  1700 1617 1720 297  1750 1261 348  1411 1014 1655 1708 1819 496  1659 130  549  658  27   1070 573  1510 1227 1910 1893 172  139  2022 409  1244 701  38   1021 502  1361 1082 1693 1678 2053 
1375 1638 1325 828  215  714  535  1272 803  920  441  160  513  350  1349 708  1541 1422 1751 1962 1909 2096 2109 430  1359 872  267  1334 879  1730 1563 2110 31   1182 269  724  563  1772 859  254  1187 778  1523 1354 1873 2018 
504  425  1232 65   264  395  966  695  1482 901  1880 273  460  627  820  1417 1062 1661 1690 1837 512  1677 170  507  664  33   1090 579  1526 1257 1912 1923 188  149  2082 419  1252 709  46   1031 514  1367 1094 1697 1706 2063 
1495 1824 1445 882  221  744  545  1288 815  1674 989  200  561  392  957  1060 1561 1420 1353 1988 885  196  729  434  1413 874  291  1336 921  1738 1569 2114 37   1194 271  764  569  1796 863  262  1193 794  1531 1366 1877 2026 
672  575  1488 55   378  415  1064 1755 1672 905  1896 1081 2030 759  850  1029 1210 1269 1748 435  592  1695 238  603  682  39   1102 591  1528 1263 1918 1929 212  151  2094 421  1268 719  58   1033 526  1373 1114 1699 1714 2069 
1595 1836 847  972  235  728  1485 1736 585  2072 985  1914 1207 490  999  1012 1161 1450 1407 2048 915  256  45   442  1467 890  303  1342 933  1742 1623 64   41   1266 277  772  571  1828 877  274  1201 802  1543 1382 1879 2038 
756  475  1536 35   312  437  1624 2025 2024 675  2002 1115 144  1271 836  1395 1276 1281 1780 1491 656  1743 248  639  670  51   1106 597  1534 1293 1928 1941 236  157  12   431  1324 727  62   1039 538  1381 1126 1709 1718 2081 
1615 1716 931  1044 253  1890 583  1664 945  704  765  784  1165 132  1345 1078 1845 1504 1419 2020 1593 100  63   470  1503 902  309  1358 939  1778 1641 20   43   1338 281  788  577  1844 881  278  1213 818  1549 1402 1889 2042 
924  725  1776 77   1140 451  1820 1683 1976 1785 1472 495  448  1255 372  1415 1316 1875 1862 1551 688  1749 190  657  686  57   1112 633  1544 1299 1930 1959 242  163  18   433  1348 733  74   1049 542  1399 1138 1721 1726 2083 
1625 1932 1475 1116 259  1500 629  1040 2079 832  1155 416  825  476  1355 726  1555 1484 195  2044 1005 676  99   472  1557 904  321  1370 951  1784 1671 28   47   1362 283  796  587  1852 883  298  1217 838  1553 1418 1901 2062 
1056 775  1782 85   384  413  1760 1071 1300 1701 1856 525  884  1125 928  1457 1068 1679 1804 465  752  1767 230  711  710  69   1118 669  1558 1317 1946 1977 244  167  404  439  1388 739  82   1051 554  1409 1142 1723 1754 2087 
805  1944 1127 1332 265  858  553  880  1197 1000 1089 608  1035 532  1275 1148 1565 1494 1757 2068 1065 484  117  488  1587 938  327  1378 993  1786 1689 32   53   1374 293  844  593  1868 887  302  1223 842  1559 1438 1907 2066 
936  1715 1968 91   408  427  1860 721  440  1827 400  429  224  975  968  1665 1312 1673 1734 1835 848  1809 250  747  712  87   1130 681  1562 1329 1958 1983 268  173  412  443  1396 743  86   1061 562  1423 1154 1733 1762 2089 
875  2052 1183 900  287  1530 581  1520 819  1240 1521 1330 663  644  1305 1196 1935 1508 1763 2004 1915 1156 147  494  1611 946  381  1384 1011 1790 1707 44   59   1398 307  892  599  1916 907  314  1229 862  1567 1454 1913 2078 
1152 1771 1620 119  990  469  1950 731  1900 1911 1870 621  140  837  988  1815 1352 225  1876 1843 944  1833 290  801  730  93   1162 687  1570 1347 1970 2019 284  179  428  449  1412 751  94   1063 566  1427 1174 1741 1766 2099 
1001 1920 1421 360  299  1650 623  1840 693  1160 189  220  741  580  903  1184 2115 1564 285  2108 1095 1444 153  506  1629 962  339  1390 1041 1798 1713 50   61   1434 311  908  601  1922 911  326  1231 866  1571 1466 1931 2098 
1440 1729 1980 133  1350 481  2070 749  520  1953 2090 459  308  897  940  1107 1364 105  1888 555  976  1869 286  867  742  123  1166 699  1576 1371 1978 2031 292  181  436  457  1436 757  106  1069 586  1429 1186 1747 1774 2111 
1309 720  1519 480  301  1710 611  2000 1323 1430 357  260  783  620  969  1150 1239 1612 255  1024 1185 2116 75   518  1719 970  393  1394 1047 1802 1731 52   67   1446 313  916  607  1948 919  334  1237 878  1579 1478 1933 2102 
1800 2093 1320 161  1170 473  1960 1881 640  567  320  399  500  777  860  1113 1220 1221 1952 615  1072 1887 266  873  754  111  1178 717  1582 1383 1990 2049 316  191  452  461  1468 761  118  1087 614  1433 1198 1753 1814 2113 
1463 2040 1813 540  319  420  649  700  1989 1480 231  340  609  650  987  1180 1173 1460 1431 112  1245 56   207  530  1737 986  411  1406 1059 1810 1761 68   71   1506 317  932  613  1964 929  346  1249 886  1583 1486 1949 4    
1080 539  1560 187  1680 493  2080 891  280  1539 1984 483  550  861  950  1131 1340 1311 1850 1581 1136 1905 296  909  776  129  1192 723  1586 1389 2006 2073 332  193  508  463  1492 769  122  1091 622  1439 1202 1759 1822 1    
1547 1200 2009 600  323  630  667  800  1377 770  351  380  651  740  1023 1204 1209 1580 1479 2050 1647 88   171  536  1773 994  417  1414 1077 1816 1779 76   73   1542 331  956  617  1996 937  358  1259 898  1597 1502 1951 2    
