1872 1085 624  1421 2040 299  840  629  2200 1071 920  189  220  861  940  1419 1460 1767 2150 2133 2192 63   190  927  710  81   1070 381  1462 921  1864 1527 92   3    722  227  2022 503  1636 823  166  1151 698  1489 1286 1861 1942 
1925 1224 1771 1080 133  540  473  1120 1053 1100 1701 1870 609  544  1221 1220 1593 1876 2013 944  1335 232  423  530  1587 890  159  1298 633  1630 1227 2104 1893 404  103  1182 367  1076 659  16   991  422  1307 982  1663 1622 2029 
1728 1001 2160 1183 1200 301  1170 649  560  1863 1000 273  340  903  950  1443 1550 1833 2180 2139 196  75   418  963  712  21   1090 393  1474 933  1886 1563 98   5    474  229  2082 509  1676 827  178  1153 706  1493 1294 1867 1954 
1225 1368 2093 1980 161  600  469  1860 779  1300 1827 2090 651  580  1239 1210 1647 1940 2067 976  1455 238  477  536  1611 902  177  1304 669  1670 1257 2110 1923 412  101  1194 373  1084 661  6    997  446  1319 998  1667 1642 2039 
1584 1295 648  1519 1620 319  1350 623  810  889  1240 357  260  987  968  1479 1580 1869 1024 615  256  99   230  981  730  27   1096 417  1490 939  1898 1569 116  7    498  233  2094 521  1682 829  194  1163 718  1499 1306 1871 1966 
455  1632 1855 468  187  1680 481  1760 763  300  949  2120 759  608  525  1312 1653 1924 165  1072 1515 248  507  568  1629 904  183  1310 681  1688 1263 2114 1929 428  109  1266 379  1108 673  8    1009 454  1321 1006 1669 1646 2053 
2112 1435 816  1775 1908 323  1890 667  880  871  120  1027 350  1023 988  1125 1612 2175 112  645  484  117  250  1017 742  15   1102 411  1498 951  1910 1623 124  11   534  239  2118 523  1684 839  202  1171 734  1511 1318 1873 1982 
595  1248 2065 612  115  462  493  1400 1377 1900 959  330  1121 650  1269 1292 1665 1952 255  1136 1545 266  531  574  1719 938  213  1334 687  1702 1293 2134 1941 436  107  1338 383  1124 677  10   1013 458  1327 1018 1693 1654 2063 
1296 1309 912  1813 2028 305  966  671  1040 693  1160 1043 690  1169 992  1215 1652 405  176  705  676  153  290  1083 754  33   1106 447  1510 993  1912 1641 148  13   582  241  2154 541  1724 853  206  1181 746  1523 1322 1877 1994 
385  1404 2135 684  125  552  485  1242 791  1700 1911 400  1099 1110 1247 1316 1725 1972 285  1168 1605 286  549  584  1737 962  201  1336 699  1730 1299 2146 1959 452  127  1362 389  1132 683  14   1019 466  1361 1042 1697 1658 2069 
864  1463 1104 1825 2124 329  984  635  1416 893  1480 231  380  1189 1410 1339 1666 1875 208  795  1156 147  310  1143 776  51   1112 453  1526 1011 1918 1671 164  17   606  251  2202 547  1732 857  214  1187 758  1531 1346 1879 2018 
665  1656 175  768  143  1020 497  1254 755  1554 979  320  777  620  1253 2190 1391 1988 345  1264 1635 296  603  590  1773 946  219  1342 717  1738 1317 2152 1977 508  113  1374 397  1172 691  22   1021 478  1367 1046 1699 1678 2081 
792  1505 1392 1805 2196 341  1380 679  1482 865  1794 1057 352  1029 1012 1337 96   1411 304  885  1444 207  370  1179 782  39   1130 471  1528 1041 1928 1689 172  19   618  257  12   557  1756 859  218  1193 766  1543 1354 1889 2026 
805  1716 245  828  145  702  511  1950 799  1674 955  1914 1115 736  1995 1352 1345 198  1513 1328 1695 328  639  598  1791 970  237  1358 723  1742 1329 2158 1983 524  137  1398 401  1228 701  26   1031 482  1373 1082 1709 1706 2083 
936  1645 1488 1859 168  335  1026 697  1520 901  1806 995  1998 1165 1184 1275 1694 1415 294  1565 2116 171  410  1233 790  57   1118 489  1534 1047 1930 1707 188  23   642  263  18   563  1772 863  226  1201 778  1549 1366 1901 2038 
875  1824 539  1920 209  696  505  1272 793  450  1003 1974 1135 2136 1255 1364 1845 2044 1507 486  1643 40   657  602  1899 986  249  1370 753  1778 1347 2162 2019 548  131  1434 409  1244 709  34   1033 502  1381 1094 1721 1714 2087 
1056 1547 1440 2009 960  343  1032 655  1496 899  210  1067 2058 1195 192  1285 1696 225  272  1577 666  1691 424  1251 806  69   1166 501  1544 1059 1946 1713 212  29   654  269  724  569  1796 877  254  1213 794  1553 1382 1907 2042 
1015 1944 637  1320 203  660  527  1408 1575 1976 989  390  1139 144  1261 1458 1355 2048 375  1424 1649 774  1757 610  2007 994  267  1378 771  1784 1371 2168 2031 556  149  1446 419  1252 719  38   1039 514  1399 1114 1723 1718 2089 
1152 1715 1536 2023 900  371  1500 689  2024 2205 832  1073 750  1199 1590 1343 108  1417 368  915  56   1703 954  1817 808  87   1162 519  1558 1077 1958 1731 236  31   678  271  764  571  1828 881  262  1217 802  1559 1402 1913 2062 
715  1836 845  972  217  780  517  1470 817  1936 945  1984 1141 1230 1267 60   1379 204  1517 1552 1905 322  1763 1164 1883 1010 291  1390 789  1786 1383 2198 2049 578  139  1506 421  1268 727  46   1049 526  1409 1126 1733 1726 2099 
2016 2015 1134 1975 2178 391  420  703  1360 1197 1088 1155 416  1207 1770 1349 132  1457 342  1585 88   243  434  1819 1308 1927 1178 537  1562 1101 1970 1761 242  37   762  277  772  577  1844 883  274  1223 818  1567 1418 1931 2066 
935  1596 1025 588  155  594  533  1540 1539 440  1953 1856 1785 836  1271 72   1385 228  1529 492  1651 70   711  638  1891 1572 1969 1384 807  1790 1389 64   2073 596  151  1542 431  1324 733  58   1051 538  1423 1138 1741 1754 2111 
1512 2035 1456 2057 216  355  1064 1989 1840 1323 1430 399  572  315  1196 1315 126  1441 348  1589 636  1711 430  1341 814  1937 1812 2045 1576 1119 1978 1779 244  41   786  281  788  587  1852 887  278  1229 838  1571 1438 1933 2078 
1045 1428 1075 882  185  714  515  1672 819  640  567  160  783  748  735  1376 1397 234  1535 516  1655 804  1769 632  2043 1016 1981 1956 2105 1798 1401 20   2103 604  157  1578 433  1348 739  62   1061 542  1427 1142 1747 1762 2113 
2184 2185 1232 2075 2156 365  1122 685  2176 1449 1640 483  500  1107 1276 1395 1708 1465 372  1603 708  1717 996  1829 824  93   1192 2047 2148 2159 1990 1797 268  43   822  283  796  593  1868 907  298  1231 842  1579 1454 1949 2098 
1265 1638 1175 1044 205  744  535  1302 785  704  441  200  741  740  1281 1504 1815 2108 1537 558  1661 846  1765 1206 1895 1022 303  1394 2117 36   2191 32   2127 628  163  1614 439  1388 743  74   1063 554  1429 1154 1753 1766 2129 
1008 2125 1776 2107 264  377  1128 695  1518 895  1216 561  460  1113 1150 1491 1748 105  496  1591 732  1727 1014 1835 1314 1943 1208 543  1570 2167 78   49   284  47   834  293  844  599  1916 911  302  1237 862  1583 1466 1951 2102 
1105 1386 1325 1116 215  798  545  1326 815  1704 965  224  837  820  1407 1450 1659 2068 435  1616 1673 852  1793 1212 1897 1602 1985 1406 813  1802 2189 114  841  318  167  1626 443  1396 751  82   1069 562  1433 1174 1759 1774 2131 
1848 325  1782 625  312  395  1144 707  1566 905  1896 1055 308  1131 1060 1533 1660 1887 512  1005 104  1735 1062 1837 1356 1939 1788 2051 1586 1137 2006 121  222  59   894  307  892  601  1922 919  314  1249 866  1597 1478 1973 2122 
1235 1932 1445 1332 235  858  551  2070 803  1722 985  1992 1145 868  1311 1340 1677 2020 2037 1648 1965 344  1781 1236 1903 1644 1991 1962 2123 1810 1437 28   961  366  173  1662 449  1412 757  86   1087 566  1439 1186 1777 1814 2137 
1344 275  1968 35   384  413  1530 721  2000 913  1938 1081 2046 1205 1036 1551 1780 1917 80   2187 128  261  470  1841 1422 1945 1818 2059 2166 2171 2008 1803 292  53   906  311  908  607  1948 929  326  1259 878  1601 1486 1979 2126 
1375 2052 833  1452 221  990  553  2080 2079 520  973  510  1157 324  1273 1372 1749 2050 2109 1250 2193 110  747  646  1909 1668 2005 2004 2119 24   2195 44   2157 652  179  1686 457  1436 761  94   1091 586  1447 1198 1783 1822 2141 
1764 425  2064 65   378  403  1650 713  800  1617 1720 1079 870  1211 1830 1357 1690 1947 464  2163 100  279  442  1359 826  1957 1884 2071 2172 2165 42   169  316  61   942  313  916  613  1964 937  334  1277 886  1607 1502 1987 2138 
1495 2088 847  1476 247  1260 559  1960 1287 680  1521 770  1147 1290 1313 84   1403 2060 2091 1712 729  130  801  658  2061 1034 2033 2034 2149 54   2197 138  1369 354  181  1698 461  1468 769  106  1093 614  1451 1202 1787 1838 2143 
504  475  2106 55   408  407  630  731  700  891  1190 513  364  1219 2010 1363 150  1469 592  1065 136  333  472  1413 830  111  1222 2077 48   2173 66   289  246  67   978  317  932  617  1996 941  346  1279 898  1609 1514 1993 2174 
1595 2142 1475 1548 253  2100 583  1820 1683 280  351  1750 957  850  1331 90   1393 276  1555 1744 2055 374  873  664  2097 1030 321  1414 2147 30   2201 174  1849 426  191  1758 463  1492 773  118  1097 622  1453 1214 1789 1858 2153 
672  575  1904 95   546  437  1050 737  980  1089 1330 621  476  1161 1148 1387 156  1477 414  1631 152  369  488  1467 854  123  1246 573  1592 2177 102  361  282  73   1002 331  956  619  2012 947  358  1283 914  1613 1522 1997 2182 
1615 576  1525 1568 265  888  589  1600 1881 910  459  2030 897  812  975  1484 1405 306  1561 522  1679 170  909  670  2151 1048 309  1426 831  1816 25   186  1681 402  193  1842 467  1516 787  122  1103 626  1459 1226 1801 1874 2161 
756  605  2128 1485 728  415  1218 767  1280 297  1610 627  490  1173 1078 1305 1804 1501 444  1633 726  1739 494  1503 856  129  1256 579  1582 1149 2014 529  258  71   1038 337  964  631  2036 953  362  1289 922  1619 1538 1999 2186 
1625 2208 1573 1792 2025 896  565  1464 851  760  429  2170 969  860  1431 1564 1935 2132 1541 564  1685 876  1795 682  2169 1054 327  1432 843  1826 1461 50   2209 438  197  1866 479  1532 797  134  1109 634  1471 1234 1811 1882 2179 
924  725  252  85   616  1755 1288 745  1608 917  1880 663  550  1209 1180 1599 1862 135  656  1639 738  1745 1068 1843 872  141  1258 591  1598 1167 2054 1821 332  79   1074 347  1004 641  2084 967  382  1291 926  1621 1546 2003 2194 
1885 336  1675 1692 295  952  2145 1736 835  1752 1007 140  999  928  1353 1420 1809 2204 465  1808 1687 948  1799 1278 1915 1066 339  1442 849  1832 1473 52   2181 668  199  1878 487  1556 809  142  1117 662  1481 1238 1823 1894 2203 
1176 775  288  77   456  445  1624 495  1664 943  270  1111 532  825  1204 1581 1850 1971 688  1095 184  1751 1098 1853 1494 1961 1270 597  1606 1191 2056 1839 338  83   1086 349  1028 643  2092 971  386  1297 934  1627 1574 2011 2206 
1705 432  931  1560 259  918  611  2072 675  2002 1037 570  1177 884  1035 1508 1743 2140 2121 2032 2085 376  1807 1284 1919 1734 2021 1448 879  1834 1497 68   2199 692  211  1902 491  1588 811  146  1123 674  1483 1262 1831 1906 2207 
1092 925  396  119  360  427  1710 781  1768 855  448  1133 930  1243 1274 1425 1888 2001 752  1185 154  387  506  1865 1524 1963 1854 2095 1634 1203 2074 1851 356  97   1146 353  1052 647  2164 977  394  1301 958  1637 1594 2017 4    
1955 528  1127 720  287  1140 581  240  869  784  585  392  1159 1365 1333 1628 2115 2144 555  2096 45   406  867  686  1921 1746 2041 2076 2155 1846 1509 76   9    716  223  1986 499  1604 821  158  1129 694  1487 1282 1847 1934 1    
1188 1729 1800 91   480  451  1740 749  180  923  1472 765  644  1241 2130 1351 1892 195  848  1245 182  363  518  1557 874  1967 1926 2101 162  2183 2086 1857 388  89   1158 359  1058 653  2188 983  398  1303 974  1657 1618 2027 2    
