960  1127 1350 319  1050 589  1820 1539 616  2295 1664 1155 1472 765  532  1725 1276 285  1804 1245 176  2241 2032 801  310  81   712  471  1118 1137 1562 1851 1990 2271 2282 131  242  409  1132 719  6    1049 454  1423 1018 1747 1658 2129 
1001 900  77   1950 493  1540 1377 2156 1755 1672 2205 832  315  572  1215 992  1875 1508 705  2108 1965 752  261  110  1503 518  201  904  789  1378 1473 1798 2167 2216 19   2202 263  668  569  1732 881  194  1223 734  1571 1322 1949 2018 
2160 1183 1380 323  1120 1989 700  1863 1408 1575 1768 1995 1856 855  644  1815 1292 345  1862 1335 208  2247 2096 867  322  15   742  489  1130 1149 1570 1857 2006 2279 1446 137  244  419  1172 727  8    1051 458  1427 1042 1753 1678 2131 
1309 360  133  2070 517  560  2277 1700 1701 1144 945  1936 1365 736  1275 1036 225  1612 795  2068 2037 848  279  130  1557 536  213  946  807  1384 1497 1802 2171 978  23   2238 269  692  571  1756 883  202  1229 746  1579 1346 1951 2026 
1440 1421 1500 329  1600 1683 800  693  640  567  1976 1785 1984 825  812  1845 1316 375  1876 1455 272  2265 2192 873  328  21   730  501  1162 1167 1576 1893 2008 2291 1506 139  268  421  1228 733  10   1061 466  1429 1046 1759 1706 2137 
1463 480  143  2220 427  1520 2079 1900 1617 1240 357  704  525  608  1395 1012 135  1564 885  2132 2055 944  333  136  1587 530  237  962  813  1390 1509 1810 2173 1002 29   2274 271  716  577  1772 887  206  1231 758  1583 1354 1973 2038 
1800 1519 1530 341  240  581  1280 1071 760  441  1880 621  352  975  836  1935 1312 435  1892 1515 304  2289 2224 909  344  27   754  519  1166 1191 1582 1923 2054 25   1542 149  284  431  1244 739  14   1063 478  1433 1082 1777 1714 2141 
1547 540  161  2080 469  880  819  2300 1827 1430 399  2210 783  308  1305 1078 195  1628 915  2144 2067 976  363  152  1611 568  219  970  831  1394 1527 1816 2177 1038 31   2298 277  722  587  1796 907  214  1237 766  1597 1366 1979 2042 
1980 1813 1632 343  648  611  1100 1323 680  189  1870 651  160  1107 868  2115 1364 615  1888 1545 368  2301 100  927  370  33   776  537  1178 1203 1586 1929 2014 49   1578 151  292  433  1252 743  22   1069 482  1439 1094 1783 1718 2143 
1729 600  203  2200 497  1360 1197 440  1911 1480 483  2090 861  260  1161 1148 255  1652 1005 2204 2085 1072 369  154  1629 574  249  986  843  1406 1563 1826 2181 2222 37   12   281  724  593  1828 911  218  1249 778  1601 1382 1987 2062 
1080 1573 1710 371  810  623  1300 1449 1000 231  2120 777  200  987  500  1311 1352 465  1924 1605 464  729  196  963  374  39   782  543  1192 1227 1592 1941 2056 2283 2290 157  316  439  1268 751  26   1087 502  1447 1114 1787 1726 2153 
1771 1020 217  2244 511  1782 667  520  1953 1640 429  400  897  340  1209 740  1479 1694 1065 2212 2091 1136 387  170  1719 584  267  994  849  1414 1569 1832 2183 2230 41   18   283  764  599  1844 919  226  1259 794  1607 1402 1993 2066 
1560 2009 1650 377  816  845  882  697  920  273  2176 627  2170 1131 490  1353 860  1593 1952 1635 496  45   256  981  376  51   790  573  1208 1257 1598 1959 2074 9    2294 163  332  443  1324 757  34   1091 514  1451 1126 1789 1754 2161 
2233 780  259  2232 2065 1968 1975 2178 721  1720 609  320  957  350  1173 650  1491 1210 1743 2236 2109 1168 423  182  1737 590  291  1010 879  1426 1623 1834 2189 2242 43   20   293  772  601  1852 929  254  1277 802  1609 1418 1997 2078 
1920 2023 1716 1645 912  925  828  185  594  749  2024 741  140  1023 580  1281 940  1599 1460 1869 2060 63   484  1017 406  57   806  579  1222 1263 1606 1977 2086 121  1614 167  338  449  1348 761  38   1093 526  1453 1138 1801 1762 2179 
2093 660  287  576  2135 2064 2075 2196 445  1032 865  448  969  364  1221 820  1443 1220 1749 1690 2121 1250 477  184  1773 598  303  1016 921  1432 1641 1846 2195 1074 47   28   307  788  607  1868 937  262  1279 818  1613 1438 1999 2098 
1320 2107 1740 391  1392 1025 972  205  696  745  1482 955  2002 1035 884  1407 1060 1653 1550 1917 2140 99   676  1083 410  87   814  591  1246 1293 1630 1983 2104 169  1626 173  356  457  1388 769  46   1097 538  1459 1142 1811 1766 2203 
2261 936  187  840  527  2106 2225 168  485  1122 851  1722 1055 392  1425 1184 1533 1340 1833 1850 2133 1328 531  230  1791 602  309  1022 933  1442 1671 1864 2191 1086 53   32   311  796  613  1916 941  274  1283 838  1619 1454 2003 2102 
720  2057 1680 403  1386 1075 1044 215  702  755  1566 923  1914 1135 928  405  1376 1647 1580 1947 2150 117  1156 1143 418  69   808  597  1256 1299 1634 2019 2110 289  1662 179  388  461  1396 773  58   1103 542  1471 1154 1823 1774 2207 
539  1140 221  1890 533  1904 625  216  505  1128 817  750  1027 2058 1195 1196 105  1696 1767 1940 2139 1264 507  190  1899 610  321  1030 939  1448 1689 1886 2197 1146 59   44   313  844  617  1922 947  278  1289 842  1621 1466 2011 2122 
2040 1859 1260 407  1400 1881 1568 235  714  767  210  949  1410 1139 72   1271 1504 555  1972 1971 2180 147  1444 1179 424  93   824  633  1258 1317 1670 2031 2114 361  1686 181  404  463  1412 787  62   1109 554  1481 1174 1831 1814 2213 
637  1152 209  2240 1287 1840 891  896  515  1218 869  870  1043 2130 1211 198  1349 1666 1095 2254 2187 1424 549  232  2007 632  327  1034 951  1462 1707 1898 2199 2248 61   50   317  892  619  1948 953  298  1291 862  1627 1478 2017 2126 
2280 2303 1836 437  1960 2223 980  1089 1288 779  390  959  1590 1141 60   1273 414  1405 1988 1695 512  75   2116 1233 430  111  826  669  1270 1329 1688 2049 2134 529  1698 191  412  467  1436 797  74   1117 562  1483 1186 1847 1822 2221 
833  990  247  420  551  2000 1053 280  297  910  893  930  1057 2136 1207 234  1351 666  1501 2272 2163 1552 603  238  2043 638  339  1048 993  1474 1713 1910 2201 1158 67   52   331  908  631  1964 967  302  1297 866  1637 1486 2027 2138 
1200 91   1760 481  1470 629  1792 1521 1160 459  1610 979  1770 1147 84   1285 444  1403 876  1565 592  153  40   1251 434  123  830  681  1298 1347 1702 2073 2146 961  1758 193  428  479  1468 809  82   1123 566  1487 1198 1861 1838 2237 
847  1224 299  630  559  2128 1485 952  351  770  663  1330 1067 2190 1219 204  1355 708  1507 1164 1643 1616 639  248  2061 646  381  1054 1011 1490 1731 1912 2215 1182 71   68   337  916  641  1996 971  314  1301 878  1657 1502 2029 2174 
1620 2299 2100 451  2142 1175 728  2025 1496 513  1750 759  224  1157 90   1313 486  1411 948  1577 1356 1691 56   1341 442  129  854  687  1304 1371 1730 2103 2152 841  1842 197  436  487  1492 811  86   1129 586  1489 1202 1867 1858 2239 
931  1170 253  756  325  252  55   1064 585  1736 561  2030 999  380  1241 228  1357 726  1513 1206 1649 1668 1751 250  2097 658  393  1066 1041 1498 1761 1918 2217 2264 73   76   347  932  643  2012 977  326  1303 886  1663 1514 2039 2182 
1584 119  1860 473  336  1325 1116 265  1624 2145 2296 837  220  1029 550  1333 492  1415 954  1585 1422 1703 1884 1799 470  159  856  699  1310 1383 1738 2117 2158 1369 1866 199  452  491  1516 821  94   1151 614  1493 1214 1871 1874 2243 
2275 1056 301  2250 583  2256 35   264  535  2072 495  1088 903  460  1239 850  1363 732  1517 1212 1651 1734 1757 2076 1841 664  411  1070 1047 1510 1779 1928 2219 1194 79   92   349  956  647  2036 983  334  1307 898  1667 1522 2053 2186 
1728 805  1944 413  1040 649  1332 295  744  781  784  675  416  1113 620  1419 1150 1417 996  1589 1494 1711 1926 1807 48   1895 872  717  1334 1389 1742 2123 762  1681 1878 211  508  499  1532 823  106  1153 622  1499 1226 1873 1882 2251 
1925 1248 1295 432  553  180  679  312  545  1242 871  1216 735  748  1269 950  1551 1420 1529 1236 1655 1746 1763 2148 1843 42   1927 1090 1059 1526 1797 1946 2227 1266 83   98   353  964  653  2084 991  346  1319 914  1669 1538 2063 2194 
1872 875  2052 1715 1104 671  300  703  858  763  510  973  544  1125 968  1431 1180 1659 1660 1591 1524 1717 1956 1817 162  1903 102  1961 1336 1401 1778 2119 822  1849 1902 223  524  503  1556 827  118  1163 626  1511 1234 1877 1894 2267 
1225 1188 1435 528  175  288  689  450  713  270  889  1110 1079 476  1665 1204 1581 1450 1809 2020 1661 1788 1765 2166 1853 54   1937 246  1985 1528 1803 1930 2231 1338 89   116  359  1004 659  2092 997  358  1321 922  1693 1546 2069 2206 
2112 1015 2208 1855 1488 1445 1452 707  120  791  570  989  1830 1177 988  2175 1372 1677 1780 2001 2260 1727 1962 1819 36   1909 174  1963 318  2041 1784 2127 2168 2209 1986 227  548  509  1588 829  122  1171 634  1523 1238 1879 1906 2269 
455  1368 1505 624  245  2288 85   384  731  330  899  1190 1073 2214 1205 1274 165  1708 1887 2050 2193 1648 1769 2172 1865 66   1939 222  1991 426  2071 1958 2229 2266 97   124  367  1028 661  2164 1009 362  1327 926  1697 1574 2081 2218 
2304 1085 2088 2035 1536 1475 1476 305  798  793  690  1007 1974 1145 96   1315 1484 645  2044 2013 80   171  70   1829 24   1915 138  1967 354  2045 534  2147 2162 3    64   229  556  521  1604 839  134  1181 662  1531 1262 1889 1934 2273 
385  1404 1615 1092 425  396  65   378  565  1254 901  1230 1111 2226 1243 276  1385 1748 1185 1024 2211 1712 657  266  1891 78   1943 258  2005 438  2077 642  2245 2278 101  148  373  1052 673  2188 1013 382  1361 934  1699 1594 2083 2234 
1296 1265 1344 2125 1638 1525 1548 335  888  785  1518 1003 1992 1159 108  1331 516  1441 2048 1905 656  207  88   1359 472  1919 186  1969 366  2047 582  2149 834  5    2022 233  578  523  1636 853  142  1187 674  1543 1282 1901 1942 2281 
595  1824 1495 924  475  468  95   408  635  1272 895  1752 1081 2262 1253 306  1379 738  1535 112  2235 1744 711  286  2151 670  1957 282  2033 474  2095 654  2249 1362 103  164  379  1058 677  2228 1019 386  1367 958  1709 1618 2087 2246 
792  1105 1848 2015 1134 1675 1692 355  918  803  1554 965  1938 1165 132  1337 522  1457 1014 1633 688  243  104  1413 488  141  890  1981 402  2051 606  2155 894  7    2082 239  596  541  1676 857  146  1193 694  1549 1286 1907 1954 2287 
665  1656 1625 1176 575  588  115  456  655  1302 905  1794 1099 144  1247 342  1391 774  1537 1284 1673 1808 747  290  2169 682  417  1096 2021 498  2101 678  2257 1374 107  172  383  1076 683  2252 1021 394  1373 974  1721 1622 2089 2258 
864  1235 1764 2185 1232 1775 1908 365  966  799  1608 985  1998 1169 150  1339 558  1465 1062 1603 1572 1735 128  1467 494  177  874  723  1342 2059 618  2159 906  11   2094 241  604  547  1682 859  158  1201 698  1553 1294 1913 1966 2293 
715  1008 1705 1428 725  612  125  462  685  1416 913  1806 1115 324  1261 294  1387 804  1555 1278 1679 1812 1781 296  2259 686  447  1102 1077 1534 2105 786  2263 1398 109  188  389  1084 691  2276 1031 398  1381 982  1723 1642 2099 2302 
2016 1375 504  2255 1456 1805 2028 395  984  815  1674 995  2046 1189 126  1343 564  1469 1068 1631 1602 1739 2004 1835 506  183  902  753  1358 1437 1786 2165 942  13   2118 251  628  557  1684 863  166  1213 706  1559 1306 1931 1982 2297 
935  2184 1955 1596 605  768  145  546  695  1326 917  1896 1121 192  1255 348  1393 846  1541 1308 1685 1818 1793 2286 1883 710  453  1106 1101 1544 1821 1978 2285 1434 113  212  397  1108 701  2284 1033 422  1399 998  1733 1646 2111 4    
1512 1595 672  275  1776 1825 2124 415  1026 835  1704 1037 2010 1199 156  1345 636  1477 1098 1639 1644 1745 2034 1837 30   1921 938  771  1370 1461 1790 2157 2198 17   2154 257  652  563  1724 877  178  1217 718  1567 1318 1933 1994 1    
1045 2268 1885 1932 775  684  155  552  737  1464 943  1290 1133 1458 1267 372  1397 852  1561 1314 1687 1854 1795 2292 1897 114  1945 1112 1119 1558 1839 1970 2253 2270 127  236  401  1124 709  16   1039 446  1409 1006 1741 1654 2113 2    
