2376 1085 576  847  2040 253  840  589  1760 819  1100 1449 1480 231  460  987  988  1665 1652 345  2272 1605 976  2247 110  603  494  2061 890  327  1342 1011 1786 1761 2222 47   1878 311  764  617  1852 953  214  1297 778  1657 1402 2039 2078 
2275 1188 2065 2256 77   900  407  1050 767  880  1071 520  1953 400  663  820  1221 1316 405  1952 1005 304  2037 2096 147  296  1251 686  93   1102 681  1544 1371 1978 2127 64   173  316  461  1324 787  14   1117 482  1487 1114 1867 1754 2243 
1584 1295 432  1127 2280 259  1020 611  1860 901  1280 1617 1640 357  500  999  1060 1353 1666 375  2254 1635 1136 2265 128  639  506  2097 902  381  1358 1041 1790 1779 2230 53   1902 313  772  619  1868 967  218  1301 794  1663 1418 2053 2098 
1225 1224 1771 2340 161  360  437  1120 779  810  1027 680  567  320  741  308  1209 1220 1551 1972 915  368  2055 2224 153  310  1341 710  129  1106 687  1558 1383 1990 2157 20   179  332  463  1348 797  22   1123 502  1489 1126 1871 1762 2251 
1872 1435 624  1421 1320 287  990  629  1950 899  980  2349 1720 429  140  1107 1012 1407 1460 1599 2312 1695 1168 2289 130  657  518  2151 904  393  1370 1047 1798 1797 2242 61   1986 317  788  631  1916 971  226  1303 802  1667 1438 2063 2102 
1925 1248 2135 2288 133  480  469  1500 749  1040 1377 760  441  160  783  490  1269 1352 1479 1780 1659 464  2067 2192 171  322  1359 712  123  1112 699  1562 1389 2006 2181 28   181  338  467  1388 809  26   1129 514  1493 1138 1873 1766 2267 
1728 1309 648  1445 1476 299  1140 581  2070 913  1300 1701 1870 483  550  1131 1036 1725 1694 1581 1940 1767 2260 2301 136  711  530  2169 938  411  1378 1059 1802 1803 2248 59   2022 331  796  641  1922 977  254  1307 818  1669 1454 2069 2122 
385  1368 2093 288  35   408  451  1530 763  1360 693  920  1521 200  777  850  1311 1364 1875 1988 1677 2060 2091 2384 207  328  1413 730  141  1118 717  1570 1401 2008 2199 32   191  356  479  1396 811  34   1151 526  1499 1142 1877 1774 2269 
2304 1001 2160 1183 1548 235  896  649  2080 2079 1700 1827 1880 513  580  1023 1148 1935 1696 435  2324 1809 2350 2337 154  747  536  2259 946  417  1384 1077 1810 1821 2264 67   2082 337  844  643  1948 983  262  1319 838  1693 1466 2081 2126 
455  1632 2233 2400 91   456  415  1272 781  1520 1323 1000 189  220  837  532  1125 1372 225  2044 1065 496  2109 100  243  344  1467 742  177  1130 723  1576 1437 2014 2217 44   193  388  487  1412 821  38   1153 538  1511 1154 1879 1814 2273 
2112 1505 816  1519 720  301  918  545  1566 917  1900 1911 2090 609  608  765  1078 1845 1708 465  2332 1833 80   2343 152  801  568  2313 962  447  1390 1101 1816 1839 2266 71   2094 347  892  647  1964 991  274  1321 842  1697 1478 2083 2138 
595  1404 2345 396  203  540  473  1288 745  1794 1037 1160 273  340  861  928  1215 1376 135  2048 1095 512  2121 256  261  370  1503 754  159  1162 753  1582 1461 2054 2229 50   197  404  491  1436 823  46   1163 542  1523 1174 1889 1822 2281 
1296 1463 1104 1675 1692 319  1890 671  1608 835  1998 1139 2120 621  620  1029 1184 1815 1748 555  2356 1869 1250 2373 170  873  574  2367 970  453  1394 1119 1826 1851 2270 73   2118 349  908  653  1996 997  278  1327 862  1699 1486 2087 2174 
665  1656 2261 468  55   546  493  1400 793  1806 965  2226 1241 1750 897  860  1239 1504 105  2068 1185 592  2133 484  279  374  1557 776  183  1166 771  1586 1473 2056 2253 52   199  412  499  1468 827  58   1171 554  1531 1186 1901 1838 2287 
792  1547 1440 1813 1908 295  966  689  1960 923  2046 1115 2328 1331 350  1173 1210 1443 1804 645  2336 1905 1328 2355 182  909  584  81   986  471  1406 1137 1832 1857 2278 79   2154 353  916  659  2012 1009 298  1361 866  1709 1502 2089 2182 
805  1824 2387 1080 143  552  445  1254 799  1840 1043 2262 1165 1458 1387 812  1431 1340 1533 2108 1245 656  2085 196  333  376  1587 790  201  1178 789  1592 1497 2074 2271 68   211  428  503  1492 829  62   1181 562  1543 1198 1907 1858 2293 
864  1645 912  1573 1680 323  984  565  1518 949  2300 1141 144  1255 108  1385 1196 1419 1550 1647 2366 1887 1264 2379 184  867  590  21   1010 489  1414 1149 1834 1893 2282 83   2202 359  932  661  2036 1013 302  1367 878  1721 1514 2099 2186 
715  1836 175  612  209  1260 481  1302 755  1896 1057 510  1219 72   1345 204  1529 1420 1593 1690 1749 2140 2139 1156 363  406  1611 782  213  1192 807  1598 1509 2086 2283 76   223  436  509  1516 839  74   1187 566  1549 1202 1913 1874 2297 
2016 2015 528  1775 1568 341  2240 667  1664 865  2136 1147 770  1333 126  1405 414  1603 1580 1653 2020 1917 1424 729  190  927  598  15   1016 501  1426 1167 1846 1923 2290 89   2238 367  956  673  2084 1019 314  1373 886  1723 1522 2111 2194 
935  1176 775  2128 1485 728  1683 1820 1881 2176 985  2322 1261 1610 1391 228  1535 666  1679 1850 1743 2150 2163 676  369  418  1629 806  219  1208 813  1606 1527 2104 2307 92   227  452  521  1532 853  82   1193 586  1553 1214 1931 1882 2309 
1512 2035 2394 1825 1792 2295 1064 2277 2380 2223 784  1135 324  1339 2370 1441 444  1631 948  1757 2050 1947 1552 2397 230  963  602  27   994  519  1432 1191 1864 1929 2294 97   2274 373  964  677  2092 1021 326  1381 898  1733 1538 2113 2206 
1045 1092 605  252  65   616  1755 1624 1287 2000 1539 448  1195 84   1397 234  1537 708  1685 1206 1829 2180 2187 1444 387  410  1719 808  237  1222 831  1630 1563 2110 2319 98   229  508  523  1556 857  86   1201 614  1559 1226 1933 1894 2311 
2184 2125 336  1805 2124 265  952  2145 2072 891  280  1089 1856 1285 156  1415 486  1633 876  1763 1422 1897 1616 45   232  981  610  33   1022 537  1442 1203 1886 1941 2314 101  2298 379  1004 683  2164 1031 334  1399 914  1741 1546 2129 2218 
1265 1596 845  588  85   462  485  1736 2025 2296 1863 910  297  224  1355 276  1555 726  1691 1212 1835 1812 1945 2116 423  424  1737 824  249  1246 843  1634 1569 2114 2361 116  233  524  541  1588 859  94   1213 622  1567 1234 1949 1906 2333 
1008 2255 1134 1859 2196 335  1026 635  1672 585  1936 459  1330 561  364  1457 492  1643 996  1765 1524 1903 2034 2005 238  1017 632  39   1030 543  1462 1227 1898 1959 2318 103  2334 383  1028 691  2188 1033 346  1409 922  1747 1574 2131 2234 
1105 1932 925  684  115  594  497  1326 785  2024 945  1216 351  2030 969  644  1565 732  1703 1236 1837 1818 1957 2358 2077 430  1773 814  267  1256 849  1670 1623 2134 2391 124  239  548  547  1604 863  106  1217 626  1571 1238 1951 1934 2339 
1848 2375 1232 1975 2028 305  1032 623  1674 895  704  1365 1984 627  392  825  1204 1639 954  1769 1572 1909 2076 2021 30   2149 638  51   1034 573  1448 1257 1910 1977 2330 107  2382 389  1052 701  2228 1039 358  1423 926  1753 1594 2137 2246 
1235 1386 1025 768  95   696  505  1408 791  1914 995  1088 1155 416  495  868  1275 1484 1711 1278 1841 1854 1961 2364 2101 114  2183 830  291  1258 879  1688 1641 2146 9    148  241  556  557  1636 877  118  1223 634  1579 1262 1973 1942 2341 
2268 2185 1392 2009 2178 329  1122 655  1704 905  2002 675  2368 1995 736  855  1274 2115 1862 1781 1602 1915 2148 2033 42   2155 282  2219 1048 579  1474 1263 1912 1983 2338 109  12   397  1058 709  2252 1049 362  1427 934  1759 1618 2141 2258 
1375 1428 1075 828  125  702  511  1416 803  1938 1055 1472 1785 572  525  884  1305 1564 165  2144 1843 1884 1963 2388 2095 174  2189 426  2263 1270 921  1702 1671 2152 3    164  251  578  563  1676 881  122  1229 662  1583 1282 1979 1954 2347 
2352 2365 1456 2057 168  355  1128 679  2220 943  2058 1145 352  315  748  1035 1292 2175 1876 615  1024 1919 2172 2041 54   2159 318  2227 606  2321 1490 1293 1918 2019 2344 113  18   401  1076 719  2276 1051 382  1429 958  1777 1622 2143 2302 
1495 1944 1175 882  145  714  515  1464 817  2320 1067 2346 1205 544  735  968  1395 1628 195  2204 1335 688  1967 48   2105 186  2191 474  2285 762  2359 1730 1689 2158 17   1578 257  596  569  1682 883  134  1231 674  1597 1286 1987 1966 2351 
1344 275  1488 2075 2156 365  1144 685  1722 979  120  1157 192  1315 836  975  1276 2325 1888 705  112  1965 1648 2045 66   2165 354  2231 618  2323 894  49   1928 2031 2354 127  172  409  1084 727  2284 1061 386  1433 974  1783 1642 2153 2306 
1595 1638 1325 972  155  798  527  1482 815  1974 1073 570  1243 96   1379 992  1425 1508 255  2132 1455 752  2193 56   2117 222  2195 498  2291 786  2363 1002 529  2168 13   1614 263  604  571  1684 887  142  1237 694  1601 1294 1993 1982 2357 
1764 425  1536 2023 216  377  2310 697  1752 955  2214 1169 1230 1337 60   1477 1312 2385 1892 795  176  1971 1712 75   248  2167 366  2245 642  2327 906  121  1146 1849 1398 131  188  419  1108 733  2308 1063 394  1439 982  1787 1646 2161 2326 
1615 1716 245  1044 185  744  533  1470 851  1992 1081 750  1247 1830 1393 306  1541 1612 285  2212 1515 848  2211 104  477  434  2197 534  2305 822  2369 1038 841  1266 19   1626 269  628  577  1724 907  146  1249 698  1607 1306 1997 1994 2371 
504  475  1776 2107 264  343  1350 703  2200 959  270  1159 1190 1349 90   1501 516  1649 1924 885  208  2001 1744 63   250  1083 658  2249 654  2335 942  169  1158 2209 1434 137  212  421  1124 739  2348 1069 398  1447 998  1789 1654 2179 2342 
1625 2088 539  1560 217  600  517  1740 871  180  1079 690  1271 2010 1403 294  1577 738  1717 2236 1545 944  2235 88   507  470  1791 826  2315 834  2395 1074 961  1338 23   1662 271  652  587  1732 911  158  1259 706  1609 1318 1999 2018 2377 
672  325  1968 2299 1200 371  1170 707  2250 973  330  1189 1290 1343 132  1465 522  1651 1062 1793 272  2013 1808 117  266  1143 646  69   1054 2353 978  289  1182 5    1446 139  236  431  1132 743  2372 1087 422  1451 1006 1801 1658 2203 2362 
1705 2052 637  1920 187  780  551  1650 889  300  1099 930  1253 2130 1411 342  1561 774  1727 1284 1865 1072 2241 40   531  442  1899 854  303  1298 25   1086 1369 1362 29   1686 277  668  593  1756 919  166  1277 718  1613 1322 2003 2026 2381 
756  575  1782 2303 1620 391  420  713  1600 989  390  1177 1410 1351 150  1507 558  1655 1014 1795 1644 1921 2032 99   290  1179 664  57   1066 591  1498 361  1194 7    1506 149  242  433  1172 751  2396 1091 446  1453 1018 1811 1678 2207 2374 
1885 2142 1475 1116 221  2100 559  1540 1989 700  1111 870  1267 2190 1417 348  1585 804  1735 1308 1883 1926 1969 70   549  472  2007 856  309  1304 933  1738 1681 1374 31   1698 281  692  599  1772 929  178  1279 734  1619 1346 2011 2038 2383 
924  725  1904 2225 378  403  630  731  560  1053 640  1199 1590 1357 198  1513 564  1661 1068 1799 1668 1927 2166 2047 286  1233 670  87   1070 597  1510 1299 1930 11   1542 151  244  439  1228 757  16   1093 454  1459 1042 1823 1706 2213 2386 
1955 2232 1525 1332 205  888  583  1710 869  800  1197 1240 1273 2170 1469 372  1589 846  1745 1314 1853 1956 1981 162  2147 488  2043 872  339  1310 939  1742 1707 2162 37   1758 283  716  601  1796 937  194  1283 746  1621 1354 2017 2042 2389 
936  1715 2064 625  312  395  1218 737  240  1003 440  2331 2210 759  476  1517 636  1673 1098 1807 1746 1937 2286 2051 78   2173 682  111  1090 633  1526 1317 1946 2049 2378 157  268  443  1244 761  6    1097 458  1471 1046 1831 1714 2221 4    
875  2208 833  1452 215  858  535  1554 893  450  1121 1430 399  260  957  940  1591 852  1739 1356 1891 1962 1985 36   2123 258  2215 874  321  1334 951  1778 1713 2198 43   1842 293  722  607  1828 941  202  1289 758  1627 1366 2027 2062 2393 
1056 1729 1800 2401 384  413  1242 695  1768 1007 210  1207 2360 651  650  1113 1150 1687 1164 1817 1734 1939 2292 2059 102  2171 402  2257 1096 669  1528 1329 1958 2073 2390 163  284  449  1252 769  8    1103 466  1481 1082 1847 1718 2237 2    
1015 2244 931  1980 247  660  553  1496 1575 2392 1133 1110 1313 380  903  950  1281 1450 1751 1494 1895 2004 1991 24   2119 246  2201 582  2317 1336 993  1784 1731 2216 41   1866 307  724  613  1844 947  206  1291 766  1637 1382 2029 2066 2399 
1152 1855 2106 119  960  427  1380 721  1976 2205 832  1211 1770 1363 740  1161 1180 1491 1660 1819 1788 1943 2316 2071 138  2177 438  2279 678  2329 1534 1347 1970 2103 2398 167  292  457  1268 773  10   1109 478  1483 1094 1861 1726 2239 1    
