1260 1859 1890 247  2310 533  2320 819  680  1911 1880 399  320  777  220  1131 860  1533 1580 1869 2150 2163 1328 363  232  1737 658  249  1096 921  1544 1689 1990 2279 618  529  1758 193  412  491  1492 827  34   1181 538  1549 1174 1931 1838 2311 
2431 2100 143  420  403  1960 2223 2300 1617 1480 231  2210 627  160  861  620  1311 1340 1677 1972 2013 272  2409 1156 963  434  27   872  573  1342 1293 1790 2031 2230 2429 1158 67   50   347  916  653  2036 1009 262  1367 842  1723 1486 2113 2182 
1680 2057 2240 299  1120 1287 2480 1071 920  2499 1976 609  1472 783  340  1161 940  1581 1660 1917 2180 2187 1424 369  238  1773 664  267  1102 933  1558 1707 2006 2283 2344 841  1842 197  428  499  1516 829  38   1187 542  1553 1186 1933 1858 2333 
1573 840  187  630  437  2380 891  1900 1701 1640 357  2440 651  2470 903  580  1353 1352 1749 1924 2037 304  2445 1444 981  442  33   874  579  1358 1299 1798 2049 2242 2433 2438 71   52   349  932  659  2084 1013 274  1373 862  1733 1502 2129 2186 
2160 2299 1764 319  1400 1881 700  1863 1000 567  2024 513  704  837  380  1173 950  1551 1666 885  2312 2211 1552 387  248  1791 670  291  1106 939  1562 1713 2008 2285 2354 9    20   199  436  503  1532 839  46   1193 554  1559 1198 1949 1874 2339 
1001 720  209  1050 451  560  1053 1792 1089 1664 2205 1936 1785 572  987  650  1407 1376 345  1988 1545 368  2451 2116 1017 470  39   890  591  1370 1317 1802 2073 2248 2435 2456 73   68   353  956  661  2092 1019 278  1381 866  1741 1514 2131 2194 
1440 833  1170 323  1470 559  800  2349 2450 297  2176 1365 1856 525  748  1239 1060 1593 1694 915  2254 2193 1616 423  250  1899 682  303  1112 951  1570 1731 2014 2291 642  961  1866 211  452  509  1556 853  58   1201 562  1567 1202 1951 1882 2341 
1309 1200 2401 1740 473  810  667  2156 351  952  2475 1088 1995 544  1035 968  1443 1364 375  2044 1605 464  729  40   1083 472  51   902  597  1378 1329 1810 2103 2264 2443 1182 79   76   359  964  673  2164 1021 298  1399 878  1747 1522 2137 2206 
1800 847  1020 287  2220 553  180  703  280  429  1624 1755 1984 735  836  1665 1148 225  1696 1005 2324 2235 1648 477  286  2007 686  309  1118 993  1576 1761 2054 2305 654  1369 1878 223  508  521  1588 857  62   1213 566  1571 1214 1973 1894 2347 
1463 1620 77   1530 427  880  679  450  737  1064 1485 2072 585  608  1125 868  2115 1372 435  2048 1635 496  45   56   1143 488  57   904  633  1384 1347 1816 2127 2266 2449 1194 83   92   367  1004 677  2188 1031 302  1409 886  1753 1538 2141 2218 
2340 931  1248 301  2250 581  288  707  120  781  1736 2145 784  765  392  1425 1196 135  1708 1065 2332 2241 1712 507  266  2043 710  321  1130 1011 1582 1779 2056 2307 2378 1849 1902 227  524  523  1604 859  74   1217 586  1579 1226 1979 1906 2351 
1771 960  119  1710 469  1104 1775 1332 749  270  869  2296 675  224  1215 992  2175 1484 465  2068 1695 512  63   88   1179 494  69   938  669  1390 1371 1826 2157 2270 2453 1266 89   98   373  1028 683  2228 1033 314  1423 898  1759 1546 2143 2234 
2400 1127 990  329  2430 583  252  115  312  779  210  989  448  825  476  1725 1204 165  1748 1095 2356 2247 1744 531  290  2061 712  327  1162 1041 1586 1797 2074 2317 678  1681 1986 229  548  541  1636 863  82   1223 614  1583 1234 1987 1934 2357 
1547 900  91   1760 481  1134 1805 1452 355  744  871  750  1111 364  1305 988  2325 1504 555  2108 1905 592  75   104  1233 506  87   946  681  1394 1383 1832 2181 2278 2455 1338 97   116  379  1052 691  2252 1039 326  1427 914  1777 1574 2153 2246 
1980 1183 1140 343  2460 589  396  125  378  685  1254 973  1290 1189 532  1815 1274 255  1804 1185 2336 2265 1808 549  296  2097 730  339  1166 1047 1592 1803 2086 2315 762  2209 2022 233  556  547  1676 877  86   1229 622  1597 1238 1993 1942 2371 
1729 1296 161  1860 493  1232 1825 1476 365  798  895  1566 1099 1992 1255 1036 2385 1508 645  2132 1965 656  99   70   1251 518  93   962  687  1406 1389 1834 2189 318  2461 1362 101  124  383  1058 701  2276 1049 334  1429 922  1783 1594 2161 2258 
1080 1421 1350 371  1600 1989 1568 145  384  695  1272 965  1752 1145 2226 1339 1276 105  1888 1245 2366 2343 2032 603  310  2151 742  381  1178 1059 1598 1821 2104 2321 786  5    2082 239  578  557  1682 881  94   1231 626  1601 1262 1997 1954 2377 
2093 360  133  1950 497  1520 1377 616  395  858  889  1608 1055 1914 1261 2478 1385 1564 615  2144 2055 688  117  110  1341 530  111  970  699  1414 1401 1846 2191 354  2471 1374 103  148  389  1076 709  2284 1051 346  1433 926  1787 1618 2179 2302 
1320 1519 1380 341  240  611  980  1521 896  745  1326 985  1722 1165 2322 1343 96   1469 1862 1335 2444 2289 2096 639  322  2169 754  393  1192 1077 1606 1839 2110 2323 822  7    2094 241  596  563  1684 883  106  1237 634  1607 1282 1999 1966 2381 
2261 480  203  2070 511  1360 1539 2420 459  1288 893  1554 1115 1974 1271 2490 1393 276  1565 2204 2085 752  147  128  1359 536  123  986  717  1426 1437 1864 2197 366  2479 1398 107  164  397  1084 719  2308 1061 358  1439 934  1789 1622 2203 2306 
1560 1813 1368 377  432  623  1100 1197 1144 2295 2002 995  1794 1195 2262 1349 108  1477 486  1639 2492 2301 2192 657  328  2259 776  411  1208 1101 1630 1851 2114 2327 834  11   2118 251  604  569  1724 887  118  1249 662  1609 1286 2003 1982 2383 
2233 540  217  2200 527  1392 689  440  1827 1672 2025 2408 1121 1998 1253 144  1397 234  1541 708  1703 848  153  130  1413 568  129  994  723  1432 1461 1886 2195 402  2483 1434 109  172  401  1108 727  2348 1063 362  1447 958  1801 1642 2207 2326 
1920 2009 1404 391  1540 629  300  713  1408 1575 2392 495  2368 1199 2328 1345 126  1501 492  1643 852  1751 2224 711  344  2313 782  417  1222 1119 1634 1857 2134 2329 894  13   2154 257  628  571  1732 907  122  1259 674  1613 1294 2011 1994 2389 
2387 600  253  1092 551  1456 671  1548 415  1496 945  832  2415 884  1267 324  1403 294  1577 726  1687 1098 1799 136  1467 574  141  1010 753  1442 1473 1898 2199 2282 2489 1446 113  188  409  1124 733  2372 1069 382  1451 974  1811 1646 2213 2342 
2040 2107 1500 407  1820 2277 1280 721  408  755  2432 1155 416  855  928  1351 132  1513 516  1649 948  1757 1308 1843 370  2367 790  447  1246 1137 1670 1893 2146 2319 2390 17   2202 263  652  577  1756 911  134  1277 694  1619 1306 2017 2018 2393 
539  780  259  2080 1683 2000 2457 640  763  888  899  1216 315  736  1275 1012 1405 342  1561 732  1691 1164 1807 1572 1903 584  159  1016 771  1448 1497 1910 2201 2290 2463 2486 127  212  419  1132 739  2396 1087 386  1453 982  1823 1654 2221 2362 
2280 2023 1650 413  1040 2079 1700 1323 1160 791  330  1003 352  975  644  1845 1292 1507 522  1651 954  1763 1314 1853 1788 1939 806  453  1256 1149 1688 1923 2152 2353 2398 3    28   269  668  587  1772 919  142  1279 698  1621 1318 2027 2026 2399 
637  660  221  2088 517  1840 693  520  1953 1720 901  690  1139 308  1395 1078 405  1612 1585 738  1711 1206 1817 1602 1909 1926 1967 1030 789  1462 1509 1912 2215 426  2491 2482 131  236  421  1172 743  2404 1091 394  1459 998  1831 1658 2237 2374 
2376 2303 1656 1855 624  649  1300 1449 1430 441  2090 1027 1330 897  812  1935 1312 285  1876 1655 996  1765 1356 1865 1812 1943 2076 2033 1258 1167 1702 1929 2158 2335 906  19   2238 271  692  593  1796 929  146  1283 706  1627 1322 2029 2038 2411 
2275 792  1435 2208 2485 1488 697  760  2331 1768 483  400  663  2170 1107 1184 1875 1628 705  2212 1717 1236 1819 1644 1915 1956 1969 2286 2051 1474 1527 1918 2217 2294 2495 1506 137  242  431  1228 751  2428 1093 398  1471 1006 1847 1678 2239 2386 
1584 805  1632 2065 528  845  588  731  1240 189  2120 561  1610 957  350  1209 1316 195  1892 1455 1024 1769 1422 1883 1818 1945 2166 2005 2364 2105 1738 1941 2162 2359 942  23   2274 277  716  599  1828 937  158  1289 718  1637 1346 2039 2042 2417 
1225 864  1505 2232 175  1536 1975 1692 767  1870 273  2500 741  140  1023 490  1419 1652 795  2236 2091 944  1835 1668 1921 1962 1981 2292 2059 162  2149 1928 2219 438  2497 1542 139  244  433  1244 757  2452 1097 422  1481 1018 1861 1706 2243 2402 
1872 875  1716 2125 648  925  468  155  456  793  2360 621  1750 969  460  1221 1150 1599 1952 1515 112  2337 2384 1891 1854 1961 2148 2041 2388 2101 30   2171 186  2363 978  29   2298 281  722  601  1844 941  166  1291 734  1657 1354 2053 2062 2423 
1925 936  1615 924  325  1782 2075 1908 445  918  913  910  759  200  1029 820  1431 1420 1743 2272 2067 976  171  154  1919 2004 1985 2316 2071 36   2123 102  2231 474  25   1578 149  268  439  1252 761  2468 1103 446  1483 1042 1867 1714 2251 2426 
2448 1015 1944 2185 2142 1025 612  185  462  785  1302 1007 2030 999  500  1269 1180 1647 1690 1887 2260 2397 2416 747  374  1957 2172 2045 2466 2117 54   2165 222  2369 1002 31   2334 283  724  607  1852 947  178  1297 746  1663 1366 2063 2066 2437 
385  1152 1625 1176 275  1776 2225 2028 485  966  905  1674 1133 260  1113 740  1479 1460 1767 2020 2109 1072 207  152  1503 590  2021 2358 2077 24   2155 114  2227 498  49   1614 151  284  443  1268 769  2476 1109 454  1487 1046 1871 1718 2267 2434 
1728 1085 1824 2255 1932 1075 684  205  546  799  1416 1037 1410 1207 550  1281 1210 1653 1780 1947 2350 2373 100  801  376  2421 808  2047 48   2119 66   2173 258  2395 1038 37   2382 293  764  613  1868 953  194  1301 758  1667 1382 2069 2078 2441 
455  1056 1645 2484 425  1968 2425 2124 505  984  917  870  1141 2010 1313 850  1491 1550 1809 2050 2121 1136 243  170  1557 598  177  1022 2095 42   2159 138  2245 534  121  1626 157  292  449  1324 773  16   1117 458  1489 1082 1873 1726 2269 2446 
2112 1105 2052 2135 912  1175 768  215  552  803  390  1043 1590 1211 2346 1363 1220 1659 1850 1971 80   2379 196  873  406  2439 814  471  1298 2147 78   2177 246  2407 1074 41   2406 307  772  617  1916 967  202  1303 766  1669 1402 2081 2098 2447 
595  1188 1715 2244 245  2064 625  2178 515  1026 943  930  1157 2046 1273 192  1411 1450 1833 2060 2133 1168 261  182  1587 602  183  1034 807  1490 2167 174  2249 582  169  1662 163  316  457  1348 787  6    1123 466  1493 1094 1877 1754 2273 2458 
2496 1295 1836 2345 816  1325 828  235  594  815  1464 1057 1770 1219 2370 1357 150  1517 1940 2001 176  2355 256  867  410  2493 824  489  1270 1191 1730 2183 282  2413 1086 43   2454 311  788  619  1922 971  206  1307 778  1693 1418 2083 2102 2459 
665  1224 1705 576  475  1904 55   2196 535  1032 923  1110 1159 2058 1331 1458 1417 306  1589 2140 2139 1264 279  184  1611 610  201  1048 813  1498 1563 1930 2257 606  289  1686 167  332  461  1388 797  8    1129 478  1499 1114 1879 1762 2281 2462 
2304 1235 504  2365 2436 1475 882  265  696  835  1518 1079 1806 1205 2418 1355 198  1535 558  1661 208  2403 484  909  418  81   826  501  1304 1203 1742 1959 2168 2419 1146 47   12   313  796  631  1948 977  214  1319 794  1697 1438 2087 2122 2467 
715  1008 1885 1428 575  2106 85   2412 545  1122 949  770  1147 2136 1285 72   1415 348  1591 804  1727 1250 333  190  1629 632  213  1054 831  1510 1569 1946 2229 2314 361  1698 173  338  463  1396 809  10   1151 482  1511 1126 1889 1766 2287 2474 
2016 1375 672  2375 2464 1445 972  295  702  817  510  1073 1830 1241 2424 1379 156  1529 564  1673 1014 1793 676  927  424  15   854  519  1310 1227 1778 1977 2198 2361 2410 53   18   317  844  641  1964 983  218  1321 802  1699 1454 2089 2126 2473 
935  2268 1955 1386 725  2128 65   168  565  1128 959  1230 1169 2130 1333 60   1441 372  1603 774  1735 1212 1829 230  1719 638  219  1066 843  1526 1623 1958 2253 2318 2469 2488 179  356  467  1412 811  14   1153 502  1523 1138 1901 1774 2293 2498 
1512 1495 1848 2405 2394 1525 1044 305  714  851  570  1067 1896 1243 2472 1387 204  1537 666  1679 1062 1781 1494 1897 430  21   830  537  1334 1257 1784 1983 2216 2391 2414 59   32   331  892  643  1996 991  226  1327 818  1709 1466 2099 2138 2477 
1045 2352 2015 1596 605  2256 35   216  635  1218 979  1190 1177 2190 1337 90   1457 414  1631 846  1745 1278 1837 1734 1927 646  237  1070 849  1528 1641 1970 2263 2330 2481 2494 181  388  479  1436 821  22   1163 514  1531 1142 1907 1814 2297 4    
2184 1595 756  2465 336  1675 1116 335  728  865  1482 1081 1938 1247 2442 1391 228  1555 636  1685 1068 1795 1524 1895 1884 1963 856  543  1336 1263 1786 2019 2222 2427 2422 61   44   337  908  647  2012 997  254  1361 838  1721 1478 2111 2174 1    
1265 1344 2035 1638 775  2288 95   264  655  1242 955  1704 1135 2214 1315 84   1465 444  1633 876  1739 1284 1841 1746 1937 2034 1991 1090 879  1534 1671 1978 2271 2338 2487 64   191  404  487  1468 823  26   1171 526  1543 1154 1913 1822 2309 2    
