2310 247  1848 1885 1386 725  2288 1575 1408 945  1672 1365 2552 525  416  1395 968  225  1508 795  2132 1869 592  2379 70   711  506  2313 962  339  1394 993  1826 1713 2270 2487 124  79   2298 367  1052 683  2276 1039 302  1429 898  1787 1574 2203 2258 
221  1260 299  672  2465 2464 2295 1144 2205 1664 1785 2432 2415 704  1035 608  2115 1204 375  1748 1545 2444 2133 1808 171  296  1467 742  123  1166 681  1586 1329 2056 2073 2504 1369 1434 223  548  523  1676 863  62   1229 586  1601 1234 1999 1942 2383 
2520 1859 1890 253  1596 775  2576 2565 1496 1995 2392 1155 2584 735  544  1665 988  135  1564 915  2144 1887 656  2397 104  747  530  2367 970  381  1406 1011 1832 1731 2282 2517 164  83   2334 373  1058 691  2284 1049 314  1433 914  1789 1594 2207 2302 
2431 2100 143  2240 451  2436 1775 1568 1755 2024 315  2176 495  1088 975  644  2175 1274 435  1876 1593 2350 2139 2032 207  310  1503 754  111  1178 687  1592 1347 2074 2103 2506 961  1446 227  556  541  1682 877  74   1231 614  1607 1238 2003 1954 2389 
1680 2057 1008 319  1050 559  2544 65   616  2025 1768 1485 2408 825  224  1425 992  165  1612 1065 2204 1917 688  2403 110  801  536  2421 986  393  1414 1041 1834 1761 2290 2533 834  89   2382 379  1076 701  2308 1051 326  1439 922  1801 1618 2213 2306 
1573 840  187  420  437  1960 697  1452 335  896  2475 1624 585  1216 1125 736  2385 1292 555  1888 1599 2516 2163 2096 243  322  1557 776  129  1192 699  1598 1371 2086 2127 2510 1681 1506 229  578  547  1684 881  82   1237 622  1609 1262 2011 1966 2393 
2160 2299 2268 323  1120 1287 1520 749  216  655  1288 2145 784  765  308  1845 1012 105  1696 1005 2212 1905 752  2409 128  867  568  2439 994  411  1426 1047 1846 1779 2294 2537 894  97   2406 383  1084 709  2348 1061 334  1447 926  1811 1622 2221 2326 
1001 720  209  630  473  2380 2277 800  791  744  901  1736 675  1472 1215 748  2325 1276 465  1892 1605 2366 2187 2192 261  328  1587 790  141  1208 717  1606 1383 2104 2157 2522 1849 1542 233  596  557  1724 883  86   1249 626  1613 1282 2017 1982 2399 
1440 833  1170 341  1400 1881 2000 2457 2420 817  120  1007 1936 855  364  1725 1036 195  1628 1095 2236 1947 848  2445 136  873  574  2493 1010 417  1432 1059 1864 1797 2314 2545 906  101  2454 389  1108 719  2372 1063 346  1451 934  1823 1642 2237 2342 
1309 1200 2527 1740 481  1600 2079 1280 1449 1000 899  390  1141 1856 1275 812  2535 1312 645  1924 1635 2528 2193 2224 279  344  1611 782  159  1222 723  1630 1389 2110 2181 2534 2209 1578 239  604  563  1732 887  94   1259 634  1619 1286 2027 1994 2411 
1800 847  1020 287  2250 581  1840 819  440  1953 1430 1037 1230 1219 392  1815 1148 255  1652 1185 2254 1965 944  2451 130  909  584  2523 1016 447  1442 1077 1886 1803 2318 2559 148  103  2514 397  1124 727  2396 1069 358  1453 958  1831 1646 2239 2362 
1463 1620 2597 1710 427  2600 693  1700 1701 920  2583 2090 1147 1914 1255 868  405  1316 615  1952 1653 2596 2235 2416 333  374  1629 806  177  1246 753  1634 1401 2114 2199 2536 3    244  241  628  569  1756 907  106  1277 662  1621 1294 2029 2018 2417 
2340 931  990  301  2220 583  2320 1197 520  2331 1720 441  2360 1241 2226 1355 1078 285  1666 1245 2272 1971 976  2505 152  927  590  2529 1022 453  1448 1101 1898 1821 2330 2561 172  107  2526 401  1132 733  2404 1087 362  1459 974  1847 1654 2243 2374 
1771 960  2401 1760 469  240  689  1100 1827 1240 567  2120 189  2530 1333 2478 1457 1352 705  1972 1647 2540 2211 2384 363  370  1719 808  183  1256 771  1670 1437 2134 2217 2542 5    1614 251  652  571  1772 911  118  1279 674  1627 1306 2039 2026 2423 
2400 1127 1140 329  2430 589  2560 1071 640  2223 1870 1521 2440 273  220  1387 72   1555 1694 1335 2312 2001 1136 2553 170  963  598  2547 1030 489  1462 1119 1910 1839 2338 2563 942  109  2586 409  1172 739  2428 1091 382  1471 982  1861 1658 2251 2386 
1547 900  77   1860 493  1820 1683 1300 1617 1160 1539 1750 351  1984 777  580  1469 198  1649 1988 1677 1024 2241 2512 369  376  1737 814  201  1258 789  1688 1461 2146 2229 2546 7    1626 257  668  577  1796 919  122  1283 694  1637 1318 2053 2038 2437 
1980 1183 1350 343  2460 629  2480 1323 680  2541 1880 1089 2590 663  380  897  820  1561 414  1711 2060 2013 1072 2595 154  981  602  81   1034 471  1474 1137 1912 1851 2344 2567 978  113  2598 419  1228 743  2452 1093 386  1481 998  1867 1678 2267 2402 
1729 1296 91   2070 497  810  703  2300 1911 1480 1377 2030 429  2368 651  740  1023 1220 1651 636  1793 80   2247 256  387  406  1773 824  213  1270 807  1702 1473 2152 2253 2570 11   1662 263  692  587  1828 929  134  1289 698  1657 1322 2063 2042 2441 
1080 1421 1380 371  2550 611  180  763  760  2499 1976 2601 400  357  460  903  940  1131 1460 1727 852  1843 1168 729  182  1017 610  21   1048 501  1490 1149 1918 1857 2354 2569 1002 127  12   421  1244 751  2468 1097 394  1483 1006 1871 1706 2269 2426 
2093 360  119  1950 511  880  707  1476 793  1640 1863 2002 621  160  783  620  1029 1210 1311 1780 1799 1098 1919 100  423  410  1791 830  219  1298 813  1730 1497 2158 2271 64   13   1686 269  716  593  1844 937  142  1291 706  1663 1346 2069 2062 2447 
1320 1519 1404 391  2574 623  288  85   264  851  910  459  2470 483  500  957  860  1173 1450 1443 2140 1853 1314 1963 184  1083 632  27   1054 519  1498 1167 1928 1893 2378 2571 188  131  18   431  1252 757  2476 1103 398  1487 1018 1873 1714 2273 2434 
2261 480  133  2080 527  1040 713  1548 355  798  913  2072 561  200  759  490  1107 1340 1353 1940 1659 176  1921 1602 2041 424  1899 826  237  1304 831  1738 1509 2162 2283 20   17   1698 271  722  599  1852 941  146  1297 718  1667 1354 2081 2066 2459 
1560 1813 1500 407  1470 649  252  95   312  685  1242 985  448  741  350  969  1060 1209 1580 1491 2150 2037 1250 1967 1812 2095 638  15   1066 537  1510 1191 1930 1923 2390 2573 1038 137  268  433  1268 761  2524 1109 422  1489 1042 1877 1718 2281 2446 
2233 540  161  2232 517  336  1805 1692 365  858  905  1554 1111 140  837  650  1161 1372 1419 1850 1743 208  2289 484  2045 1962 2149 856  249  1310 843  1742 1527 2168 2307 28   19   1758 277  724  601  1868 947  158  1301 734  1669 1366 2083 2078 2467 
1920 2009 1530 377  1428 605  468  115  378  695  1254 995  1704 1243 476  999  950  1269 1550 1533 2180 2091 1264 45   232  2105 2166 2189 1070 543  1526 1203 1946 1929 2398 2577 212  139  284  439  1324 769  2564 1117 446  1493 1046 1879 1726 2287 2458 
2387 600  203  2200 533  1134 1825 1792 395  888  917  1566 1115 1938 1285 836  1113 1364 1407 2020 1749 112  2265 196  477  418  2165 2358 2231 1336 849  1778 1563 2198 2319 32   23   1842 281  764  607  1916 953  166  1303 746  1693 1382 2087 2098 2473 
2040 2107 1632 403  1540 667  396  125  384  745  1272 1027 1722 1145 2262 1379 1150 1239 1660 1551 2260 2067 1328 75   238  1143 646  2191 2532 2279 1528 1227 1958 1941 2410 2581 1074 149  292  443  1348 773  2572 1123 454  1499 1082 1889 1754 2293 2462 
539  780  217  2208 551  560  731  1908 415  918  923  510  1133 1974 1315 2538 1477 1376 1431 2044 1767 272  2301 1156 507  430  2007 872  2227 30   2327 1784 1569 2216 2361 44   29   1866 283  772  613  1922 967  178  1307 758  1697 1402 2089 2102 2477 
2280 2023 1650 413  2580 671  300  767  408  755  1302 1067 1290 1261 2322 1385 96   1565 1708 1455 2324 2055 1424 63   190  1179 658  33   1090 2291 102  2395 1978 1959 2414 2587 1086 151  316  449  1388 787  2588 1129 458  1511 1094 1901 1762 2297 2474 
637  660  259  2244 553  1360 721  1900 803  952  943  570  1157 1992 1331 2562 1465 228  1655 2048 1695 304  2343 676  531  434  2043 854  267  1342 2335 222  2443 2222 2391 50   31   1878 293  788  617  1948 971  194  1319 766  1699 1418 2099 2122 2503 
2376 2303 1656 1855 528  679  450  781  980  891  1190 1073 1410 1247 2190 1391 84   1585 444  1735 2332 2085 1552 99   230  1233 664  39   1096 573  1534 2407 354  2483 2422 2589 236  157  332  457  1396 797  16   1151 466  1523 1114 1907 1766 2309 2498 
2275 792  1435 2484 2485 1776 737  700  1989 280  2349 2170 1159 1998 1337 2490 1501 234  1661 708  1795 368  2337 2116 549  442  2061 874  291  1334 879  1786 2453 474  2507 52   37   1902 307  796  619  1964 977  202  1321 778  1709 1438 2111 2126 2521 
1584 875  1716 2065 816  845  588  779  2450 1053 1330 297  2500 1253 2328 1393 90   1577 486  1739 876  1865 1616 117  248  1251 670  51   1102 579  1558 1257 1970 2489 606  2599 1146 163  338  461  1412 809  6    1153 478  1531 1126 1913 1774 2311 2518 
1225 864  1505 2508 2555 1782 1975 2028 799  770  2511 2210 231  260  1343 2568 1507 276  1673 726  1807 1164 1927 1444 603  470  2097 890  303  1358 921  1790 1623 2230 2509 762  41   1986 311  844  631  1996 983  206  1327 794  1721 1454 2113 2138 2531 
1872 1015 1824 2015 912  925  612  145  456  871  1610 513  320  399  550  1403 108  1589 492  1745 948  1883 1308 1969 250  1341 682  57   1106 591  1544 1263 1990 1977 2438 25   1158 167  356  463  1436 811  8    1163 482  1543 1138 1931 1814 2333 2554 
1925 936  1645 576  2585 1456 2075 2124 445  966  949  2296 627  340  861  850  1517 306  1679 732  1819 1206 1937 1644 2047 472  2151 902  309  1370 933  1798 1641 2242 2427 68   43   2022 313  892  641  2012 991  214  1361 802  1723 1466 2129 2174 2539 
2448 1045 1836 2135 1104 1025 684  155  462  785  1416 1055 832  609  572  987  1180 1591 522  1751 954  1891 1356 1981 1818 2117 686  69   1112 597  1562 1293 2006 1983 2456 9    242  173  388  467  1468 821  10   1171 502  1549 1142 1933 1822 2339 2558 
385  1152 1495 432  175  2064 2225 2156 485  984  955  1608 1135 352  1305 884  1221 1420 1687 738  1817 1212 1939 1668 2051 2004 2167 904  321  1378 939  1802 1671 2248 2433 76   47   2082 317  908  643  2036 997  218  1367 818  1733 1478 2131 2182 2543 
2592 1085 1944 2125 1392 1175 768  185  546  815  1326 1043 1752 1165 532  1935 1196 1281 1690 1757 996  1895 1422 1985 1854 2119 2172 2195 1118 633  1570 1299 2008 2019 2482 49   1182 179  404  479  1492 823  14   1181 514  1553 1154 1949 1838 2341 2566 
455  1056 1615 756  275  1904 2425 2178 505  1026 959  690  1169 2046 1339 928  1875 1504 1479 2050 1829 1236 1943 1734 2059 2034 2171 2364 2245 1384 951  1810 1689 2264 2463 92   53   2094 331  916  647  2084 1009 226  1373 838  1741 1486 2137 2186 2549 
1728 1105 2352 2185 1638 1075 828  205  552  835  1464 1057 1590 1267 2346 1397 1184 345  1804 1581 2336 1897 1494 1991 1884 2123 2286 2197 48   2305 1576 1317 2014 2031 2486 169  1194 181  412  487  1516 827  22   1187 526  1559 1174 1951 1858 2347 2578 
595  1188 1625 924  425  1232 2525 2196 515  1032 965  1674 1177 2010 1349 144  1513 1484 885  2068 1809 464  1945 1746 2071 2076 2173 2388 2249 42   2329 1816 1707 2266 2469 98   59   2118 337  932  653  2092 1013 254  1381 842  1747 1502 2141 2194 2551 
2112 1235 1344 2375 1932 1325 882  215  594  865  1482 1081 1770 1271 2370 1411 126  1633 1862 1515 2356 2121 1648 2005 1926 2147 2292 2201 162  2315 114  2419 2054 2049 2488 121  1266 191  428  491  1532 829  26   1193 538  1567 1186 1973 1874 2351 2582 
665  1224 1705 1092 475  1968 2575 2412 535  1064 979  750  1189 2058 1357 324  1529 294  1685 2108 1833 496  2355 56   2077 2148 2177 2466 2257 54   2353 258  2455 2278 2481 116  61   2154 347  956  659  2164 1019 262  1399 862  1753 1514 2143 2206 2557 
2496 1265 1764 2255 2142 1475 972  235  696  869  210  1079 1806 1195 2418 1405 156  1639 516  1765 2492 2109 1712 153  266  2155 2316 2215 36   2317 138  2413 366  2491 2494 289  1338 193  436  499  1556 839  34   1201 542  1571 1198 1979 1882 2357 2594 
805  1248 1955 1176 325  2128 625  2548 545  1128 989  870  1199 2136 1345 192  1535 342  1703 774  1835 512  2373 40   639  488  2183 2502 2263 66   2359 246  2461 498  2513 678  67   2202 349  964  661  2188 1021 274  1409 866  1759 1522 2153 2218 2579 
2304 1295 2052 2365 2394 1445 1044 265  702  889  270  1099 1794 1205 2424 1415 132  1603 558  1769 1014 1903 1744 147  286  1359 710  2219 24   2323 174  2429 402  2495 618  361  1362 197  452  503  1588 853  38   1213 554  1579 1202 1987 1894 2371 4    
715  1368 1715 624  575  2106 35   2556 565  1122 973  930  1207 2214 1351 1458 1537 372  1691 804  1837 1278 1957 88   657  494  2169 946  2285 78   2363 282  2471 534  2515 786  71   2238 353  1004 673  2228 1031 278  1423 878  1777 1538 2161 2234 2591 
2016 1375 2088 2345 1488 1525 1116 295  714  893  330  1121 1830 1273 2442 1417 150  1631 564  1763 1062 1909 1524 2021 290  1413 712  87   1162 2321 186  2435 426  2497 642  529  1374 199  508  509  1604 857  46   1217 562  1583 1214 1993 1906 2377 2    
935  2184 2035 648  245  2256 55   168  635  1218 1003 1110 1211 2130 1363 60   1541 348  1717 846  1841 1284 1961 1788 2101 518  2259 938  327  1390 2369 318  2479 582  2519 822  73   2274 359  1028 677  2252 1033 298  1427 886  1783 1546 2179 2246 2593 
1512 1595 504  2405 1536 1675 1332 305  728  895  1518 1139 1896 1313 2472 1441 204  1643 666  1781 1068 1915 1572 2033 1956 2159 730  93   1130 669  1582 2449 438  2501 654  841  1398 211  524  521  1636 859  58   1223 566  1597 1226 1997 1934 2381 1    
