2160 833  600  287  2070 581  1520 1323 440  567  1870 399  2530 777  200  1209 820  1551 1550 1971 2140 2211 944  75   128  1083 488  2529 856  339  1258 879  1598 1509 2054 2229 2482 3    2702 269  596  599  1732 947  74   1303 622  1697 1282 2099 1994 2521 
1001 720  2527 1500 469  2580 697  1100 1911 1480 273  2120 651  2500 987  500  1419 1180 1809 1940 2121 2540 2451 2224 507  290  1773 670  129  1054 597  1426 1203 1832 1857 2266 2631 2678 127  148  431  1108 761  2396 1117 326  1499 926  1901 1642 2309 2362 
1440 847  780  301  2080 623  1840 1197 920  441  2090 357  2470 861  220  1239 850  1599 1580 2013 2150 2241 976  99   70   1143 494  2547 872  381  1298 921  1606 1527 2056 2253 2486 17   2382 271  604  601  1756 953  82   1307 626  1699 1286 2111 2018 2531 
1309 1200 2401 1530 497  2600 2079 1700 1953 1496 351  2440 483  320  1029 550  1443 1220 1833 1988 2133 2620 2553 2384 531  296  1791 682  141  1066 633  1448 1227 1834 1893 2270 2643 2690 131  164  433  1124 769  2404 1123 334  1511 934  1907 1646 2311 2374 
1800 931  660  329  2200 1071 2000 1449 760  1521 770  663  2680 903  260  1269 860  1653 1660 2067 2180 2247 1072 117  110  1179 506  2637 874  393  1270 933  1630 1563 2074 2271 2488 13   2406 277  628  607  1772 967  86   1319 634  1709 1294 2113 2026 2539 
1463 1620 91   1650 481  1600 2457 1900 2331 1640 513  1610 627  1984 1113 580  1353 1340 1869 2020 2139 2650 2607 2416 549  310  1899 686  159  1070 669  1462 1257 1846 1923 2278 2649 2686 137  172  439  1132 773  2428 1129 346  1523 958  1913 1654 2333 2386 
2340 1127 990  343  2250 649  2320 1617 1000 1089 910  561  2030 969  460  1221 940  1647 1690 2037 2260 2289 1136 147  130  1233 518  81   890  411  1304 939  1634 1569 2086 2283 2494 19   2454 281  652  613  1796 971  94   1321 662  1721 1306 2129 2038 2543 
1771 2592 119  1710 511  2610 721  2300 2499 1664 297  1330 837  2368 1023 490  1479 1364 1887 2048 2163 80   2613 2512 603  322  2007 710  177  1090 681  1474 1263 1864 1929 2282 2651 1614 139  188  443  1172 787  2452 1151 358  1531 974  1931 1658 2339 2402 
2400 1183 1056 371  2220 671  1968 763  1144 1575 1976 759  2590 957  340  1311 1060 1659 1696 645  2336 2301 1168 153  152  1251 530  21   902  417  1310 951  1670 1623 2104 2307 2504 23   2514 283  668  617  1828 977  106  1327 674  1723 1318 2131 2042 2549 
1547 960  133  1740 517  2380 737  180  799  1672 945  2584 783  2624 1131 620  1491 1376 255  2044 1335 112  2445 2672 639  328  2043 712  183  1096 687  1490 1293 1886 1941 2290 2653 1626 149  212  449  1228 797  2468 1153 362  1543 982  1933 1678 2341 2426 
2640 1421 1020 341  1400 1287 1904 779  300  851  2176 1155 832  2625 748  1281 950  1743 1748 705  2324 2085 1264 171  136  1341 536  15   904  447  1334 993  1688 1641 2110 2319 2510 29   2526 293  692  619  1844 983  118  1361 694  1733 1322 2137 2062 2551 
1729 1728 77   1824 527  560  1881 1568 793  450  893  2704 1995 352  1035 928  1533 1420 1947 2108 1455 176  2505 2608 657  344  2061 742  201  1102 699  1498 1299 1898 1959 2294 2661 2696 151  236  457  1244 809  2476 1163 382  1549 998  1949 1706 2347 2434 
1980 1519 1140 391  1470 667  2480 891  280  803  120  917  704  315  572  1665 1196 1749 1708 795  2356 2235 1328 207  154  1359 568  27   946  453  1336 1011 1702 1671 2114 2361 2506 31   2586 307  716  631  1852 991  122  1367 698  1741 1346 2141 2066 2557 
2093 2112 161  1760 533  240  731  1792 2349 896  899  270  989  416  1215 868  2175 1372 285  2068 1515 208  2595 196  711  370  2097 730  213  1106 717  1510 1317 1910 1977 2314 2669 1662 157  242  461  1252 811  2524 1171 386  1553 1006 1951 1714 2351 2446 
2700 1813 1170 413  2430 679  2106 1975 2548 2475 952  923  210  1121 364  1725 1184 1875 1694 885  2366 2265 1424 243  170  1413 574  33   938  471  1342 1041 1730 1689 2134 2391 2522 37   2598 311  722  641  1868 997  134  1373 706  1747 1354 2143 2078 2579 
2233 2496 203  1836 551  528  925  684  85   1064 2145 2296 1003 690  1199 988  2325 1484 345  2132 1545 272  2619 100  747  374  2151 754  219  1112 723  1526 1329 1912 1983 2318 2681 1686 163  244  463  1268 821  2564 1181 394  1559 1018 1973 1718 2357 2458 
1080 2009 1188 1295 2574 175  2064 2075 2028 305  1736 495  784  1133 1410 1271 1204 225  1804 915  2444 2337 1250 261  182  1467 584  51   962  489  1358 1047 1738 1707 2146 2427 2536 41   2634 313  724  643  1916 1009 142  1381 718  1753 1366 2153 2098 2591 
2261 900  217  1944 2065 624  1025 768  95   384  545  2408 765  224  1207 2136 1345 1504 375  2144 1605 368  2667 256  801  376  2169 776  237  1118 753  1528 1347 1918 2019 2330 2701 1698 167  268  467  1324 823  2572 1187 398  1567 1042 1979 1726 2371 2462 
1320 2023 1248 1435 2508 245  2256 2225 2124 335  858  865  448  855  644  1255 2418 1405 1862 1065 2492 2343 1552 279  184  1503 590  39   970  501  1370 1059 1742 1713 2152 2433 2534 43   2658 317  764  647  1922 1013 146  1399 734  1759 1382 2161 2102 2593 
2639 2304 595  2052 2135 648  1075 828  125  408  565  1254 1027 308  1275 968  1349 144  1513 2204 1635 304  2685 484  867  406  2259 782  249  1130 771  1534 1371 1928 2031 2338 9    2698 173  284  479  1348 827  2588 1193 422  1571 1046 1987 1754 2377 2474 
1920 2107 1368 1505 2652 275  2128 2425 2178 355  888  895  1608 1115 532  1845 1274 1411 90   1591 2528 2355 1616 333  190  1557 598  57   986  519  1378 1077 1778 1731 2158 2463 2542 47   2694 331  772  653  1948 1019 158  1409 746  1777 1402 2179 2122 2609 
2387 1296 805  2088 2345 816  1175 882  115  456  635  1272 1037 1896 1165 992  2385 1508 1517 204  1661 464  2679 676  873  410  2313 790  267  1162 789  1544 1383 1930 2049 2344 25   1758 179  292  487  1388 829  2612 1201 446  1579 1082 1993 1762 2381 2498 
1560 2299 1224 1645 2664 325  2544 2525 2196 365  918  905  1674 1135 1992 1273 1276 105  1888 1565 372  1735 1648 363  230  1611 602  69   994  537  1384 1101 1784 1761 2162 2469 2546 53   64   337  788  659  1964 1021 166  1423 758  1783 1418 2203 2126 2617 
539  360  247  2208 2375 336  1445 972  145  462  655  1302 1007 1914 1195 2214 1355 1564 435  2212 1679 564  1795 1156 909  418  2367 806  291  1166 807  1558 1389 1946 2073 2354 49   1842 181  316  491  1396 839  2636 1213 454  1583 1094 1997 1766 2383 2518 
2040 2303 1350 403  2142 475  2288 2575 2412 395  966  949  510  1141 1998 1285 2442 1415 1876 1095 2516 1745 774  1865 232  1587 610  87   1010 543  1390 1119 1786 1779 2168 2481 2570 59   12   347  796  661  1996 1031 178  1427 766  1787 1438 2207 2138 2621 
637  480  253  630  559  1104 1325 1044 155  546  685  1416 1043 750  1211 2262 1357 324  1529 2236 1695 496  1799 1062 1921 424  2421 808  309  1178 813  1562 1401 1958 2103 2378 121  1866 191  332  499  1412 853  2644 1217 458  1597 1114 1999 1774 2389 2554 
2280 2597 1404 407  1960 689  2576 2675 2556 415  984  955  1704 1139 1590 1331 2472 1417 96   1585 2596 2373 1712 1853 1284 1969 632  93   1016 573  1394 1137 1790 1797 2198 2487 2626 61   18   349  844  673  2012 1033 194  1429 778  1789 1454 2213 2174 2633 
2431 540  259  1860 583  810  767  1116 185  552  695  1326 1055 1974 1241 2226 1363 2622 1535 228  1673 512  2697 1444 1927 1602 2051 814  303  1192 831  1570 1437 1970 2127 2390 289  1878 193  338  503  1436 857  2692 1223 466  1601 1126 2003 1814 2393 2558 
2520 143  1380 427  2460 703  2560 781  2628 445  1026 943  1752 1145 2046 1313 2478 1441 108  1603 414  1739 1744 369  238  1985 1854 2147 1022 579  1406 1149 1798 1803 2216 2517 2630 67   20   353  892  677  2036 1039 202  1433 794  1801 1466 2221 2182 2647 
1573 2100 319  1950 553  880  819  640  817  594  745  1464 1057 1938 1205 2322 1385 192  1537 234  1685 636  1807 2116 927  434  2059 2148 2189 1208 843  1576 1461 1978 2157 2398 169  1902 197  356  509  1468 859  16   1229 478  1607 1138 2011 1822 2399 2566 
1680 187  2240 437  2550 707  800  1701 1160 871  1032 959  390  1147 2058 1315 2538 1465 126  1639 444  1751 846  1883 248  1629 646  2149 2466 2245 1414 1167 1802 1821 2222 2559 2648 71   28   359  908  683  2084 1049 206  1439 802  1811 1478 2237 2186 2657 
1859 840  299  1050 589  1040 693  520  2541 1720 901  330  1073 1230 1219 2328 1379 1458 1541 294  1691 666  1817 1068 1937 430  2439 824  2191 36   2327 1582 1473 1990 2181 2410 361  1986 199  388  521  1492 863  6    1231 482  1609 1142 2017 1838 2411 2578 
1260 209  420  451  1820 1683 1280 1827 1240 189  2360 973  570  1157 1770 1333 2490 1457 132  1643 486  1757 852  1891 1308 1981 638  111  1030 2257 114  2419 1810 1839 2230 2571 2662 73   32   367  916  691  2092 1051 214  1447 818  1823 1486 2239 2194 2659 
2057 1890 323  1092 629  1456 2277 680  2583 1768 231  2210 1067 870  1243 2190 1391 2670 1561 276  1687 708  1819 1164 1939 1644 2071 826  321  1222 2323 318  2471 2006 2199 2414 529  2022 211  404  523  1516 877  8    1237 502  1613 1154 2027 1858 2417 2582 
2016 221  2310 493  1540 1377 700  1053 1408 2205 2392 609  400  1159 2010 1337 2616 1469 150  1631 492  1765 876  1895 1314 1991 1884 2155 1034 591  1432 2413 498  2509 2242 2577 2666 79   44   373  932  701  2164 1061 218  1451 838  1831 1502 2243 2206 2663 
715  1008 377  1120 1989 1232 2223 2156 1755 2024 1785 1936 741  140  1247 2346 1387 60   1577 306  1703 726  1829 1098 1943 1668 2077 2166 2195 1246 849  1586 2479 762  2563 2422 841  2082 223  412  541  1532 881  10   1249 514  1619 1174 2029 1874 2423 2594 
1512 1265 504  473  2660 2691 980  1539 616  2295 2432 1365 1088 999  350  1339 2562 1501 156  1655 516  1769 948  1897 1356 2005 1926 2159 2388 2263 1442 1191 1816 2513 978  2605 1374 83   50   379  956  709  2188 1063 226  1453 842  1847 1514 2251 2218 2671 
935  2268 1595 1428 611  1360 2673 2450 2511 1288 2025 2552 2415 544  1161 740  1397 72   1555 342  1711 738  1835 1206 1945 1734 2095 2172 2197 24   2329 1592 1497 2008 2567 1158 961  2094 227  428  547  1556 883  14   1259 526  1621 1186 2039 1882 2437 2602 
2184 1375 672  2035 2394 713  1300 1863 728  1485 2072 585  1216 525  836  1407 1150 1477 198  1649 558  1781 954  1903 1422 2021 1956 2165 2502 2279 138  2429 1826 1851 2248 2611 1398 89   52   383  964  719  2228 1069 254  1459 862  1861 1522 2267 2234 2677 
1045 2352 1705 1596 2405 912  749  2420 2601 1624 2565 2618 975  608  1305 1012 1581 1450 1589 348  1717 732  1837 1212 1957 1746 2101 2286 2201 30   2353 354  2483 2014 2217 2438 1369 2118 229  436  557  1588 887  22   1277 538  1627 1198 2053 1894 2441 2606 
2688 1495 756  2125 2436 425  288  791  1430 459  2002 675  1472 735  884  1935 1312 1677 1780 1651 522  1763 996  1915 1494 2033 1962 2167 2532 2291 186  2435 582  2515 2264 2589 2674 97   68   389  1004 727  2252 1087 262  1471 866  1867 1538 2269 2246 2683 
1105 1344 1885 1386 2635 1134 1475 1332 889  1880 621  2632 825  736  1395 1036 2535 1628 1917 2050 1727 804  1841 1236 1961 1788 2105 2292 2215 42   2335 366  2489 822  2569 2456 1681 2154 233  452  563  1604 907  26   1279 542  1637 1202 2063 1906 2447 2614 
1848 1615 924  2185 2464 575  252  2645 216  869  1190 429  1856 1125 476  1815 1292 135  1892 2109 2350 1793 1014 1909 1524 2041 2004 2173 2676 2285 174  2443 606  2519 1002 2615 1434 101  76   397  1028 733  2276 1091 274  1481 878  1871 1546 2273 2258 2687 
1235 1764 1955 1638 2465 1488 1525 1452 205  696  913  1750 897  392  1425 1148 2655 1612 555  2254 2187 592  1843 1278 1963 1818 2117 2316 2219 54   2359 402  2491 786  2573 1182 1849 2202 239  508  569  1636 911  34   1283 554  1657 1214 2069 1934 2459 2638 
2376 1625 1176 2255 2604 605  468  625  168  485  1128 979  2170 1107 812  2115 1352 165  1952 1005 2656 2379 1808 1919 1572 2045 2034 2171 2682 2305 222  2449 618  2533 1038 2623 1446 103  92   401  1052 739  2284 1093 278  1483 886  1873 1574 2281 2302 2689 
2275 792  2015 1932 2585 1392 1675 1476 215  702  755  1482 1081 160  1173 1078 405  1652 465  2272 1905 656  2703 40   1967 1812 2119 2358 2231 66   2363 426  2495 834  2581 1194 2209 2238 241  524  571  1676 919  38   1289 562  1663 1226 2081 1942 2467 2642 
1584 455  1632 2365 2646 775  396  35   264  505  1122 965  1722 1177 380  1431 1316 195  1972 1185 2668 2397 2032 387  250  2047 2076 2177 48   2315 246  2453 642  2537 1074 2627 1506 107  98   409  1058 743  2308 1097 298  1487 898  1877 1594 2287 2306 2693 
1225 864  875  2232 2665 1536 1775 1548 235  714  785  1518 1079 930  1253 650  1593 1666 615  2312 1965 688  729  56   963  442  2123 2364 2227 78   2369 438  2497 894  2587 1266 5    2274 251  548  577  1682 929  46   1291 566  1667 1234 2083 1954 2473 2654 
1872 385  1656 1715 576  725  588  55   312  515  1218 985  1806 1189 1830 1343 1210 1767 1924 1245 2684 2403 2096 423  266  1719 658  2183 162  2317 258  2455 654  2545 1086 2629 1542 109  116  419  1076 751  2348 1103 302  1489 914  1879 1618 2293 2326 2699 
1925 936  1015 2244 2485 1776 1805 1692 265  744  815  1554 1111 1110 1261 2424 1393 1460 2001 2332 2055 752  45   88   981  470  2493 830  2249 102  2395 474  2501 906  2599 1338 7    2298 257  556  587  1684 937  58   1297 586  1669 1238 2087 1966 2477 4    
2448 665  1716 1855 432  845  612  65   378  535  1242 995  1794 1169 2130 1351 2568 1507 1850 2091 1024 2409 2192 477  286  1737 664  123  1048 2321 282  2461 678  2561 1146 2641 1578 113  124  421  1084 757  2372 1109 314  1493 922  1889 1622 2297 2342 1    
2695 1152 1085 2484 2555 1782 1825 1908 295  798  835  1566 1099 1290 1267 2370 1403 84   1633 2060 2193 848  63   104  1017 472  2523 854  327  1256 2407 534  2507 942  2603 1362 11   2334 263  578  593  1724 941  62   1301 614  1693 1262 2089 1982 2503 2    
