2376 1015 1716 245  288  115  378  505  1144 1575 1768 945  2432 1785 2752 1125 1078 2745 1804 645  2332 1833 1072 2355 136  171  574  1359 1016 33   1442 537  1898 1203 2344 1959 2794 2807 402  167  2094 479  1244 829  2524 1213 346  1597 974  2003 1678 2399 2434 
2275 792  2135 624  2075 1568 305  798  685  1496 2205 2176 1365 704  585  476  1935 1484 285  2068 1245 1024 2121 2608 2685 374  657  806  2169 1246 249  1634 843  2146 1569 2570 2427 244  41   1158 317  692  653  1852 1021 86   1427 662  1789 1318 2221 2062 2657 
1584 1085 1836 847  468  125  408  515  1218 815  1976 1155 2584 2415 352  1215 1148 2775 1708 795  2336 1869 1136 2373 152  207  590  1413 1022 39   1448 573  1912 1227 2354 1977 2806 9    596  173  2118 487  1252 839  2564 1217 358  1601 982  2011 1706 2411 2446 
1225 864  2345 648  2225 1792 335  858  695  1482 965  2392 2625 2704 675  532  1815 1376 165  2108 1335 176  2133 2672 2697 370  711  808  2259 1256 267  1670 849  2152 1623 2630 2433 268  43   1182 331  716  659  1868 1031 94   1429 674  1801 1322 2237 2066 2659 
2808 1295 1944 845  2576 2475 728  535  1242 835  1722 1115 2552 1995 416  1275 1184 405  1862 705  2356 1887 1168 2379 154  153  598  1467 1030 51   1474 543  1910 1257 2378 1983 64   25   426  179  2154 491  1268 853  2572 1223 362  1607 998  2017 1714 2417 2458 
1925 936  2387 816  2299 2548 1485 952  737  1554 985  1914 1165 832  735  928  2115 1508 345  2132 1455 112  2139 2768 2703 376  747  814  2313 1270 291  1688 879  2158 1641 2648 2463 284  47   1194 337  722  661  1916 1033 106  1433 694  1811 1346 2239 2078 2663 
1872 1435 2052 1025 252  145  896  1755 1288 865  1752 1121 1998 1253 544  1395 1196 1875 1876 885  2366 1905 1264 2397 182  243  602  1503 1034 57   1462 579  1918 1263 2390 2019 20   49   438  181  2202 499  1324 857  2588 1229 382  1609 1006 2027 1718 2423 2462 
2695 1152 2485 912  2425 1908 355  1064 2145 1736 995  1974 1189 570  1339 644  2175 1504 375  2144 1515 208  2163 100  2727 406  801  824  2367 1258 303  1702 921  2162 1671 2662 2469 292  53   1266 347  724  673  1922 1039 118  1439 698  1823 1354 2243 2098 2671 
2448 1505 2088 1075 396  155  456  533  1624 2295 2002 1135 2046 1261 930  1397 1204 225  1888 915  2444 1917 1250 2403 170  279  610  1557 1048 69   1490 591  1928 1293 2398 2031 28   121  474  191  2238 503  1348 859  2612 1231 386  1613 1018 2029 1726 2437 2474 
385  1224 2555 1104 2303 2028 365  888  731  1664 2565 2072 1195 2214 1343 1770 1501 1564 435  2212 1545 272  2187 196  2739 410  867  826  2421 1298 309  1730 933  2168 1689 2666 2481 316  59   1338 349  764  677  1948 1049 122  1447 706  1831 1366 2251 2102 2677 
2592 1645 2208 931  2040 203  552  545  1254 895  2024 2025 2408 1255 2262 1393 2418 1555 1892 1005 2492 1947 1328 2409 184  261  632  1587 1054 87   1498 597  1930 1299 2410 2049 32   169  498  193  2274 509  1388 863  2636 1237 394  1619 1042 2039 1754 2441 2498 
455  1056 2635 1392 2527 480  371  918  721  1518 1037 2296 2805 2744 1315 2328 1405 2538 1643 2204 1605 304  2193 256  2715 418  873  830  2439 1304 327  1738 939  2198 1707 2674 2487 332  61   1362 353  772  683  1964 1051 134  1451 718  1847 1382 2267 2122 2683 
2736 1715 2484 1175 612  209  1170 551  2220 899  180  1133 2632 495  224  1355 2424 1561 2712 1685 2516 1965 1424 2445 232  333  638  1611 1066 93   1510 633  1946 1317 2414 2073 44   289  534  197  2298 521  1396 877  2644 1249 398  1621 1046 2053 1762 2447 2518 
595  1188 2665 336  2525 2124 391  2310 767  2660 1067 2450 1377 784  765  812  1415 2568 1649 84   1765 368  2211 676  2751 424  909  854  2493 1310 321  1742 951  2216 1713 2678 2517 338  67   1374 359  788  691  1996 1061 142  1453 734  1861 1402 2269 2126 2687 
1728 1729 2232 1325 588  185  462  559  1400 1683 700  2673 910  297  364  1425 1274 1565 144  1717 198  1841 1552 2451 230  363  646  1629 1070 111  1526 669  1958 1329 2422 2103 50   361  582  199  2334 523  1412 881  2692 1259 422  1627 1082 2063 1766 2459 2554 
665  1632 2585 1134 2575 2156 377  2800 1287 560  2223 280  1539 1750 621  868  2385 1612 1655 96   1781 306  1927 484  2769 430  927  856  2523 1336 339  1778 993  2222 1731 2686 2559 356  71   1398 367  796  701  2012 1063 146  1459 746  1867 1418 2273 2138 2689 
2112 1855 2652 1475 684  205  594  589  1960 1881 800  891  1190 429  140  783  1292 105  1924 1727 150  1883 516  1981 190  369  658  1719 1090 123  1528 681  1970 1347 2438 2127 52   529  606  211  2382 541  1436 883  2708 1277 446  1637 1094 2069 1774 2467 2558 
805  1248 2755 1232 2645 2178 395  966  779  2720 693  920  2349 2170 627  350  999  1696 465  2236 1799 342  1921 666  2077 442  963  872  2529 1334 381  1784 1011 2230 1761 2690 2571 388  73   1434 373  844  709  2036 1069 158  1471 758  1871 1438 2281 2174 2693 
2496 1771 2664 1445 768  215  546  565  1272 913  1280 1911 2360 459  160  837  490  1131 1952 1065 2528 1853 492  1985 852  2155 664  1737 1096 129  1534 687  1978 1371 2456 2157 68   841  618  223  2406 547  1468 887  2732 1279 454  1657 1114 2081 1814 2473 2566 
875  1368 2737 1488 2597 2196 407  984  745  1566 1043 1000 1863 2030 741  460  1023 1060 1353 2254 1635 464  1937 726  2071 1068 2195 874  2547 1342 393  1786 1041 2242 1779 2696 2577 404  79   1446 379  892  719  2084 1087 166  1481 766  1873 1454 2287 2182 2699 
2304 1885 2508 1127 720  187  1680 583  1302 901  300  1139 1330 561  200  861  650  1173 1450 1443 2596 1971 1616 2005 876  2159 1278 2257 1102 141  1544 699  1990 1383 2482 2181 76   961  642  227  2454 557  1492 907  2738 1283 458  1663 1126 2083 1822 2477 2578 
715  504  2795 1536 2783 2520 403  2240 781  2790 1057 120  1199 2590 759  500  987  1180 1281 1940 1653 2780 2241 1156 2095 1098 2197 1494 2323 1358 411  1790 1047 2248 1797 2698 2589 412  83   1506 383  908  727  2092 1091 178  1483 778  1877 1466 2293 2186 2707 
2016 1955 2394 1525 882  221  1260 611  1470 923  450  1141 510  1271 260  903  740  1209 1460 1491 2350 2001 1648 2505 238  2165 1284 2263 1734 2395 1558 717  2006 1389 2486 2199 92   1369 654  229  2514 563  1516 911  2764 1289 466  1667 1138 2087 1838 2503 2582 
935  672  275  1456 2675 2412 437  420  793  240  1073 270  1211 690  1349 550  1029 1150 1407 2020 1659 80   2247 1444 2781 434  2215 1524 2327 1854 2461 1798 1059 2264 1803 2702 2631 428  89   1542 389  916  733  2164 1093 194  1487 794  1879 1478 2297 2194 2711 
1512 2015 1932 1675 828  217  1350 629  1540 943  980  1147 330  1267 1230 1403 850  1221 1550 1533 2540 2013 1744 2553 248  387  682  2279 1746 2413 2076 2501 2008 1401 2488 2217 98   1681 678  233  2526 569  1532 919  2804 1291 478  1669 1142 2089 1858 2521 2594 
1045 756  2717 1776 2725 2556 413  1760 1989 880  2691 770  1207 750  1351 2010 1507 1220 1419 2050 1677 496  2235 56   729  470  981  890  2329 1926 2471 2316 2545 2266 1821 2710 2643 436  97   1578 397  932  739  2188 1097 202  1489 802  1889 1486 2309 2206 2713 
2184 2035 2142 1573 972  235  696  553  1600 2457 1100 1053 1610 1273 1290 1411 2370 1577 1580 1581 2620 2037 1712 2595 266  477  670  1773 1106 2419 2148 2507 2502 2587 2494 2229 116  1849 762  239  2586 571  1556 929  16   1297 482  1693 1154 2099 1874 2531 2602 
1265 1092 475  1904 625  2628 415  1026 749  1360 819  1160 2511 2618 1357 1830 1513 2562 1651 2060 1743 512  2265 2116 45   472  1017 902  2637 1370 2479 2358 2561 2724 2627 2714 2649 452  101  1614 401  956  743  2228 1103 206  1493 818  1901 1502 2311 2218 2719 
2688 2125 2436 1775 1044 247  616  635  1326 917  1700 1953 2210 513  220  1417 2442 1585 324  1739 2650 2091 1808 2607 296  423  686  1791 1112 159  1562 2509 2532 2599 162  2681 124  2209 786  241  2598 577  1588 937  6    1301 502  1697 1174 2111 1882 2539 2606 
1105 924  325  1782 2401 540  481  1032 755  1608 1079 1480 441  320  609  620  1537 2616 1661 90   1807 592  2289 40   63   488  1083 904  2763 1384 417  1802 2563 2748 2629 54   2747 222  103  1626 409  964  751  2252 1109 214  1499 838  1907 1514 2333 2234 2729 
2772 2185 2244 1183 2760 259  1380 581  1408 905  1806 1157 2440 231  340  897  860  1589 192  1751 228  1865 2032 2613 250  507  710  1899 1118 177  1570 723  2014 2605 36   2701 78   2809 822  251  2634 587  1604 941  8    1303 514  1699 1186 2113 1894 2543 2614 
1235 1176 575  1968 77   600  427  1860 763  1672 1055 1938 1219 1088 651  580  1107 1210 1673 108  1795 348  1939 88   117  506  1143 938  2799 1378 447  1810 1077 2278 2641 42   2759 246  107  1662 419  1004 757  2276 1117 218  1511 842  1913 1522 2339 2246 2731 
1848 2375 2464 1805 1116 253  1500 623  2250 949  1896 1145 2058 1285 572  969  940  1239 1660 1757 204  1891 522  2021 290  531  712  2007 1130 183  1576 753  2054 1437 2504 2705 102  5    834  257  2658 593  1636 947  10   1307 526  1709 1198 2129 1906 2549 2638 
1495 1386 425  2064 35   216  451  1950 791  810  1081 1992 1205 2226 1345 968  1113 1340 1431 2140 1817 444  1945 732  2101 494  1179 946  81   1390 453  1816 1101 2270 1839 2726 2761 258  109  1686 421  1028 761  2284 1123 226  1523 862  1931 1538 2341 2258 2741 
1008 2405 2604 1825 1332 265  702  649  2430 959  1300 1159 2136 1313 2322 1385 1276 1269 1690 1593 2656 1895 558  1991 948  2167 730  2043 1162 201  1582 771  2074 1461 2506 2253 148  7    894  263  2694 599  1676 953  14   1319 538  1721 1202 2131 1934 2551 2642 
1375 1428 605  2106 55   168  445  1128 803  1040 1071 1240 1241 870  1379 2346 1465 1628 1479 2150 1749 656  1943 738  2105 1164 2201 962  15   1394 471  1826 1119 2282 1851 2758 2661 508  113  1698 431  1052 769  2308 1129 254  1531 866  1933 1546 2347 2302 2749 
2268 2255 2646 1975 1476 295  714  655  1416 973  1900 2331 2470 1331 1410 1441 2472 1603 1780 1599 2668 2055 2096 2033 954  2171 1308 2285 1166 213  1586 789  2056 1473 2510 2271 164  3    604  269  2742 601  1682 967  22   1321 542  1723 1214 2137 1942 2557 2654 
1595 1404 725  2128 65   264  485  1122 785  1674 1099 1430 2601 448  1387 2130 1517 2622 1687 2180 1767 688  2301 70   2117 1206 2219 1572 2335 1406 489  1832 1137 2290 1857 2770 2721 524  127  1758 433  1058 773  2348 1151 262  1543 878  1949 1574 2351 2306 2753 
2352 2365 576  1859 1548 287  744  667  1464 955  1794 1169 2530 663  308  1457 2478 1591 1458 1763 2684 2067 2192 2619 286  2173 1314 2291 1788 2429 1592 807  2086 1497 2522 2283 172  11   906  271  2766 607  1684 971  26   1327 554  1733 1226 2141 1954 2579 2722 
1615 1638 775  2256 85   312  469  2080 799  1704 1111 390  1247 1216 975  1012 1535 2706 1679 126  1819 752  2337 104  75   518  2227 1602 2353 1956 2483 1834 1149 2294 1893 2774 2733 548  131  1842 439  1076 787  2372 1153 274  1549 886  1951 1594 2357 2326 2767 
1344 2465 2574 1421 1452 301  1530 671  1820 979  2300 1177 210  1333 392  1305 1312 1631 60   1769 234  1897 2224 2667 328  549  742  2305 1812 2435 2166 2515 2104 1509 2534 2307 188  13   942  277  2778 613  1724 977  34   1361 562  1741 1234 2143 1966 2591 2734 
1625 1596 925  2288 95   384  473  2730 817  1840 1197 1640 1243 1110 1363 884  2325 1748 1703 132  1829 414  1957 110  147  530  1233 986  2359 1962 2491 2364 2567 2314 1923 2776 2757 556  137  1866 443  1084 797  2396 1163 278  1553 898  1973 1618 2371 2342 2777 
1764 2431 2784 1519 1692 299  2100 697  2600 2079 520  2499 2680 1337 1590 1477 1352 135  1972 1735 276  1903 564  2041 310  603  754  2061 1178 2443 2172 2513 2676 2603 2536 2319 212  17   978  281  2802 617  1732 983  38   1367 566  1747 1238 2153 1982 2593 2746 
1705 1656 2765 2544 91   660  493  630  851  1520 1323 1720 1089 1472 1391 2190 1529 1652 555  2272 1835 372  1961 774  2119 568  1251 970  21   1426 2489 2388 2569 2796 2651 2782 2771 282  139  1878 449  1108 809  2404 1171 298  1559 914  1979 1622 2377 2362 2789 
1296 2065 432  1813 1200 323  840  689  2380 2277 640  2541 400  357  380  1469 2490 1633 2044 1185 2716 1909 708  2045 996  2177 776  2097 1192 219  1598 2519 2682 2611 24   2723 138  19   1002 283  12   619  1756 991  46   1373 586  1753 1262 2161 1994 2609 2762 
1001 1824 175  2754 133  780  517  1050 869  2000 1449 1880 1521 1856 777  820  1541 2670 1711 2312 1695 848  1963 804  2123 1212 2245 994  27   1414 501  1846 2573 48   2653 66   2773 318  149  1902 457  1124 811  2428 1181 302  1567 922  1987 1642 2381 2374 2791 
2160 2093 528  2009 1620 319  1890 703  2460 989  2420 2583 2728 315  608  957  950  1639 72   1745 2756 2085 2384 2047 1014 2183 1356 2315 1208 237  1606 813  2110 2623 30   2743 174  23   1038 293  18   631  1772 997  58   1381 614  1759 1282 2179 2018 2617 2798 
1309 2400 637  1920 119  1140 527  1120 871  2320 1701 1870 189  1984 825  988  1161 1420 1691 156  1837 944  2343 128  2147 1236 2231 1644 2363 1432 519  1864 1167 2330 2669 114  2779 354  151  1986 461  1132 821  2452 1187 314  1571 926  1993 1646 2383 2386 2797 
1440 2233 2700 2023 960  329  1650 713  2550 1007 440  2709 2750 399  736  1665 1316 1311 1850 1793 294  1915 2416 2679 322  2189 1422 2317 1818 2449 1630 831  2114 1527 2542 2735 186  29   1074 307  628  641  1796 1009 62   1399 622  1777 1286 2203 2026 2621 4    
1463 2340 539  1560 161  990  497  2200 889  2480 1827 2090 273  2368 855  992  2535 1666 1551 2260 1843 486  1967 130  99   536  2249 1668 2369 2004 2497 1886 1191 2318 1929 2786 2785 366  157  2022 463  1172 823  2468 1193 326  1579 934  1997 1654 2389 2402 2801 
1800 2261 1080 2057 900  343  1710 679  2580 1003 760  567  1936 525  748  1725 1364 195  1988 1647 2740 1919 636  2051 344  639  782  2321 1884 2453 2286 2533 2134 1563 2546 2361 236  31   1086 311  652  643  1828 1013 74   1409 626  1783 1294 2207 2038 2633 2    
1547 1980 833  2280 143  1020 511  2070 893  2560 1617 2120 351  2624 1035 1036 2655 1694 615  2324 1809 976  1969 846  2149 584  1341 1010 2407 2034 2495 2466 2581 2338 1941 2792 2787 578  163  2082 467  1228 827  2476 1201 334  1583 958  1999 1658 2393 2426 2803 
2640 2639 1320 2107 360  341  1740 707  2610 1027 680  2793 2500 483  836  1845 1372 255  2048 1095 2788 2109 2512 2059 1062 2191 790  2151 1222 2455 2292 2537 2718 2615 2626 2391 242  37   1146 313  668  647  1844 1019 82   1423 634  1787 1306 2213 2042 2647 1    
