2688 1105 2772 2465 2394 1825 2288 2835 1144 2205 1672 2415 2728 735  352  1845 968  195  1628 1335 2236 1971 2852 2403 1808 45   182  927  590  2421 994  249  1414 831  1846 1527 2318 2319 2776 61   2238 359  772  701  1996 1069 122  1481 718  1877 1402 2297 2138 2713 
715  1008 1885 924  575  912  85   2816 1575 1496 1365 2432 315  832  1275 572  2655 1204 705  1924 1635 2528 2193 752  2703 676  363  406  1611 790  39   1192 537  1598 1191 2110 1929 2536 2757 52   197  284  523  1396 883  2692 1279 394  1663 1046 2087 1766 2521 2558 
2016 1235 1848 2635 2436 1975 2576 2295 1408 945  2024 2625 1936 1035 224  1935 988  165  1652 1455 2254 2013 2884 2409 2032 63   190  963  598  2439 1010 267  1426 843  1864 1563 2330 2361 2782 67   2274 367  788  709  2012 1087 134  1483 734  1879 1418 2309 2174 2719 
935  2268 1955 1092 475  1104 95   2156 2565 1664 1785 2392 1995 1856 1395 608  2745 1274 645  1952 1677 2540 2211 688  2715 1156 423  410  1629 806  51   1208 543  1606 1203 2114 1941 2542 2787 68   199  292  541  1412 887  2708 1283 398  1667 1082 2089 1774 2531 2566 
1512 1375 1344 2585 2142 1805 2754 395  616  2025 1976 1155 2704 1125 308  2115 992  255  1694 1479 2140 2001 2888 2445 2096 75   232  981  602  2493 1016 291  1432 849  1886 1569 2338 2391 2786 71   2298 373  796  719  2036 1091 142  1487 746  1889 1438 2311 2182 2729 
1045 2856 2015 1176 605  1134 115  1116 565  952  495  2584 525  1216 1665 644  2775 1312 795  1988 1749 2620 2241 848  2727 1444 477  418  1719 808  57   1222 573  1630 1227 2134 1959 2546 2811 76   211  316  547  1436 907  2732 1289 422  1669 1094 2099 1814 2539 2578 
2184 1595 1764 2665 2604 2075 2832 415  2628 737  1736 675  704  975  392  2175 1012 285  1666 1515 2272 2037 2890 2451 2192 99   230  1017 610  2523 1022 303  1442 879  1898 1623 2344 2427 2792 73   2334 379  844  727  2084 1093 146  1489 758  1901 1454 2333 2186 2731 
1265 2352 2035 1428 725  1232 125  1332 623  300  817  2002 765  784  1425 736  405  1316 885  1972 1695 2596 2247 944  2739 2116 507  424  1737 814  69   1246 579  1634 1257 2146 1977 2570 2823 92   223  332  557  1468 911  2738 1291 446  1693 1114 2111 1822 2543 2582 
2808 1615 504  2755 2464 1755 1568 445  2844 749  330  943  2632 1215 364  2325 1036 345  1696 1533 2312 2055 1024 2505 2224 117  238  1083 632  2529 1030 321  1448 921  1910 1641 2354 2433 2794 79   2382 383  892  733  2092 1097 158  1493 766  1907 1466 2339 2194 2741 
1925 1296 2125 1386 775  1904 2475 2548 635  408  851  744  985  448  1725 748  1875 1352 915  2048 1743 2668 2235 976  2751 40   531  430  1773 824  87   1256 591  1670 1263 2152 1983 2626 2841 98   227  338  563  1492 919  2764 1297 454  1697 1126 2113 1838 2549 2594 
1872 1015 1404 2875 2646 2225 1792 1485 896  745  594  895  1026 1115 416  2385 1078 375  1748 1545 2332 2085 112  2553 2384 147  248  1143 638  2547 1034 309  1462 933  1912 1671 2378 2463 2806 83   2406 389  908  739  2164 1103 166  1499 778  1913 1478 2341 2206 2749 
2695 864  1855 2232 845  1392 155  728  2805 1288 815  798  995  1302 1189 836  225  1364 1005 2044 1767 2656 2265 1072 2769 88   549  434  1791 826  93   1258 597  1688 1293 2158 2019 2630 2859 116  229  356  569  1516 929  2804 1301 458  1699 1138 2129 1858 2551 2602 
2448 1085 1656 2555 2904 2425 252  485  1064 2145 2072 905  1032 1121 1590 1267 1184 435  1708 1551 2150 2067 176  2595 2416 153  250  1179 646  2637 1048 327  1474 939  1918 1689 2390 2469 2810 89   2454 397  916  743  2188 1109 178  1511 794  1931 1486 2347 2218 2753 
2275 792  2065 2244 925  1456 145  1452 655  1624 585  2296 1007 1290 1199 1830 1349 1372 1065 2108 1809 2684 2289 1136 2781 56   603  442  1899 830  111  1270 633  1702 1299 2162 2031 2648 2901 124  233  388  571  1532 937  2836 1303 466  1709 1142 2131 1874 2557 2606 
2376 1295 1716 2765 576  2525 288  497  216  755  2176 825  2744 1133 1608 1271 2136 1405 1804 1593 2180 2091 80   2607 2512 171  286  1233 658  2763 1054 339  1490 951  1928 1707 2398 2481 2822 97   2514 401  932  751  2228 1117 194  1523 802  1933 1502 2351 2234 2767 
1225 936  2135 2484 1025 1488 185  1476 649  456  835  2408 855  1472 1195 1914 1355 2346 1535 2068 1869 2650 2301 1168 2829 70   639  470  2007 854  123  1298 669  1730 1317 2168 2049 2662 2913 148  239  404  577  1556 941  2876 1307 478  1721 1154 2137 1882 2579 2614 
1584 1435 1824 2795 2898 2575 396  505  168  767  552  949  2618 1305 476  1273 2214 1415 2706 1643 2260 2109 272  2613 2608 207  266  1251 664  2799 1070 381  1498 993  1930 1713 2410 2487 2824 101  2526 409  956  757  2252 1123 202  1531 818  1949 1514 2357 2246 2777 
455  1056 2345 2508 1075 1536 205  1548 667  450  869  750  1073 1984 1815 812  1357 2442 1541 192  1727 2716 2337 1250 2847 110  657  472  2043 856  129  1304 681  1738 1329 2198 2073 2666 9    164  241  412  587  1588 947  2908 1319 482  1723 1174 2141 1894 2591 2638 
2592 1495 1836 2905 2916 2645 468  511  2000 763  390  917  1122 1099 544  2535 1148 1457 2670 1649 150  1807 368  2619 2672 243  290  1341 670  2817 1066 393  1510 1011 1946 1731 2414 2517 2830 103  2586 419  964  761  2276 1129 206  1543 838  1951 1522 2371 2258 2789 
385  1152 2185 2574 1175 1776 215  1692 671  1700 889  858  1043 1326 1205 868  135  1376 1561 1458 1739 348  1897 1264 2865 104  711  488  2061 872  141  1334 687  1742 1347 2216 2103 2674 2209 1614 251  428  593  1604 953  16   1321 502  1733 1186 2143 1906 2593 2642 
2736 1505 1944 175  432  2675 588  515  312  779  510  959  1110 1141 1674 1285 1196 465  1888 1651 198  1817 636  1963 2768 261  296  1359 682  2853 1090 411  1526 1041 1958 1761 2422 2559 2834 107  2598 421  1004 769  2284 1151 214  1549 842  1973 1538 2377 2302 2791 
595  1188 2375 2652 1325 1782 235  1908 679  2300 871  870  1037 1410 1207 1974 1385 1484 1095 2144 1735 372  1903 876  2059 128  747  494  2097 874  159  1310 699  1778 1371 2222 2127 2678 2809 1626 257  436  599  1636 967  6    1327 514  1741 1198 2153 1934 2609 2654 
1728 1625 672  2915 2912 2725 612  517  1840 693  1160 973  1128 1147 1722 1313 2226 1441 1862 1581 2324 1819 666  1967 1212 2159 310  1413 686  2883 1096 417  1528 1047 1970 1779 2438 2571 2872 109  2634 431  1028 773  2308 1153 218  1553 862  1979 1546 2381 2306 2797 
665  1224 2255 1596 1445 1968 265  2028 697  2900 1953 2090 1057 1416 1219 1938 1363 2472 1555 2132 1887 2740 1909 948  2071 1572 2219 506  2151 890  177  1336 717  1784 1383 2230 2157 2686 3    172  263  452  601  1676 971  8    1361 526  1747 1202 2161 1942 2617 2722 
2112 1645 2052 275  336  2825 684  527  2320 819  1480 2349 2470 1169 1704 1315 2322 1465 2712 1655 2336 2121 208  1969 1236 2167 1884 2317 710  81   1102 447  1534 1059 1978 1797 2456 2577 2882 113  2658 433  1052 787  2348 1163 226  1559 866  1987 1574 2383 2326 2801 
805  1248 2365 1638 1475 2064 295  2178 689  2420 2499 2120 231  2368 1211 1992 1379 2538 1565 72   1745 2756 2343 1328 2077 1602 2227 2172 2407 902  183  1358 723  1786 1389 2242 2181 2690 7    1662 269  508  607  1682 977  10   1367 538  1753 1214 2179 1954 2621 2734 
2496 1705 756  425  528  625  768  533  2380 1053 1240 1539 2840 561  380  1331 2190 1469 2814 1661 156  1829 304  2667 2864 2171 1926 2321 2676 2479 1106 453  1544 1077 1990 1803 2482 2589 2914 127  2694 439  1058 797  2372 1171 254  1567 878  1993 1594 2389 2342 2803 
875  1368 2405 1932 1525 2106 305  2124 703  2450 891  910  297  2590 759  580  1391 2478 1577 60   1751 414  1915 1424 2877 136  2231 2286 2419 2868 2515 1342 753  1790 1401 2248 2199 2696 5    1686 271  524  613  1684 983  14   1373 542  1759 1226 2203 1966 2633 2746 
2304 1715 2088 325  648  35   828  535  264  793  1190 2511 1610 627  340  987  950  1507 2862 1673 228  1835 708  1981 2896 279  328  2323 2532 2483 42   2581 1558 1101 2006 1821 2486 2631 64   131  2742 443  1076 809  2396 1181 262  1571 886  1997 1618 2393 2362 2819 
1001 1632 2485 2664 1675 2256 335  2196 685  462  893  770  351  2870 783  650  1173 1340 1589 90   1757 444  1919 954  2095 152  801  518  2413 2892 2519 186  2629 1798 1437 2264 2217 2698 11   1698 277  548  617  1724 991  22   1381 554  1777 1234 2207 1982 2647 2762 
2880 2639 2208 245  624  55   882  545  378  785  696  989  2030 621  350  999  1060 1269 1550 1679 204  1837 732  1985 1278 2173 322  1467 712  2489 78   2599 366  2735 2008 1839 2488 2643 20   137  2766 449  1084 811  2404 1187 274  1579 898  1999 1622 2399 2374 2833 
1309 1920 1183 2784 1775 2128 355  2412 695  546  865  888  1067 2624 837  820  1131 1420 1419 1850 1763 486  1921 996  2101 1644 2245 536  2169 904  2533 222  2641 534  2779 2266 2229 2702 13   1758 281  556  619  1732 997  26   1399 562  1783 1238 2213 1994 2657 2798 
2160 2737 900  2597 816  65   972  551  384  781  702  955  1218 1135 532  1023 1150 1353 1580 1599 2350 1841 726  2005 1284 2177 1956 2327 730  21   1112 2587 402  2743 678  2855 2494 2649 28   139  2778 457  1108 821  2428 1193 278  1583 914  2003 1642 2411 2386 2837 
1463 1560 1421 1140 253  2544 365  2556 707  120  899  918  1055 1464 1241 740  1209 1450 1431 1940 1917 2780 1927 1014 2105 1668 2249 2292 2429 946  201  1370 2651 582  2807 894  2899 2710 17   1842 283  578  631  1756 1009 34   1409 566  1787 1262 2221 2018 2659 2818 
1440 2849 360  2891 1950 329  1044 553  2480 791  570  979  1242 1145 1794 1333 1180 1311 1660 1647 2356 2133 464  1991 1308 2183 1962 2329 2682 2491 1118 471  1576 2747 762  2863 1002 361  1374 149  2802 461  1124 823  2452 1201 298  1597 922  2011 1646 2417 2402 2843 
1547 2280 1519 1170 187  2580 413  810  721  270  901  930  1079 1518 1247 1998 1387 1504 1443 2020 1833 2788 2355 1552 2117 1734 2257 2316 2435 48   2545 1378 771  1802 2813 906  2911 1182 19   1866 293  596  641  1772 1013 38   1423 586  1789 1282 2237 2026 2663 2846 
2640 2821 480  2401 2070 341  2850 559  2560 799  690  1003 1230 1157 1752 1337 2262 1477 1780 1653 2492 2139 512  2679 100  2189 2004 2335 2718 2495 66   2603 1562 1119 2014 2867 1074 529  1398 151  2874 463  1132 827  2468 1213 302  1601 926  2017 1654 2423 2426 2851 
1729 1320 1813 1380 209  2730 451  1470 713  210  913  966  1111 1554 1243 2010 1393 2490 1591 2050 1947 2812 2373 1616 2889 130  2263 2358 2443 162  2537 246  2653 1810 1461 2270 49   1194 23   1878 307  604  643  1796 1019 46   1427 614  1801 1286 2239 2038 2671 2854 
1800 637  540  77   2080 391  420  583  180  803  714  965  1272 1159 1770 1339 2328 1501 2910 1687 2444 2163 496  2685 196  333  344  2353 2724 2501 102  2605 426  2759 2054 1851 2504 841  1434 157  12   467  1172 829  2476 1217 314  1607 934  2027 1658 2437 2434 2857 
1771 2040 2009 1500 259  2600 437  1820 731  280  923  984  1081 1566 1253 2046 1403 2568 1603 96   1765 2848 2379 1648 2895 154  867  530  2449 36   2561 258  2669 606  2815 2278 2253 2714 29   1902 311  628  647  1828 1021 58   1429 622  1811 1294 2243 2042 2677 2858 
2340 539  600  91   2200 1071 2860 2907 700  2871 1330 1027 1254 1165 1896 1345 2418 1513 2838 1685 234  1843 592  2697 256  369  370  1503 742  2497 114  2611 438  2761 786  2869 2506 2661 32   163  18   479  1228 839  2524 1223 326  1609 958  2029 1678 2441 2446 2861 
2233 2760 2023 1650 221  1600 1197 1040 1881 520  1863 1750 1139 1482 1255 2058 1397 2562 1585 84   1769 492  1937 1712 729  170  873  568  2259 938  2563 282  2681 618  2827 942  25   2726 31   1986 313  652  653  1844 1031 62   1433 626  1823 1306 2251 2062 2683 2866 
2400 833  660  119  2220 343  880  1323 800  1449 1430 2601 2170 1177 1806 1343 2424 1517 144  1691 276  1853 738  2021 484  387  374  1557 754  15   1162 2615 474  2771 822  2881 1086 961  1446 167  188  487  1244 853  2564 1229 334  1613 974  2039 1706 2447 2458 2879 
2093 720  2107 1710 287  2610 427  1360 2079 640  2331 2360 429  2752 1261 2130 1411 2616 1631 108  1781 516  1939 1062 2119 184  909  574  2313 962  213  1384 2701 642  2831 978  121  1266 37   2022 317  668  659  1852 1033 74   1439 634  1831 1318 2267 2066 2687 2878 
1980 931  780  161  2250 371  2790 581  1280 1617 1640 441  400  609  460  1351 2370 1529 2886 1711 294  1865 774  2033 1314 2191 376  1587 776  27   1130 489  1570 2773 834  2885 1146 1369 1506 173  212  491  1252 857  2572 1231 346  1619 982  2053 1714 2459 2462 2887 
2261 1200 2299 1530 247  2720 469  1520 2457 680  2541 2210 399  160  861  850  1417 2622 1639 126  1793 522  1945 1068 2123 1746 2279 584  2367 970  219  1390 789  1816 2839 1038 169  1338 41   2082 331  692  661  1868 1039 82   1447 662  1847 1322 2269 2078 2689 2894 
2700 847  1020 133  2430 377  240  611  1100 1701 1720 1089 2500 651  500  1029 1210 1537 324  1703 306  1883 804  2041 1356 2195 2034 2359 782  33   1178 501  1582 1137 2056 2893 1158 1681 1542 179  236  499  1268 859  2588 1237 358  1621 998  2063 1718 2467 2474 2897 
2387 1620 2303 1740 299  2310 481  1540 2223 440  2583 2440 357  200  897  860  1239 1460 1633 132  1795 558  1957 1098 2149 1788 2285 2364 2453 986  237  1394 807  1826 1473 2282 289  1362 43   2094 337  716  673  1916 1049 86   1451 674  1861 1346 2273 2098 2693 2902 
1080 1127 990  217  2460 403  630  589  980  1377 1880 1521 2750 663  490  1107 1220 1407 1690 1717 342  1895 846  2045 1422 2197 2076 2363 2748 2507 1166 519  1586 1149 2074 1857 2510 1849 1578 181  242  503  1324 863  2612 1249 362  1627 1006 2069 1726 2473 2498 2903 
2431 960  2527 1760 301  2820 473  1960 2277 760  2709 2530 459  140  957  884  1221 1508 1491 2060 1799 564  1943 1164 2147 1812 2291 2388 2455 24   2567 1406 813  1832 1497 2290 2271 2758 47   2118 347  722  677  1922 1051 94   1453 694  1867 1354 2281 2102 2699 2906 
2520 1859 1350 203  2550 407  1050 629  1300 1827 1768 189  320  741  620  1113 1292 555  1892 1659 2516 1891 852  2047 1494 2201 2148 2369 2796 2509 138  2623 1592 1167 2086 1893 2522 2721 44   191  244  509  1348 877  2636 1259 382  1637 1018 2081 1754 2477 2518 2909 
2717 1260 2783 1860 319  2240 493  2660 2673 920  2793 2552 483  220  903  928  105  1564 1185 2204 1905 2828 1961 1206 2155 1818 2305 2466 2461 30   2569 318  2705 1834 1509 2294 2283 2770 53   2154 349  724  683  1948 1061 106  1459 698  1871 1366 2287 2122 2707 4    
1680 2057 840  143  2800 1287 1400 1989 1900 1911 1870 273  1088 777  550  1161 1276 615  1876 1605 2366 2187 656  2051 1524 2215 2166 2395 2826 2513 174  2627 498  2785 2104 1923 2534 2733 50   193  268  521  1388 881  2644 1277 386  1657 1042 2083 1762 2503 2554 1    
1573 2100 2873 1890 323  1120 1683 560  2691 1000 567  2680 513  260  969  940  1281 1612 1245 2212 1965 2842 2397 1744 2165 1854 2315 2502 2471 54   2573 354  2723 654  2845 2314 2307 2774 59   2202 353  764  691  1964 1063 118  1471 706  1873 1382 2293 2126 2711 2    
