1320 2639 900  2891 1860 413  1600 2079 1300 1953 1664 2205 2944 2625 544  2775 1312 1095 2068 2055 2596 2829 1168 867  230  2817 730  573  1270 1401 1802 1929 2152 2199 2344 2463 2546 2721 2782 9    3014 233  388  577  1556 947  2908 1321 458  1741 1142 2161 1882 2621 2638 
1547 1920 1421 1170 259  2580 553  2000 1071 760  567  2392 1155 1088 1725 928  375  1666 1695 2324 2355 2996 153  100  1737 472  213  1016 993  1534 1817 2006 2049 2266 2307 2486 2577 2690 2859 2882 89   20   401  932  757  2252 1129 166  1549 794  1979 1502 2383 2246 2803 
2880 2737 360  2989 1950 427  240  697  2300 1911 1672 945  3016 2415 572  3015 1316 1185 2108 2085 2656 2847 1250 873  232  2853 742  579  1298 1437 1810 1941 2158 2217 2354 2469 2570 2733 2786 1369 2202 239  404  587  1588 953  2932 1327 466  1747 1154 2179 1894 2633 2642 
1001 2280 1519 1350 287  2600 581  2320 1197 920  2511 2432 1785 1216 1845 968  435  1694 1809 2332 2445 1024 171  196  1773 488  219  994  1011 1544 1819 2008 2073 2270 2319 2488 2589 2698 2901 2914 97   28   409  956  761  2276 1151 178  1553 802  1987 1514 2389 2258 2819 
2160 2821 480  2401 2070 451  810  703  2420 2331 1720 273  1936 315  608  405  1352 1245 2132 2139 2684 2865 1264 909  238  2883 754  591  1304 1461 1816 1943 2162 2219 2378 2481 2626 2757 2792 1681 2238 241  412  593  1604 967  2956 1361 478  1753 1174 2203 1906 2647 2654 
1309 2760 1813 1380 301  2610 583  2480 1323 1000 2997 2090 663  1472 1815 988  465  1708 1767 1850 2451 112  207  256  1791 494  237  1022 1041 1558 1821 2014 2077 1314 2395 2494 2631 2702 2913 2930 101  32   419  964  769  2284 1153 194  1559 818  1993 1522 2393 2302 2833 
1440 2849 540  77   2080 469  1040 693  2900 2499 1880 351  2590 957  364  1875 1372 1335 2144 2163 2650 2889 1328 927  248  2979 776  597  1310 1473 1826 1945 846  2227 1956 2513 2630 2787 2794 1849 2274 251  428  599  1636 971  2972 1367 482  1759 1186 2207 1934 2657 2722 
1463 1560 2009 1500 323  2790 623  2560 1449 1160 441  2360 561  3010 1173 992  555  1804 1833 1940 2553 3020 243  484  1899 506  249  1030 1047 1562 1829 444  2105 1356 2407 2676 2641 2710 2931 2936 103  44   421  1004 773  2308 1163 202  1567 838  1997 1538 2399 2306 2837 
1800 539  600  91   2200 481  880  2457 2816 2583 1768 483  2840 897  220  1239 1364 1455 2204 2187 2716 2937 1552 963  250  81   782  633  1334 1497 1832 1957 852  2231 1962 2515 42   2831 2806 2209 2298 257  436  601  1676 977  3004 1373 502  1777 1198 2213 1942 2659 2734 
1729 2040 2107 1530 299  1050 611  2960 1701 1240 1089 2440 627  320  1113 380  1431 1862 1887 2020 2607 80   261  676  2007 518  267  1034 1059 1570 1837 486  2117 1422 2413 2682 2651 426  2965 1506 107  50   431  1028 787  2348 1171 206  1571 842  1999 1546 2411 2326 2843 
2640 637  660  133  2220 473  1960 2223 440  2709 1976 357  2920 969  260  1269 620  1551 1220 2193 2668 2877 1424 981  266  15   806  669  1336 1509 1834 1961 948  2245 2004 2519 54   2839 942  2809 2334 263  452  607  1682 983  16   1381 514  1783 1202 2221 1954 2663 2746 
2093 2970 2023 1650 329  2720 1287 700  2907 1408 1575 2552 741  1856 1161 490  1419 950  1869 2050 2613 176  279  1156 2043 536  291  1048 1077 1576 1835 492  2119 1494 2419 2718 2653 438  2977 1542 109  52   433  1052 797  2372 1181 214  1579 862  2003 1574 2417 2342 2851 
1980 833  780  119  2250 497  1360 2277 2450 1539 2024 1365 704  525  736  1353 650  1581 1210 2241 2740 2919 1616 1017 286  21   790  681  1342 1527 1846 1967 876  2249 2034 2533 66   2845 978  5    2382 269  508  613  1684 991  6    1399 526  1787 1214 2237 1966 2671 2762 
2261 3000 2303 1710 341  2820 649  800  891  910  2601 2728 1995 1984 1935 1036 1479 860  1917 2060 2619 208  333  1444 2061 530  303  1054 1101 1582 1839 2054 2123 1524 2429 2724 2669 474  2981 1578 113  68   439  1058 809  2396 1187 218  1583 866  2011 1594 2423 2362 2857 
2340 847  1020 161  2430 493  1820 2673 2548 1863 1330 459  2704 735  748  225  1376 1593 1340 2247 2756 2895 1648 1143 290  27   814  687  1358 1563 1864 1959 2168 2257 2076 2537 78   2855 1002 7    2406 271  524  617  1724 997  8    1409 538  1789 1226 2239 1982 2677 2798 
1771 720  2527 1740 343  2850 629  980  1377 770  1521 2030 759  2368 2115 1012 615  1876 1947 2150 2667 272  363  2116 2097 568  309  1066 1119 1586 1841 2056 2103 2278 2435 2748 2681 498  2983 1614 127  76   443  1076 811  2404 1193 226  1597 878  2017 1618 2437 2374 2861 
2400 931  990  217  2460 511  1488 731  280  2349 1610 429  2870 1023 392  135  1484 1515 2212 2211 2780 2943 1712 1083 296  33   808  699  1370 1569 1886 1963 2198 2229 2398 2545 102  2863 1038 11   2454 277  548  619  1732 1009 10   1423 542  1801 1234 2243 1994 2683 2818 
2233 1200 2597 1760 371  2860 667  2832 737  1190 297  2170 783  2624 2175 1078 645  1888 1905 2336 2679 368  369  40   2151 574  321  1090 1137 1592 1843 516  2147 2282 2361 2504 2701 534  2987 1626 131  92   449  1084 821  2428 1201 254  1601 886  2027 1622 2441 2386 2879 
2700 1127 1140 203  2550 551  2380 713  2835 779  1750 513  2750 987  836  195  1504 1545 2236 2235 2788 2955 1744 1179 310  39   824  717  1378 1623 1898 1969 954  2263 2390 2487 2648 2867 1074 13   2514 281  556  631  1756 1013 14   1427 554  1811 1238 2251 2018 2687 2846 
2387 1620 2783 1824 377  1120 1881 1280 767  180  781  2408 837  2752 2325 1148 795  1892 1965 2356 2505 304  387  56   2169 584  327  1070 1149 1598 1851 2074 2149 1572 2443 2510 2643 2714 2993 1662 137  98   457  1108 823  2452 1213 262  1607 898  2029 1642 2447 2402 2887 
1080 1183 1152 2345 2664 517  560  2691 616  793  300  851  2926 1275 532  165  1508 1605 2254 2265 2812 2967 1808 1233 322  51   826  723  1384 1641 1910 1977 2216 2279 2148 2561 2662 2811 2810 17   2526 283  578  641  1772 1019 22   1429 562  1823 1262 2267 2026 2689 2854 
2431 960  2873 1944 2905 2964 671  1568 2295 1288 799  450  923  3008 2385 1184 705  1924 1971 2366 2595 464  423  70   2259 590  339  1096 1167 1606 1853 2086 2127 2290 2449 2796 2705 2726 2949 2938 139  116  461  1124 827  2468 1217 274  1609 914  2039 1646 2459 2426 2897 
2520 1859 2940 221  2784 775  1456 1485 728  2025 2002 817  270  1003 644  255  1612 1635 2272 2337 2828 2985 2032 1251 328  57   830  753  1390 1671 1912 1983 2222 2253 2410 2567 114  2881 2822 3    64   293  596  643  1796 1021 26   1433 566  1831 1282 2269 2038 2693 2858 
2717 1260 143  2800 391  2912 2475 1792 2805 1624 675  2618 943  750  1111 1196 885  1952 2001 2140 2697 512  477  88   2313 598  381  1102 1191 1630 1857 2104 2155 2294 2391 2506 2735 582  2995 2954 149  124  463  1132 829  2476 1223 278  1613 922  2053 1654 2467 2434 2903 
1680 2057 840  247  2310 527  2128 1755 1064 495  2072 975  2968 1027 1110 1159 1564 1599 1420 2289 2848 3009 2096 1341 344  87   854  771  1394 1689 1918 1985 996  2285 2414 2517 2666 2869 1086 19   2586 307  604  647  1828 1031 34   1439 586  1847 1286 2273 2042 2699 2866 
1573 2100 187  2240 403  1400 1683 896  2145 1736 765  2632 1125 224  1081 1326 1205 1972 2013 2260 2703 496  507  110  2367 602  393  1106 1203 1634 1865 522  2159 1602 2453 2522 2649 2758 3005 1686 151  148  467  1172 839  2524 1229 298  1619 926  2063 1658 2473 2446 2909 
3024 2299 1890 253  420  533  2660 2871 952  585  2296 825  784  1395 476  1135 1674 1255 2312 2301 2842 3021 2192 1359 370  69   856  789  1406 1707 1928 1981 1014 2291 2166 2563 2674 2823 2824 23   2598 311  628  653  1844 1033 38   1447 614  1861 1294 2281 2062 2707 2878 
3025 2856 209  2730 407  1470 689  1700 1053 1496 855  2744 1215 308  2535 1204 1207 1896 1333 2180 2727 592  531  104  2421 610  411  1112 1227 1670 1883 558  2165 1644 2455 2826 2743 2770 2973 2984 157  164  479  1228 853  2564 1231 302  1621 934  2069 1678 2477 2458 2917 
2016 1265 504  319  630  559  1520 3003 640  2793 2176 1035 448  1425 812  285  1628 1267 2130 1363 2852 729  2224 1413 374  93   872  807  1414 1713 1930 1991 1062 2305 2172 2569 138  2893 2830 29   2634 313  652  659  1852 1039 46   1451 622  1867 1306 2287 2066 2711 2894 
715  1008 1705 1428 437  1540 1989 1900 1617 1480 189  2584 1305 352  2655 1274 915  2048 1337 2322 1405 656  549  128  2439 632  417  1118 1257 1688 1891 564  2167 1668 2461 2868 2723 606  3007 1698 163  172  487  1244 857  2572 1237 314  1627 958  2081 1706 2503 2462 2927 
1512 1375 672  2365 2142 589  1840 819  680  2541 2120 609  832  1665 868  345  1652 1647 1450 1379 2424 1469 2384 1467 376  111  874  813  1426 1731 1946 2005 1068 2315 2286 2573 174  2885 1146 31   2658 317  668  661  1868 1049 58   1453 626  1871 1318 2293 2078 2713 2902 
935  2268 2015 1596 2915 2916 679  1100 1827 1640 231  2470 777  416  2745 1276 1005 1988 2067 2350 1411 2562 1535 136  2493 638  447  1130 1263 1702 1893 2114 2171 1734 2471 2892 2747 618  3013 1758 167  188  491  1252 859  2588 1249 326  1637 974  2083 1714 2521 2474 2939 
2184 1595 756  2405 2394 925  1536 707  520  2961 2210 621  400  999  884  105  1696 1653 1460 2343 2884 1501 2706 1577 406  123  890  831  1432 1761 1958 2019 2230 2317 2292 2581 186  2899 1158 37   2694 331  692  673  1916 1051 62   1459 634  1873 1322 2297 2098 2719 2906 
1045 2352 2035 1836 275  336  1975 2754 721  1430 399  2680 861  160  1221 1292 1065 2044 2091 2444 2685 688  1537 2886 1633 646  453  1162 1293 1730 1897 2110 2157 2314 2479 2934 2761 642  3017 1842 173  212  499  1268 863  2612 1259 334  1657 982  2087 1718 2531 2498 2953 
2688 1615 1092 2375 2436 1025 1776 625  828  749  1870 651  2990 1029 340  1281 1748 1677 1550 2373 2888 45   2416 1585 144  1655 902  843  1442 1763 234  2021 2242 2271 2422 2587 222  2911 1182 41   2742 337  716  677  1922 1061 74   1471 662  1877 1346 2309 2102 2729 2918 
1105 1344 2125 1386 2945 432  2075 2928 185  1908 763  2530 903  200  1131 500  1443 940  2037 2516 2715 752  603  152  1631 72   1687 1166 1299 1738 1895 636  2177 2318 2427 2534 2759 654  25   1866 179  236  503  1324 877  2636 1277 346  1663 998  2089 1726 2539 2518 2957 
2772 1625 924  2465 2464 1075 1782 35   972  395  216  871  2500 1107 350  1311 820  1659 1660 2379 2924 63   2512 1503 410  1661 90   1717 1448 1765 276  2033 1098 2321 2438 2559 2678 2921 1194 43   2766 347  722  683  1948 1063 82   1481 674  1879 1354 2311 2122 2731 2942 
1235 2112 2185 1638 425  528  2225 288  205  2028 655  552  913  140  1209 550  1491 1060 2109 2492 2739 848  639  130  2523 658  1691 126  1745 198  1915 666  2173 1746 2483 2536 2661 2774 49   1878 181  242  509  1348 881  2644 1279 358  1667 1006 2099 1754 2543 2554 2963 
1848 1885 1176 2585 2604 1175 1904 55   882  415  168  835  888  1007 460  1407 740  1743 1580 2397 2950 99   2608 1557 418  129  904  1727 156  1769 294  2041 1164 2323 2316 2599 2686 2841 2834 47   2778 349  724  691  1964 1069 86   1483 694  1889 1366 2333 2126 2741 2962 
1495 1764 2255 1932 325  648  2425 252  215  2124 685  594  917  510  1099 580  1533 1150 2121 2528 2751 944  657  154  2529 664  471  1178 1751 228  1903 708  2189 1788 2489 3006 2773 2776 2991 3002 191  244  521  1388 883  2692 1283 362  1669 1018 2111 1762 2549 2558 2969 
2376 1955 1248 2635 2646 1325 1968 65   1044 445  264  865  858  1043 1230 1147 850  1749 1690 2403 2890 117  2672 1587 424  141  938  849  1474 1781 306  2045 1206 2327 2364 2603 246  2923 2872 53   2802 353  764  701  1996 1087 94   1487 698  1901 1382 2339 2138 2749 2966 
2275 2304 1435 2052 575  624  2525 396  235  2178 695  696  955  1032 1121 1464 1211 1180 2133 2540 2769 976  711  170  2547 670  489  1192 1317 1778 1909 726  2183 1812 2491 3012 2771 678  121  1902 193  268  523  1396 887  2708 1289 382  1693 1042 2113 1766 2551 2566 2971 
1584 595  1188 2485 2574 1445 2064 85   1116 485  312  869  918  985  1218 1145 1704 1271 1780 2409 2980 147  2768 1611 430  159  946  879  1462 1779 1970 2047 1212 2329 2358 2605 258  2929 1266 59   2874 359  772  709  2012 1091 106  1489 706  1907 1402 2341 2174 2753 2974 
2975 2496 1505 2088 175  912  2575 468  265  2196 745  702  959  1122 1055 1482 1219 1914 1343 2620 2781 1072 747  182  2637 682  501  1208 1329 1742 1919 732  2191 1818 2495 48   2779 762  169  1986 197  284  541  1412 907  2732 1291 386  1697 1046 2129 1774 2557 2578 2999 
2808 665  1224 2555 2652 1475 2106 95   1332 505  378  893  330  1057 1254 1165 1722 1273 2046 1387 2948 75   2864 1629 434  177  962  921  1490 1793 348  2051 1236 2335 2388 2611 282  2933 1338 61   2922 367  788  719  2036 1093 118  1493 718  1913 1418 2347 2182 2767 2978 
1925 1296 1645 2208 245  816  2645 588  295  2412 755  714  949  690  1139 1518 1241 1974 1345 2262 1415 1136 801  184  2763 686  519  1222 1347 1784 1921 738  2195 1854 2497 162  2785 786  289  2022 199  292  547  1436 911  2738 1297 394  1699 1082 2131 1814 2579 2582 3001 
1872 805  1368 2665 2904 1525 2256 115  1452 515  384  895  966  1037 1272 1169 1770 1313 2058 1385 2442 1477 2896 1719 442  183  970  933  1498 1795 342  2059 1284 2353 2466 2615 318  2935 1362 67   2946 373  796  727  2084 1097 122  1499 734  1931 1438 2351 2186 2777 2986 
2695 864  1715 2232 475  1104 2675 612  305  2556 785  744  965  1128 1115 1566 1243 1938 1355 2328 1417 2568 1541 190  2799 710  537  1246 1371 1786 1937 774  2197 1884 2501 36   2807 822  361  2082 211  316  557  1468 919  2764 1301 398  1709 1094 2137 1822 2591 2594 3011 
2448 875  1404 2755 2898 1675 2288 125  1476 535  408  889  984  995  1302 1177 1752 1285 2136 1391 2472 1507 2670 1589 470  201  986  939  1510 1797 1978 2071 1278 2359 2502 2623 354  2941 1374 71   2994 379  844  733  2092 1103 134  1511 746  1933 1454 2357 2194 2789 2998 
1225 792  1855 2244 725  1134 2725 684  335  2628 791  120  973  1242 1133 1554 1247 1992 1349 2346 1441 2616 1561 2910 1643 712  543  1256 1383 1790 1923 2134 2215 1926 2507 24   2813 834  529  2094 223  332  563  1492 929  2804 1303 422  1721 1114 2141 1838 2593 2602 3019 
2592 1015 1632 2765 2952 1775 2544 145  1548 545  456  899  390  1067 1290 1189 1794 1315 2214 1393 2490 1513 2838 1603 324  1673 1010 951  1526 1803 1990 2031 2248 2363 2532 2627 366  2947 1398 73   3018 383  892  739  2164 1109 142  1523 758  1949 1466 2371 2206 2791 3022 
385  936  2065 2484 605  1392 2825 768  355  2844 803  210  979  870  1141 1590 1253 1998 1351 2370 1457 2622 1555 2958 1651 60   1703 1258 1389 1798 1927 2146 2181 2330 2509 30   2827 894  841  2118 227  338  569  1516 937  2836 1307 446  1723 1126 2143 1858 2609 2606 3023 
2736 1085 1656 2795 2976 1805 2576 155  1692 565  546  901  570  1079 1410 1199 1830 1331 2190 1397 2478 1517 2814 1591 192  1679 96   1735 1528 1799 372  2095 2264 2283 2456 2629 402  2951 1434 79   12   389  908  743  2188 1117 146  1531 766  1951 1478 2377 2218 2797 4    
455  1056 2135 2508 845  1232 2925 2156 365  2988 815  798  989  930  1157 1608 1261 2010 1357 2418 1465 2712 1565 2982 1649 84   1711 132  1757 204  1939 804  2201 2338 2433 2542 2815 906  961  2154 229  356  571  1532 941  2876 1319 454  1733 1138 2153 1874 2617 2614 1    
1728 1295 1716 2875 576  1825 2992 2565 1144 635  462  905  1026 1073 1416 1195 1806 1339 2226 1403 2538 1529 2862 1639 1458 1685 108  1739 150  1807 414  2101 1308 2369 2482 2571 2696 2959 1446 83   18   397  916  751  2228 1123 158  1543 778  1973 1486 2381 2234 2801 2    
