3080 2907 2576 3135 2632 1935 572  285  1652 1245 2356 2085 112  2985 2192 963  190  2259 590  123  994  515  2106 815  588  1135 312  1387 1272 1691 2346 1961 126  2249 1068 2533 2364 2855 354  3097 1614 103  50   431  1052 797  2396 1187 202  1597 842  2027 1574 2447 2362 2897 
1989 1960 2997 952  1125 1216 2975 1276 915  1988 1605 2852 2505 976  507  1156 1587 410  2979 806  327  1178 679  3078 955  1452 1267 690  1561 1830 1841 2910 2123 522  2419 1746 2669 48   2983 1002 5    2382 257  452  607  1684 991  3076 1409 502  1801 1202 2251 1966 2689 2798 
2800 2277 700  627  2744 2115 836  345  1666 1265 2366 2235 176  45   2224 981  232  2313 598  129  1016 535  2256 835  612  1141 270  1393 1290 1703 2370 1967 150  2257 1164 2537 2388 2863 366  3101 1626 107  52   433  1058 809  2404 1193 206  1601 862  2029 1594 2459 2374 2903 
1287 2380 1089 910  1173 1856 2275 1312 885  2044 1615 2884 2595 1072 531  1444 1611 418  3033 808  339  1192 685  252  965  1476 1261 750  1577 1806 1843 2886 2147 558  2429 1788 2681 162  2987 942  7    2406 263  508  613  1724 997  3092 1423 514  1811 1214 2267 1982 2693 2818 
2240 2673 980  759  2170 1593 748  375  1694 1335 2444 2255 208  75   2384 1017 230  2367 610  141  1022 537  1378 851  684  1145 378  1397 1302 1717 2418 1969 156  2279 1098 2545 2466 2867 402  3103 1662 109  68   439  1076 811  2428 1201 214  1607 866  2039 1618 2467 2386 2909 
1683 1820 2601 1330 1131 320  1729 1364 1005 2068 1635 2888 2685 1136 549  2116 1629 424  3123 814  381  1208 681  1448 985  1548 1271 798  1555 1896 1835 2958 2149 564  2435 1812 2701 36   2993 978  11   2454 269  524  617  1732 1009 16   1427 526  1823 1226 2269 1994 2699 2846 
1120 2871 1568 783  2530 1491 460  2121 1748 1085 2516 2135 272  207  2416 1083 238  2421 632  159  1030 543  1370 789  1558 1147 210  1403 1326 1727 2424 1981 132  2263 1206 2561 2502 2869 426  3107 1686 113  76   443  1084 821  2452 1213 218  1609 878  2053 1622 2473 2402 2917 
1881 560  1521 770  1209 1472 1869 940  2343 2132 1645 2112 2765 1168 603  40   1719 430  81   824  393  1222 687  1462 921  1630 1273 858  1565 1938 1865 3048 2155 636  2443 1818 2705 24   2995 1038 13   2514 271  548  619  1756 1013 6    1429 538  1831 1234 2273 2018 2707 2854 
1400 3069 1792 741  2590 1581 500  2093 1450 2667 2528 2345 1056 725  2512 1143 248  2439 638  177  1034 545  1384 807  1562 1047 1784 1405 1416 1735 2442 1985 198  2285 1212 2563 2532 2881 438  3113 1758 127  92   449  1108 823  2468 1217 226  1613 886  2063 1642 2477 2426 2927 
2223 1904 2145 1624 1269 2368 1771 2880 2387 2050 2877 2924 2905 1404 1519 88   1737 434  15   854  411  1246 695  1474 933  1634 1167 1834 1585 1914 1853 2982 2159 666  2449 1854 2723 30   3007 1074 17   2526 277  556  631  1772 1019 8    1433 542  1847 1238 2281 2026 2711 2858 
1540 1053 896  765  2926 2175 884  2233 2160 2717 2540 3021 368  605  1836 2107 250  2493 646  201  1048 559  2544 865  1576 1059 1786 1299 1946 1739 2472 1991 228  2291 1236 2567 2676 2893 474  3127 1698 131  98   457  1124 827  2476 1223 254  1619 898  2069 1646 2503 2434 2939 
2691 2660 297  1736 1215 1984 3015 1352 2737 1440 3059 2890 99   1264 1573 2700 2989 442  21   830  417  1256 707  288  995  1688 1191 1846 1401 2054 1883 3030 2167 708  2453 1884 2735 42   3005 1086 19   2586 281  578  641  1796 1021 10   1439 554  1861 1262 2287 2038 2713 2866 
1760 1377 2450 897  2618 2385 644  435  1804 2821 2640 931  80   243  2608 2303 1080 161  664  183  1054 553  660  871  768  1157 1790 1317 1930 1563 2158 2021 204  2305 1278 2569 2682 2885 498  3131 1842 137  116  461  1132 829  2524 1229 262  1621 914  2081 1654 2521 2446 2953 
2457 2320 351  1190 1311 2624 405  1078 1065 2144 637  1800 847  1250 639  104  2401 1320 259  856  415  1536 713  1530 1007 1692 1313 1864 1437 2056 1713 2248 2165 726  2455 1926 2743 54   3013 1146 23   2598 283  596  643  1828 1031 14   1447 562  1867 1282 2293 2042 2719 2878 
2200 2331 3100 957  2210 1463 928  465  1708 1375 1728 833  3120 1421 2672 1179 286  203  2040 343  912  565  2754 869  2580 1159 330  1411 1958 1569 2152 1839 2318 2315 1284 2573 2718 2899 534  3133 1866 139  124  463  1172 839  2564 1231 274  1627 922  2083 1658 2531 2458 2957 
819  2480 441  1640 1029 2752 3075 1204 935  3024 1705 864  1127 1980 1813 110  1773 470  253  720  427  1776 721  1710 1003 1908 1333 870  1589 2074 1731 2264 1959 2422 2479 1956 2747 66   3017 1158 29   2634 293  604  647  1844 1033 22   1451 566  1871 1286 2297 2062 2729 2894 
2720 2541 520  609  2470 1533 968  555  1862 1495 2016 2365 1224 1183 2400 2527 290  2529 658  377  960  581  780  889  2790 1169 384  1417 1410 1757 2162 1851 2330 2103 2506 2581 2724 2911 582  25   1878 149  148  467  1228 853  2572 1237 278  1637 926  2087 1678 2539 2462 2963 
2079 2560 189  1430 1113 3008 1875 1274 1095 2204 1955 1512 2795 1656 1859 3060 77   472  27   826  437  480  731  1650 1027 2124 1285 888  1603 1992 1891 2266 1977 2410 2253 2630 2759 78   3031 1182 31   2658 307  628  653  1852 1039 26   1453 586  1873 1294 2309 2066 2731 2902 
2080 2499 640  651  2680 1547 992  615  1876 1455 2596 2375 2856 775  1428 2783 1560 187  670  213  1066 583  630  893  240  1177 408  1415 1464 1745 2478 2005 2338 2127 2510 2427 2698 2921 606  49   1902 151  164  479  1244 857  2588 1249 298  1657 934  2089 1706 2543 2474 2969 
693  2960 231  1720 1221 160  1887 1316 1045 2212 1695 2948 2945 1764 1775 2232 119  2280 287  872  445  1968 737  1740 1037 2028 1315 918  1591 1974 1895 3066 2173 2456 2271 2648 2559 2782 3035 1194 37   2694 311  652  659  1868 1049 34   1459 614  1877 1306 2311 2078 2741 2906 
2600 2583 680  777  2840 1599 490  2187 1888 1515 2656 2265 464  845  1386 2525 2574 217  2970 371  1104 589  1020 913  2820 1189 456  1441 1482 1751 2538 2033 234  2317 2522 2433 2702 2661 2872 121  1986 157  172  487  1252 859  2612 1259 302  1663 958  2099 1714 2549 2498 2971 
1071 800  273  1870 1239 200  1947 950  2379 2254 1885 2996 2715 1328 1805 2208 3125 2964 301  1200 469  540  749  1860 1043 2178 1337 930  1631 1998 1897 3090 2177 732  2461 2662 2571 2786 2841 2984 41   2742 313  668  661  1916 1051 38   1471 622  1879 1318 2333 2098 2749 2918 
2860 2709 760  837  2750 1647 580  2163 1460 2679 2684 2355 304  261  2768 2575 2646 125  3072 391  900  611  990  901  2850 1207 390  1477 1518 1763 2490 2041 276  2321 1308 2587 2710 2721 2830 2991 3070 163  188  491  1268 863  2636 1277 314  1667 974  2111 1718 2551 2518 2999 
1197 1100 357  1880 1281 220  1971 1060 2397 2060 2889 3038 2865 1424 657  56   625  2898 235  528  481  840  767  2070 1057 2196 1331 984  1643 2010 1903 144  2171 738  2471 1962 2761 2792 2859 3002 3099 64   317  692  673  1922 1061 46   1481 626  1889 1322 2339 2102 2753 2942 
1600 2793 920  861  2920 1653 550  2193 1550 2703 2620 3051 496  333  2864 1233 266  145  3108 335  1134 629  1050 899  810  1199 510  1457 1554 1769 2568 2045 294  2323 1314 2599 2748 2923 2882 3027 3074 167  212  499  1324 877  2644 1279 326  1669 982  2113 1726 2557 2554 3001 
3003 1280 399  2024 1407 260  2001 1180 2403 2140 2919 2950 117  1552 711  70   1791 488  265  624  473  1890 779  1950 1067 2412 1339 966  1639 2058 1909 3102 2183 774  2483 2004 2771 114  3029 3014 3117 20   331  716  677  1948 1063 58   1483 634  1901 1346 2341 2122 2767 2962 
3040 2961 1000 903  2990 1659 620  2211 1580 2697 2650 3081 512  279  2896 1251 296  2523 682  355  1392 649  1170 917  180  1211 552  1465 1566 1765 2562 2047 306  2327 1356 2603 2796 2929 618  169  3082 173  236  503  1348 881  2692 1283 334  1693 998  2129 1754 2579 2558 3011 
1323 1300 459  2090 1431 340  2013 1150 2409 2150 2937 2980 147  1616 747  128  1899 494  51   874  485  2064 763  2220 1079 2556 1343 1026 1633 2046 1915 324  2189 804  2489 2034 2773 102  3047 1266 43   2766 337  722  683  1964 1069 62   1487 662  1907 1354 2347 2126 2777 2966 
880  3087 1160 987  3128 1677 740  2241 1690 2727 2668 3111 592  363  3056 1341 310  2547 686  219  1096 623  1140 923  300  1219 462  1469 1590 1781 2616 2051 342  2329 1422 2605 2826 2933 642  289  2022 179  242  509  1388 883  2708 1289 346  1697 1006 2131 1762 2591 2566 3019 
1449 1700 429  2120 1353 140  2067 1210 2451 2180 3009 3020 153  1648 801  130  2007 506  39   890  447  1258 781  2250 1073 2628 1345 1032 1649 2130 1919 192  2191 846  2495 2076 2779 138  3043 1338 47   2778 347  724  691  1996 1087 74   1489 674  1913 1366 2351 2138 2789 2974 
1040 567  1240 969  2968 1767 812  2301 1660 2751 2740 3129 656  387  3088 1359 322  2637 710  237  1070 573  1390 943  450  1243 546  1501 1608 1793 2670 2059 372  2335 1494 2611 2868 2935 654  361  2082 181  244  521  1396 887  2732 1291 358  1699 1018 2137 1766 2593 2578 3023 
1617 1900 483  2360 1419 224  225  1372 2431 2260 2943 3050 171  1712 867  152  2043 518  33   904  453  1270 699  1490 1081 2844 1349 1110 1651 2136 1921 1458 2195 852  2491 2148 2785 174  3053 1362 53   2802 349  764  701  2012 1091 82   1493 694  1931 1382 2357 2174 2791 2978 
1360 891  1480 1001 400  1749 868  645  1952 2739 2716 729  688  369  100  1413 328  2763 712  249  1090 579  1394 813  1570 1241 594  1513 1674 1795 2622 2077 348  2353 1524 2615 2892 2941 678  529  2094 191  268  523  1412 907  2738 1297 362  1709 1042 2141 1774 2609 2582 3037 
1701 2300 513  2440 1309 380  2091 1484 1105 2272 1905 3052 2895 1744 873  136  2061 530  57   902  471  1298 717  1498 939  1670 1351 1128 1655 2214 1937 60   2197 876  2497 2166 2807 186  3065 1374 59   2874 353  772  709  2036 1093 86   1499 698  1933 1402 2371 2182 2797 2986 
1520 2349 2156 999  2500 1743 650  2337 1892 1295 2756 2445 752  477  196  1467 344  2799 730  267  1102 591  1406 831  1582 1077 1798 1507 1704 1799 2706 2071 414  2359 1572 2623 2934 2947 762  841  2118 193  284  541  1436 911  2764 1301 382  1721 1046 2143 1814 2617 2594 3041 
1827 2420 621  1750 1443 352  2037 1220 2553 2236 1715 3068 2915 1808 909  154  2097 536  69   938  489  1310 723  1510 951  1702 1203 1886 1661 2190 1939 72   2201 948  2501 2172 2813 222  3073 1398 61   2922 359  788  719  2084 1097 94   1511 706  1949 1418 2377 2186 2801 2998 
1840 1539 2548 1023 2870 1809 820  2247 1780 2781 2788 2485 1248 925  256  1503 370  2817 742  291  1106 597  1414 843  1586 1101 1802 1329 1970 1807 2712 2095 444  2363 1602 2627 3006 2951 786  961  2154 197  292  547  1468 919  2804 1303 386  1723 1082 2153 1822 2621 2602 3049 
1911 2900 561  1610 1479 308  2109 1340 2607 2312 1855 792  3115 1716 1825 182  2151 568  87   946  493  1304 745  1526 993  1730 1227 1898 1461 2086 1927 84   2215 954  2507 2286 2815 246  3071 1434 67   2946 367  796  727  2092 1103 106  1523 718  1951 1438 2381 2194 2803 3022 
2000 1863 280  1107 3010 1833 850  2289 1850 2769 2812 2465 1188 1025 1596 2645 374  2853 776  303  1112 633  1426 849  1592 1119 1810 1347 1978 1623 2168 2101 486  2369 1644 2629 3012 2959 822  1369 2202 199  316  557  1492 929  2836 1307 394  1733 1094 2161 1838 2633 2606 3061 
1953 440  663  2030 1551 350  2133 1376 2613 2324 1965 3104 3055 504  1975 2244 35   584  93   962  497  1334 753  1528 1011 1738 1257 1910 1473 2104 1761 2270 2219 996  2509 2292 2827 258  3077 1446 71   2994 373  844  733  2164 1109 118  1531 734  1973 1454 2383 2206 2819 3046 
2288 2511 616  1161 3094 1917 860  2261 1940 2829 2828 2405 1008 1075 1638 2675 2652 95   754  309  1118 635  1432 879  1598 1137 1816 1371 1990 1641 2198 1857 2344 2395 1668 2651 3114 2965 834  1681 2238 211  332  563  1516 937  2876 1319 398  1741 1114 2179 1858 2647 2614 3067 
2835 1496 3105 2002 1305 364  2139 1420 2639 2332 2015 1848 325  672  2057 2394 55   2976 295  986  501  1342 755  1534 1041 1742 1263 1912 1497 2110 1779 2278 1983 2438 2513 2316 2831 282  3085 1506 73   3018 379  892  739  2188 1117 122  1543 746  1979 1466 2389 2218 2833 3062 
2992 1365 2432 1035 784  2325 988  2373 2020 2847 2842 2635 2268 1175 1932 2725 2664 205  576  365  1162 655  2832 895  1606 1149 1826 1383 2006 1671 2216 1893 2354 2157 2536 2641 3084 2977 894  1849 2274 223  338  569  1532 941  2908 1321 422  1747 1126 2203 1874 2657 2638 3079 
1575 1672 2625 2552 1275 392  3025 1504 2619 2350 2967 3116 275  756  2075 2436 65   3036 305  648  505  1782 785  396  1055 1778 1293 1918 1509 2114 1797 2282 2019 2482 2283 2666 2839 318  3091 1542 79   3054 383  908  743  2228 1123 134  1549 758  1987 1478 2393 2234 2837 3086 
2816 1785 1976 315  1936 2535 1036 715  1972 2849 2780 63   848  1445 1944 2825 2784 155  2916 395  1488 667  2928 905  828  1165 1832 1389 2008 1689 2222 1923 2378 2181 2534 2463 2714 2981 906  2209 2298 227  356  571  1556 947  2932 1327 446  1753 1138 2207 1882 2659 2642 3083 
2205 1664 1155 2944 1395 476  135  1564 665  1872 539  1024 2955 2032 2009 2484 85   3096 299  816  511  600  791  468  1099 2988 1355 1928 1527 2134 1803 2290 2031 2486 2307 2674 2577 2806 3095 1578 83   3126 389  916  751  2252 1129 142  1553 766  1993 1486 2399 2246 2843 3098 
1144 1995 2392 525  2704 2655 1012 455  1584 1435 2496 2555 944  423  484  2597 2904 185  336  403  360  671  1350 959  972  1195 696  1517 2014 1707 2230 1929 2390 2199 2542 2469 2726 2733 2914 2809 2334 229  388  577  1588 953  2956 1361 454  1759 1142 2213 1894 2663 2654 3089 
945  1768 3045 2728 1425 416  1225 2376 805  2448 2035 936  175  2096 927  170  91   3132 323  1680 517  2730 799  2430 1111 3042 1357 1122 1673 2146 1821 2294 2049 2488 2319 2678 2589 2794 2901 3026 97   12   397  932  757  2276 1151 146  1559 778  1997 1502 2411 2258 2851 3106 
1408 2415 2584 735  704  2745 1184 595  2808 1505 2304 2585 1368 1325 676  1557 376  215  432  407  2100 697  1380 949  882  1205 702  1535 1752 1817 2242 1941 2398 2217 2546 2481 2758 2757 2930 3039 3110 233  404  587  1604 967  2972 1367 458  1777 1154 2221 1906 2671 2722 3109 
2925 2176 2025 3016 1665 532  165  1508 875  2592 2065 1152 245  1824 2023 184  2169 574  319  1260 527  2310 793  2460 1121 168  1363 1242 1685 2226 1943 2314 2073 2494 2361 2686 2631 2810 2913 3032 9    28   401  956  761  2284 1153 158  1567 794  1999 1514 2417 2302 2857 3118 
2464 2565 728  825  448  2775 1148 705  1924 1595 1296 2665 1632 1475 2052 2873 406  2883 782  451  2940 689  1470 979  1044 1255 714  1529 1722 1819 2838 2105 2414 2229 2570 2487 2770 2787 2936 3057 3112 239  412  593  1636 971  3004 1373 466  1783 1174 2237 1934 2677 2734 3119 
1755 1232 675  2072 1725 544  195  1628 1015 2736 2125 2688 475  924  2225 2508 115  602  111  970  533  420  803  2550 1133 216  1385 1218 1679 2262 1945 96   2231 2504 2391 2690 2643 2822 2931 3034 3    32   409  964  769  2308 1163 166  1571 802  2003 1522 2423 2306 2861 3134 
3136 2295 1064 975  1088 1925 1292 795  2048 1625 2772 2755 2352 1525 2088 2891 2952 221  790  321  1130 703  1500 973  1116 1247 744  1541 1770 1837 2814 2117 492  2407 2626 2517 2774 2811 2938 3063 3122 241  428  599  1676 977  3028 1381 478  1787 1186 2239 1942 2683 2746 3121 
2475 1456 495  2296 1815 608  105  1612 1185 2336 2185 2184 425  1092 2299 2340 133  2760 329  1010 519  1336 817  2610 1139 120  1379 1230 1687 2322 1957 90   2227 1014 2515 2696 2649 2824 2949 3058 89   18   419  1004 773  2348 1171 178  1579 818  2011 1538 2437 2326 2879 4    
2912 2805 1288 855  832  2695 1196 385  2108 1545 2848 2875 1344 1675 2142 209  1920 247  3000 413  1166 669  1442 989  1332 1253 570  1537 1794 1829 2862 2119 516  2413 1734 2653 2776 2823 2954 3093 3130 251  436  601  1682 983  3044 1399 482  1789 1198 2243 1954 2687 2762 1    
1485 2128 585  2408 1845 736  255  1696 1235 2492 2055 3124 575  1176 2425 2604 143  2520 341  1620 551  1358 771  1544 1115 264  1391 1254 1711 2328 1963 108  2245 1062 2519 2358 2845 2834 2973 3064 101  44   421  1028 787  2372 1181 194  1583 838  2017 1546 2441 2342 2887 2    
