3024 1265 1344 2915 3108 2825 252  415  2816 2835 1408 945  1976 1785 3224 765  532  2325 1276 255  1804 1455 2356 2121 3116 2715 2032 117  238  1467 670  3231 1102 471  1544 1119 1978 1821 2414 2577 2822 3    64   281  604  643  1852 1033 10   1453 562  1877 1286 2333 2066 2753 2906 
3025 2856 2035 1428 1075 1488 215  1692 635  1144 1575 1664 1155 2944 3045 1984 1665 928  3225 1612 705  2108 1833 2812 2355 592  3009 1444 711  470  2367 890  201  1342 789  1790 1461 2230 2199 2666 3027 3074 131  124  461  1228 839  2588 1237 262  1657 922  2099 1678 2551 2474 3001 
2016 1375 1764 2945 3036 3125 288  445  2844 755  1496 1995 2176 1365 1936 855  476  2385 1292 345  1876 1515 2492 2133 3124 2727 2096 153  248  1503 682  81   1106 489  1558 1137 1990 1839 2422 2589 2824 7    2658 283  628  647  1868 1039 14   1459 566  1879 1294 2339 2078 2767 2918 
715  3192 2125 1638 1175 1536 235  1908 655  378  905  1768 2415 2584 315  2368 1425 992  405  1628 795  2144 1887 2828 2379 656  3021 2116 747  472  2421 902  213  1370 807  1798 1473 2242 2217 2674 3039 3082 137  148  463  1244 853  2612 1249 274  1663 926  2111 1706 2557 2498 3011 
1512 1495 504  3145 3132 3175 396  469  2988 785  696  973  2432 2625 2704 825  644  2535 1312 285  1888 1545 2366 2139 3140 2739 2192 171  250  1557 686  15   1112 501  1562 1149 2006 1851 2438 2631 2830 11   2694 293  652  653  1916 1049 22   1471 586  1889 1306 2341 2098 2777 2942 
935  1008 2185 2436 1325 1776 265  2028 671  384  917  270  1139 2728 525  2624 1815 1036 1875 1564 915  2204 1905 2842 2403 688  3051 1156 801  488  2439 904  219  1378 813  1802 1497 2248 2229 2678 3057 3110 139  164  467  1252 857  2636 1259 278  1667 934  2113 1714 2579 2518 3019 
2184 1595 672  3055 3234 625  468  485  3042 791  180  1043 570  1219 704  1035 608  2655 1316 375  1892 1581 2444 2187 3146 2751 2224 207  266  1587 710  21   1118 519  1570 1167 2008 1857 2456 2643 2834 17   2742 307  668  659  1922 1051 26   1481 614  1901 1318 2347 2102 2789 2962 
1045 2268 2255 1596 1445 1782 295  2156 685  408  943  330  1141 1230 1333 3008 1725 1078 225  1652 1005 2212 1917 2848 2445 752  3081 40   867  494  2493 946  237  1390 831  1810 1509 2264 2253 2686 3063 3112 149  172  479  1268 859  2644 1277 298  1669 958  2129 1718 2591 2554 3023 
2688 1615 756  3245 3072 35   612  505  3204 815  702  1057 750  1241 1566 1385 572  2745 1352 435  1924 1605 2516 2163 3172 2781 2384 243  286  1611 712  27   1130 537  1576 1191 2014 1893 2482 2649 2872 13   2766 311  692  661  1948 1061 34   1483 622  1907 1322 2351 2122 2791 2966 
1105 1848 2375 1932 1475 1968 299  2124 679  456  955  888  1157 1272 1285 1896 1513 1012 105  1696 885  2236 1869 2852 2409 848  3111 56   873  506  2523 938  249  1384 843  1816 1527 2266 2271 2690 3093 3122 151  188  487  1324 863  2692 1279 302  1693 974  2131 1726 2593 2558 3037 
2772 1625 924  325  576  55   588  493  810  869  714  995  1032 1195 1608 1391 2058 1591 1364 555  1952 1635 2528 2193 3164 2769 2416 261  296  1629 730  33   1178 543  1582 1203 2054 1923 2486 2661 2882 19   2778 313  716  673  1964 1063 38   1487 626  1913 1346 2357 2126 2797 2974 
1235 2352 2405 2142 1525 1904 305  2178 697  1470 949  918  1135 1302 1315 1914 1501 2472 1691 1666 1065 2254 1947 2884 2451 944  3129 88   909  518  2529 962  267  1394 849  1826 1563 2270 2283 2696 3099 3130 157  212  491  1348 877  2708 1283 314  1697 982  2137 1754 2609 2566 3041 
3168 1885 1176 275  2916 65   684  497  880  871  300  1067 1128 1205 1674 1393 2190 1603 2838 1781 1972 1599 2350 2211 3196 2829 2512 279  290  1719 742  51   1162 573  1586 1227 2056 1929 2488 2721 2914 23   2802 317  722  677  1996 1069 46   1489 634  1931 1354 2371 2138 2801 2978 
2275 792  2465 2394 1675 2064 319  2790 703  1540 989  210  1147 1326 1337 1938 1507 2490 1703 3090 1891 2020 1971 2888 2505 976  3165 104  927  530  2547 970  303  1406 879  1832 1569 2278 2307 2698 3117 3154 163  236  499  1388 881  2732 1289 326  1699 998  2141 1762 2617 2578 3049 
2376 1015 1824 425  3136 85   768  511  1040 2907 980  1073 1122 1247 1590 1397 2226 1633 2814 1793 60   1957 2540 2241 3212 2865 2608 333  310  1737 754  57   1166 579  1592 1257 2074 1941 2494 2733 2930 29   2874 331  724  683  2012 1087 58   1493 662  1933 1366 2377 2174 2803 2986 
2975 864  2135 2574 1775 2106 301  2820 707  800  2277 1190 1159 1410 1339 1974 1517 2478 1717 3144 1897 234  2047 2890 2553 1072 3171 110  963  536  2637 986  291  1414 921  1834 1623 2282 2319 2702 3147 3170 167  242  503  1396 883  2738 1291 334  1709 1006 2143 1766 2621 2582 3061 
2808 1085 1836 2905 432  95   828  527  1520 3213 2900 891  1750 1243 1704 1403 2262 1639 2862 1799 90   1961 486  2149 3232 2847 2672 369  322  1773 776  39   1192 591  1598 1263 2086 1959 2504 2757 2936 31   2922 337  764  691  2036 1091 62   1499 674  1949 1382 2381 2182 2819 2998 
1925 936  2345 2652 1805 2256 323  3150 713  1100 1449 1240 2997 2632 1343 1992 1529 2538 1711 3162 1903 228  2051 732  2197 1136 3201 70   981  568  2763 994  309  1426 933  1846 1641 2290 2361 2710 3153 3176 173  244  509  1412 887  2764 1297 346  1721 1018 2153 1774 2633 2594 3067 
1872 1295 1944 3115 528  91   2430 517  2240 1989 3100 2331 2090 351  3010 1417 2322 1631 2886 1817 84   1963 492  2155 996  2263 2768 363  328  1791 782  87   1208 597  1606 1293 2104 1977 2506 2787 2938 37   2946 347  772  701  2084 1093 74   1511 694  1951 1402 2383 2186 2833 3022 
2695 1152 2365 2784 1825 2544 329  2850 731  1960 2673 1640 3087 2750 621  2752 1535 2568 1727 3186 1895 276  2059 738  2201 1284 2359 128  1017 574  2799 1010 321  1432 939  1864 1671 2294 2391 2714 3183 3178 179  268  521  1436 907  2804 1301 358  1723 1042 2161 1814 2647 2602 3079 
2448 1435 2052 175  624  115  972  533  3080 2223 2450 1053 2120 273  3190 663  736  1643 2910 1807 96   1967 516  2159 1014 2291 1572 2449 344  1899 790  69   1222 633  1630 1299 2110 1983 2510 2811 2954 41   2994 349  788  709  2092 1097 82   1523 698  1973 1418 2389 2194 2837 3046 
3185 1056 2485 2904 1975 2128 335  2196 767  2380 2871 1330 2511 2840 483  160  861  550  1739 3210 1909 306  2071 774  2215 1278 2363 1818 2497 584  2817 1016 327  1442 951  1886 1689 2314 2427 2726 3189 3182 181  284  523  1468 911  2836 1303 362  1733 1046 2179 1822 2657 2606 3083 
1584 1505 2088 245  648  125  882  515  168  893  280  1863 2030 297  3230 777  220  987  850  1829 108  1969 522  2165 1062 2305 1602 2453 2076 2561 808  93   1246 669  1634 1317 2114 2019 2522 2823 2984 47   3018 353  796  719  2164 1103 86   1531 706  1979 1438 2393 2206 2843 3062 
1225 1188 2555 2952 2075 2288 355  2412 695  462  1003 770  1521 2590 759  200  897  580  1209 1210 1919 294  2077 846  2219 1308 2369 1884 2501 2388 2611 1030 339  1448 993  1898 1707 2318 2433 2758 3207 3206 191  292  541  1492 919  2876 1307 382  1741 1082 2203 1838 2659 2614 3089 
2592 1645 2208 475  336  145  1116 535  216  835  744  1079 2170 429  400  741  350  1107 860  1311 1580 1991 564  2167 1068 2315 1644 2455 2148 2563 2724 2701 1256 681  1670 1329 2134 2031 2534 2841 3002 43   3054 359  844  727  2188 1109 94   1543 718  1987 1454 2399 2218 2851 3086 
385  1224 2585 2604 2225 2576 365  2548 737  546  965  966  1177 2744 561  140  969  490  1173 1220 1479 2050 2101 804  2227 1314 2395 1854 2507 2364 2615 3012 2779 1462 1011 1910 1713 2330 2463 2770 9    3208 193  316  547  1516 929  2908 1319 386  1747 1094 2207 1858 2663 2638 3109 
2736 1705 1092 575  816  143  1044 545  312  865  798  1055 1218 1255 784  783  460  1131 940  1353 1660 1647 2620 2171 1098 2317 1668 2461 2166 2567 2748 2705 162  2855 1688 1347 2146 2049 2536 2859 3014 53   3126 367  892  733  2228 1117 106  1549 734  1993 1466 2411 2234 2857 3098 
455  1368 2635 2464 2425 2754 341  2556 721  552  979  984  1145 1416 1345 224  999  620  1221 1340 1491 2060 2001 2924 2231 1356 2407 1956 2509 2466 2623 3084 2785 102  2929 1912 1731 2338 2469 2774 25   2118 197  332  557  1532 937  2932 1321 394  1753 1114 2213 1874 2671 2642 3119 
1728 1715 2484 725  912  155  1332 551  1360 889  450  1081 1254 1253 1752 1405 748  1029 950  1419 1690 1653 2596 2235 1024 2321 1734 2471 2172 2569 2796 2723 36   2867 318  2983 2152 2073 2542 2901 3026 59   3138 373  908  739  2252 1123 118  1553 746  1997 1478 2417 2246 2861 3106 
595  1248 2755 2646 2525 2832 343  2860 1197 1280 959  390  1169 1290 1349 1998 1537 650  1239 1420 1533 2140 2037 2948 2595 1168 2413 1926 2513 2502 2627 3114 2807 114  2933 474  3035 2344 2481 2776 49   2154 199  338  563  1556 941  2956 1327 398  1759 1126 2221 1882 2677 2654 3121 
2112 1855 2232 605  1104 133  2460 553  1840 693  520  1099 870  1261 1722 1411 2328 1661 1060 1407 1780 1659 2650 2247 176  2877 2864 2479 2286 2573 2826 2735 24   2881 282  2987 762  3091 2546 2913 3032 61   3246 379  916  743  2276 1129 122  1559 758  1999 1486 2423 2258 2879 3118 
665  1404 2765 2964 2575 2928 371  3040 2457 1700 1617 1480 1199 1464 1355 2046 1541 2562 1751 1450 1551 2150 2013 2950 2613 1250 3219 130  2519 2532 2629 3156 2813 138  2935 534  3043 1002 3143 2782 121  2202 211  356  569  1588 947  2972 1361 422  1777 1138 2237 1894 2683 2722 3137 
2496 1955 2508 775  1134 185  1452 559  2000 819  640  2499 2360 1267 1794 1415 2418 1649 2982 1819 1850 1743 2668 2289 80   2889 2896 387  370  2581 2892 2743 30   2869 354  2993 786  3097 1266 3205 1758 67   12   383  932  751  2284 1151 134  1567 766  2003 1502 2437 2302 2887 3134 
805  1716 2875 2912 2645 2992 377  840  779  2300 1701 1430 567  2920 1351 2136 1555 2616 1735 3198 1921 2180 2067 2980 2607 1328 3243 136  1083 590  2641 3174 2827 174  2941 582  3047 1038 3149 1542 169  2238 223  388  571  1604 953  3004 1367 446  1783 1142 2239 1906 2687 2734 3163 
2304 2065 2244 925  1232 2925 1568 583  420  899  440  2583 2210 231  2500 1441 2346 1651 2958 1835 126  2021 2656 2301 112  2895 3056 423  374  2007 806  2747 42   2885 366  2995 822  3101 1338 3215 1842 71   18   389  956  757  2308 1153 142  1571 778  2011 1514 2441 2306 2897 3142 
875  1632 2665 2898 2675 3248 2475 728  781  1820 1377 1672 441  2990 609  260  1561 2622 1745 144  1915 342  2095 2996 2619 1264 3237 152  1143 598  2853 1022 2815 186  2947 606  3053 1074 3151 1578 289  2274 227  404  577  1636 967  3028 1373 454  1787 1154 2243 1934 2689 2746 3167 
1296 2015 1386 845  1392 187  1792 1485 952  1881 910  2349 2392 357  320  837  380  1673 3048 1837 156  1981 558  2173 208  2919 3088 477  376  2043 814  123  1258 2893 402  3005 834  3103 1362 3223 1866 73   20   397  964  761  2348 1163 146  1579 794  2017 1522 2447 2326 2903 3158 
1001 1656 2795 2976 2725 3078 391  896  1755 1288 3069 1610 1089 3016 627  340  903  740  1757 324  1927 348  2105 852  2245 1424 729  154  1179 602  2883 1034 381  1490 2951 618  3065 1086 3155 1614 361  2298 229  412  587  1676 971  3044 1381 458  1789 1174 2251 1942 2693 2762 3169 
2880 2387 2664 1025 1456 205  1548 565  616  2295 1624 1539 2296 3135 3094 957  500  1113 1150 1841 132  1985 636  2177 1164 2323 3152 507  406  2061 824  111  1298 687  1702 3007 894  3107 1374 3227 1878 79   28   401  1004 769  2372 1171 158  1583 802  2027 1538 2459 2342 2909 3166 
1309 2700 539  3096 2783 3216 395  2628 745  1064 2145 2072 2805 2968 495  364  1023 820  1269 1460 1937 372  2117 948  2249 1422 2419 170  1233 610  2979 1048 411  1474 1041 1918 3071 1146 3161 1626 529  2334 233  428  593  1682 977  3076 1399 466  1801 1186 2267 1954 2699 2798 3181 
2160 2431 2280 1859 2520 209  1476 581  264  895  1736 2565 2408 2025 448  1125 812  1161 1180 1431 1940 2033 666  2189 1206 2327 1746 2483 410  2097 826  129  1270 699  1730 1371 2162 3113 1398 3233 1902 83   32   409  1028 773  2396 1181 166  1597 818  2029 1546 2467 2362 2917 3194 
1463 1080 847  540  2873 1680 403  3180 749  594  985  2002 3105 2618 675  308  1845 1184 1281 1550 1593 2260 2119 876  2257 1494 2429 1962 2533 632  3033 1054 393  1498 1047 1928 1761 2378 3173 1662 841  2382 239  436  599  1684 983  3092 1409 478  1811 1198 2269 1966 2707 2818 3187 
3120 2737 720  2009 1350 221  1260 589  2320 901  858  1115 2552 585  1088 1215 836  3015 1376 1443 1988 1677 2684 2183 1212 2329 1788 2489 2292 2587 830  141  1304 717  1738 1383 2158 2103 2570 3239 1986 89   44   419  1052 787  2404 1187 178  1601 838  2039 1574 2473 2374 2927 3202 
1771 1560 931  600  2891 1760 437  1890 793  2660 1037 1026 1165 2926 975  352  1935 1148 135  1694 1095 2272 1965 3038 2279 1524 2435 2004 2515 2676 2651 1066 417  1510 1059 1930 1779 2354 2487 2786 961  2406 241  452  601  1724 991  3148 1423 482  1823 1202 2273 1982 2711 2846 3191 
3240 2849 1200 2023 1380 203  2550 611  630  913  2205 1111 1242 1271 1216 1275 868  2775 1372 465  2048 1695 2716 2265 272  2335 1812 2491 2316 2599 2868 2759 1310 723  1742 1389 2168 2127 2626 2931 3034 97   50   421  1058 797  2428 1193 194  1607 842  2053 1594 2477 2386 2939 3214 
1547 1920 1127 660  2989 1950 407  2800 799  3220 1007 510  1189 1482 1357 392  2115 1196 165  1708 1185 2312 2055 3052 2679 1552 2443 2034 2537 2682 2653 3222 2831 1526 1077 1946 1797 2390 2517 2792 1849 2454 251  508  607  1732 997  3188 1427 502  1831 1214 2281 1994 2713 2854 3203 
2640 2821 2970 2107 1500 161  2580 629  1050 923  120  1121 930  1331 1806 1457 884  3075 1484 615  2044 1749 2788 2343 368  2937 3184 2495 2358 2603 2934 2761 54   2899 1778 1401 2198 2157 2630 2949 3058 101  52   431  1076 809  2452 1201 202  1609 862  2063 1618 2503 2402 2953 3218 
1729 3060 1183 990  3211 2200 413  3200 803  560  1027 690  1207 1554 1363 2010 1577 1204 195  1748 1245 2336 2085 3068 2667 1616 45   182  2545 2718 2669 3228 2839 222  2959 1970 1803 2398 2559 2794 1369 2514 257  524  613  1756 1009 3236 1429 514  1847 1226 2287 2018 2719 2858 3209 
1440 2717 1620 2303 1530 217  2600 2079 2480 1287 680  1133 1110 1273 1770 1469 2370 1679 1504 645  2068 1767 2756 2337 464  2943 196  531  418  2605 3006 2771 66   2911 438  3013 2216 2181 2648 2973 3064 103  68   433  1084 811  2468 1213 206  1613 866  2069 1622 2521 2426 2957 3226 
2093 2040 1421 780  2401 2070 427  1600 3003 1900 1827 1720 1211 1518 1379 2130 1589 2670 1763 1862 1335 2324 2091 3020 2703 1648 75   184  1251 638  2681 48   2845 258  2965 642  3073 2410 2571 2806 1681 2526 263  548  617  1772 1013 3244 1433 526  1861 1234 2293 2026 2729 2866 3217 
1800 3059 960  2057 1710 259  2610 623  2560 1071 760  2541 2440 1313 1830 1477 2424 1687 3030 1853 2132 1809 2740 2373 304  2955 256  549  424  2151 856  2773 78   2921 426  3017 906  3127 2662 2991 3070 107  76   439  1108 821  2476 1217 214  1619 878  2081 1642 2531 2434 2963 3238 
2233 3000 1519 1140 3179 2080 451  240  763  1300 1953 1880 2601 2870 1387 2214 1565 2706 1769 192  1939 2332 2109 3050 2697 1712 63   190  1341 646  3123 1070 2863 246  2977 654  3077 1158 3193 2810 2209 2586 269  556  619  1796 1019 16   1439 538  1867 1238 2297 2038 2731 2878 3221 
2340 3157 900  2597 1740 253  2100 649  2960 1323 920  2709 2470 459  832  1465 2442 1655 3066 1843 150  2041 2780 2397 512  2967 100  603  430  2169 854  159  1334 2923 498  3029 942  3131 1434 3241 2022 109  92   443  1124 823  2524 1223 218  1621 886  2083 1646 2539 2446 2969 3242 
2261 2760 1573 1020 77   2220 473  2730 817  2420 1911 1870 189  3160 651  416  1585 2712 1765 1458 1943 414  2123 3104 2685 1744 99   230  1359 658  3141 1090 447  1528 2981 678  3085 1182 3197 1686 2809 2598 271  578  631  1828 1021 6    1447 542  1871 1262 2309 2042 2741 2894 3229 
1980 637  360  2299 1860 247  2940 667  1120 2691 1000 2793 2530 399  1472 1305 968  1685 3102 1865 198  2005 708  2191 496  2985 676  639  434  2259 872  177  1336 753  1784 3031 978  3133 1506 3235 2082 113  98   449  1132 827  2564 1229 226  1627 898  2087 1654 2543 2458 2971 4    
2639 1320 1813 1170 119  2250 481  2310 851  700  3159 2024 3249 3128 735  544  2175 1274 1795 72   1945 444  2147 954  2285 1808 147  232  1413 664  3177 1096 453  1534 1101 1958 3095 1194 3199 1698 5    2634 277  596  641  1844 1031 8    1451 554  1873 1282 2311 2062 2749 2902 1    
2400 833  480  2527 1650 287  2720 689  1400 1683 1160 2961 2680 513  1856 1395 988  3195 1508 1883 204  2045 726  2195 1236 2353 484  657  442  2313 874  183  1358 771  1786 1437 2222 3139 1446 3247 2094 127  116  457  1172 829  2572 1231 254  1637 914  2089 1658 2549 2462 2999 2    
