2340 2737 1620 2989 1740 413  2720 2457 800  1953 1144 1575 2392 3045 832  1395 572  3225 1316 795  2044 1479 2180 2133 3020 2667 1168 3345 128  1017 574  2817 1016 321  1442 951  1910 1707 2330 2481 2786 3309 3286 179  212  523  1388 919  2738 1319 278  1753 958  2221 1726 2683 2566 3163 
1309 1080 847  1170 259  2430 553  880  1323 3328 2835 1768 1155 3128 735  2752 2325 988  345  1652 1245 2212 1833 2740 2373 80   2967 2864 387  322  1899 790  51   1246 633  1670 1317 2146 2049 2546 2931 3058 37   3018 349  722  719  2012 1109 22   1549 614  1997 1322 2423 2126 2887 2978 
2880 2821 960  3283 1760 427  2790 707  1100 2331 1408 2205 2584 3255 1088 1425 644  3285 1352 915  2048 1545 2336 2139 3050 2697 1264 3363 110  1083 584  2853 1022 327  1462 993  1912 1713 2344 2487 2792 3327 3298 181  236  541  1396 929  2764 1321 298  1759 974  2237 1754 2687 2578 3167 
1001 1920 1421 990  287  2550 581  810  779  3100 2793 2024 2625 3016 825  3008 2385 1012 285  1694 1269 2254 1887 2780 2397 176  2955 2896 423  344  2007 806  69   1256 669  1688 1329 2152 2073 2570 2949 3064 41   3054 353  724  727  2036 1117 26   1553 622  1999 1346 2437 2138 2897 2986 
2160 2849 900  2401 1860 469  2850 721  180  817  1160 1539 2552 2415 1216 1665 608  405  1364 999  860  1581 2260 2163 3104 2715 1328 729  130  1143 590  2979 1030 339  1474 1011 1918 1731 2354 2517 2794 3351 3302 191  242  547  1412 937  2804 1327 302  1777 982  2239 1762 2689 2582 3169 
1463 1560 1519 1350 301  2460 623  1040 791  300  889  1720 2997 3224 1035 224  2535 1036 375  1708 1311 1460 1869 2788 2379 272  2985 3056 477  370  2043 808  93   1258 681  1702 1347 2158 2103 2626 2973 3070 43   3126 359  764  733  2084 1123 34   1559 626  2003 1354 2441 2174 2903 2998 
3120 3059 360  77   1950 473  3040 693  1280 851  450  917  2090 441  1856 1725 748  1875 1372 1005 2068 1593 2350 2187 3116 2727 1424 45   136  1179 598  2883 1034 381  1490 1041 1928 1761 2378 2559 2806 3353 2154 193  244  557  1436 941  2836 1361 314  1783 998  2243 1766 2693 2594 3181 
1771 2040 1813 1380 323  1400 1683 2000 1449 440  899  120  1057 2120 189  352  2655 1078 435  1748 1239 1550 1917 2812 2403 208  3009 3088 507  374  2061 814  123  1298 687  1730 1371 2162 2127 2630 2991 3074 47   3138 367  772  739  2092 1129 38   1567 634  2011 1366 2447 2182 2909 3022 
3240 3157 480  91   2070 517  3220 2673 1300 2499 1430 943  330  1159 2530 399  736  225  1376 1023 940  1599 2356 2085 3124 2751 1552 63   152  1233 602  3033 1048 411  1498 1047 1930 1779 2390 2571 2810 9    3310 197  268  563  1468 947  2876 1367 326  1787 1006 2251 1774 2699 2602 3187 
1547 2280 2009 1500 329  2580 629  2128 2277 520  2961 1870 1073 930  1267 2990 609  1184 465  1862 1353 1580 1947 2828 2445 304  3051 3152 531  376  2097 824  111  1270 699  1738 1383 2168 2157 2648 3027 3082 53   3246 373  788  743  2164 1151 46   1571 662  2017 1382 2459 2186 2917 3046 
2640 637  540  119  2080 497  2860 1377 700  2871 1240 1863 1190 1177 1566 1379 3230 759  1484 1065 2108 1647 2366 2193 3146 2781 1616 75   154  1251 610  3123 1054 393  1510 1059 1946 1797 2398 2577 2822 25   2202 199  284  569  1492 953  2908 1373 334  1789 1018 2267 1814 2707 2606 3191 
1729 3300 2023 1404 341  2600 3213 2288 2907 980  3159 770  3321 2170 1273 1914 1469 140  897  1804 1281 1660 1971 2842 2451 368  3021 3184 549  406  2151 826  129  1304 717  1742 1389 2198 2181 2662 3039 3112 59   3282 379  796  751  2188 1153 58   1579 674  2027 1402 2467 2194 2927 3062 
1440 833  600  133  2220 511  1600 1071 2300 3069 280  2349 1330 297  2840 1357 2226 1577 350  1131 950  1659 2444 2211 3140 2739 1648 99   170  1341 632  3141 1066 417  1526 1077 1958 1803 2410 2589 2824 49   2238 211  292  571  1516 967  2932 1381 346  1801 1042 2269 1822 2711 2614 3203 
2093 1320 2107 1530 343  2610 671  2320 1617 640  3267 910  1089 2210 231  3160 1507 2478 1691 620  1407 1690 2001 2848 2409 464  3081 100  603  410  2169 830  141  1310 723  1778 1401 2216 2199 2666 3057 3110 61   3342 383  844  757  2228 1163 62   1583 694  2029 1418 2473 2206 2939 3086 
1800 931  660  161  2200 527  3180 737  1700 2541 1480 891  1610 3249 2680 483  3320 1591 2814 1769 1060 1653 2492 2235 3164 2769 1712 117  184  1359 638  3177 1070 447  1528 1101 1970 1821 2414 2631 2830 121  2274 223  316  577  1532 971  2956 1399 358  1811 1046 2273 1838 2713 2638 3209 
2233 2760 2303 1632 371  2820 667  1536 793  680  3087 1880 1521 2360 273  3190 651  160  1703 3162 1883 1780 2013 2852 2505 496  3111 196  639  418  2259 854  159  1334 753  1784 1437 2222 2217 2674 3063 3122 67   3346 389  892  761  2252 1171 74   1597 698  2039 1438 2477 2218 2953 3098 
2400 3311 780  203  2244 533  3330 749  288  869  1640 2511 1750 351  2750 513  400  777  380  1781 3336 1939 2516 2241 3172 2829 1744 153  182  1413 646  3231 1090 453  1534 1119 1978 1839 2422 2643 2834 289  2298 227  332  587  1556 977  2972 1409 362  1823 1082 2281 1858 2719 2642 3217 
2261 3000 2527 1650 377  1470 689  1776 3275 1548 901  1288 2601 2440 357  3250 627  200  903  580  1853 96   2033 2884 2553 512  3129 256  657  424  2313 856  177  1336 771  1786 1461 2230 2229 2678 3093 3130 71   3352 397  908  769  2276 1181 82   1601 706  2053 1454 2503 2234 2957 3106 
1980 1127 792  217  2250 551  2916 1825 396  265  3204 923  2030 429  2920 561  3290 783  460  1029 1150 1943 234  2123 3196 2847 1808 147  190  1467 658  3303 1096 471  1544 1137 1990 1851 2438 2649 2872 169  2334 229  338  593  1588 983  3004 1423 382  1831 1094 2287 1874 2729 2654 3221 
2639 2970 2597 1656 403  1540 697  1782 625  1692 545  696  1067 2590 459  2870 663  220  969  650  1419 1850 2047 516  2195 592  3165 484  711  430  2367 872  183  1358 789  1790 1473 2242 2253 2686 3099 3154 73   64   401  916  773  2284 1187 86   1607 718  2063 1466 2521 2246 2963 3118 
2700 1183 864  2065 2484 559  240  763  468  295  168  949  210  1189 2470 621  2500 837  490  1107 1180 1677 2528 2147 774  2285 2032 171  230  1503 664  3357 1102 489  1558 1149 2006 1857 2456 2661 2882 529  2382 233  356  599  1604 991  3028 1427 386  1847 1114 2293 1882 2731 2722 3229 
2387 720  2873 1824 2765 2976 679  1968 35   1908 565  714  1079 1110 1271 3010 741  340  957  740  1431 1940 2067 2890 2197 1068 2369 676  747  434  2421 874  201  1342 807  1798 1497 2248 2271 2690 3117 3170 79   3358 409  932  787  2308 1193 94   1609 734  2069 1478 2531 2258 2969 3134 
3060 539  1140 187  2664 3355 432  1975 612  305  216  955  1122 1169 1590 1363 320  861  500  1113 1210 1743 2540 2247 3212 2305 1356 2471 232  1557 670  81   1106 501  1562 1167 2008 1893 2482 2721 2914 361  2406 239  388  601  1636 997  3044 1429 394  1861 1126 2297 1894 2741 2734 3251 
2717 1200 2891 1710 391  2646 925  2064 55   2028 635  702  1055 1272 1313 1938 1477 260  987  820  1443 2020 2037 2888 2595 656  2395 1734 2515 442  2439 890  213  1370 813  1802 1509 2264 2283 2696 3147 3176 83   12   419  956  797  2348 1201 106  1613 746  2081 1486 2539 2302 2971 3142 
2520 1859 1020 253  2730 583  336  2075 588  335  264  959  1128 1165 1608 1385 2262 1603 550  1161 1220 1749 2620 2289 3232 2865 2096 2479 2004 2599 682  21   1112 519  1570 1191 2014 1923 2486 2733 2930 841  2454 241  404  607  1676 1009 3076 1433 398  1867 1138 2309 1906 2749 2746 3253 
2431 1260 3211 2800 407  1820 703  2106 85   2124 655  744  1099 1326 1255 1974 1465 2538 1687 850  1491 2050 2109 2924 2607 688  3171 1156 2519 2316 2653 902  219  1378 831  1810 1527 2266 2307 2698 3153 3178 89   18   421  964  809  2372 1213 118  1619 758  2083 1502 2543 2306 2999 3158 
3360 2057 3150 221  1050 589  528  2225 684  355  312  965  1242 1195 1674 1387 2322 1585 2886 1793 1340 1767 2596 2265 3268 2877 2224 207  238  2587 2682 2759 1118 537  1576 1203 2054 1929 2488 2757 2936 961  2514 251  412  613  1682 1013 3092 1439 422  1871 1142 2311 1934 2753 2762 3257 
3289 2100 3179 2240 437  1960 713  2256 65   2156 685  798  1111 1416 1285 1992 1501 2562 1685 3144 1891 2060 2091 2948 2619 752  3201 1444 801  470  2651 2934 2831 1384 843  1816 1563 2270 2319 2702 3183 3182 97   20   431  1004 811  2396 1217 122  1621 766  2087 1514 2549 2326 3001 3166 
1680 2299 840  247  2310 611  560  767  768  365  378  979  390  1199 1704 1391 2328 1633 2958 1795 3354 1961 2656 2301 3260 2889 2192 243  248  1587 686  2761 3228 2899 1582 1227 2056 1941 2494 2787 2938 1681 2526 257  428  617  1684 1019 3148 1447 446  1873 1154 2333 1942 2767 2798 3259 
1573 2940 143  420  481  2380 1881 2480 799  2178 695  888  1081 870  1331 1998 1513 2568 1727 3186 1865 108  2041 2980 2613 848  3219 2116 867  472  2493 904  2839 30   2959 1832 1569 2278 2361 2710 3189 3206 101  28   433  1028 821  2404 1223 134  1627 778  2089 1522 2551 2342 3011 3194 
3024 2783 1890 299  3080 2223 1360 3003 1900 871  384  973  510  1211 1752 1393 2370 1631 2910 1799 144  1945 294  2159 3296 2895 2384 261  250  1611 710  27   1130 2911 174  3013 2074 1959 2504 2811 2954 1369 2586 263  436  619  1724 1021 3188 1451 454  1877 1174 2339 1954 2777 2818 3271 
3025 2856 209  630  493  3200 2079 2560 1701 760  913  270  1121 1230 1333 2010 1517 2616 1711 3198 1895 126  2045 522  2201 944  3237 40   873  488  2523 938  237  1390 2977 366  3073 2290 2391 2714 3207 3208 103  32   439  1052 823  2428 1229 142  1637 794  2099 1538 2557 2362 3019 3202 
2016 1375 1344 319  1120 1287 1520 819  2420 2583 1664 989  750  1207 1722 1397 2346 1639 2982 1817 324  1957 306  2149 804  2315 2416 279  266  1629 712  15   1162 543  1592 3017 582  3127 2506 2823 2984 1849 2598 269  452  631  1732 1031 3236 1453 458  1879 1186 2341 1966 2789 2846 3299 
715  3192 1705 1092 451  2660 1989 2960 1827 920  3339 1976 1133 1290 1339 2058 1529 2622 1717 3210 1897 132  2051 558  2215 1098 2407 56   909  494  2529 946  267  1394 849  1826 3077 834  3173 2726 3261 3262 107  44   443  1058 827  2452 1231 146  1657 802  2111 1546 2579 2374 3023 3214 
1512 1495 1764 2185 2142 649  1840 1197 2816 2709 1496 945  2944 1241 1770 1403 2418 1649 3048 1807 192  1963 342  2155 846  2317 1422 2483 290  1719 730  39   1166 573  1586 1257 2086 3131 1086 3235 3002 2209 2634 271  508  641  1756 1033 3244 1459 466  1889 1198 2347 1982 2791 2854 3301 
935  1008 1955 1176 2755 2898 731  3280 1911 1000 567  2176 1995 1936 1337 2046 1535 2706 1735 3288 1903 150  2059 564  2219 1164 2413 1788 2537 506  2547 970  249  1406 879  1834 1623 2282 3193 1362 3281 1842 109  50   449  1076 829  2468 1237 158  1663 818  2113 1574 2591 2386 3037 3218 
3276 1595 504  2255 1932 275  624  781  2900 2691 1672 1365 2728 315  1472 1405 2424 1643 3066 1819 1458 1967 372  2165 852  2321 1494 2489 2034 2603 742  33   1178 579  1598 1263 2104 1977 2510 3239 1578 2809 2658 277  524  643  1772 1039 3284 1471 478  1901 1202 2351 1994 2797 2858 3307 
1045 2268 2015 1428 2795 3108 1025 2544 803  2450 1053 2432 1785 2704 855  308  1537 2670 1739 3270 1909 156  2071 636  2227 1206 2419 1812 2533 2358 2669 962  291  1414 921  1846 1641 2294 2427 2758 3287 1866 113  52   457  1084 839  2476 1249 166  1667 838  2129 1594 2593 2402 3041 3226 
2184 1615 672  2365 2394 325  648  2425 828  893  616  3315 3256 525  1984 1845 836  1651 3030 1829 60   1969 348  2167 876  2323 1524 2491 2076 2605 2718 2771 1192 591  1606 1293 2110 1983 2522 2841 3014 5    2694 281  548  647  1796 1049 3292 1481 482  1907 1214 2357 2018 2801 2866 3313 
1265 2352 2035 1596 2875 3096 1175 2576 95   2196 745  1624 2025 704  1125 364  2745 1148 1751 3294 1919 204  2077 666  2231 1236 2429 1818 2545 2364 2681 3006 2845 1426 933  1864 1671 2314 2433 2770 3273 3266 127  68   461  1108 853  2524 1259 178  1669 842  2131 1618 2609 2426 3049 3238 
2688 1625 756  2405 2436 425  912  2525 882  395  408  985  2002 675  3094 1815 812  135  1504 1835 72   1981 414  2171 948  2327 1572 2495 2148 2611 2724 2773 3252 2923 1630 1299 2114 2019 2534 2859 3026 3    3322 283  556  653  1828 1051 3308 1483 502  1913 1226 2371 2026 2803 2878 3319 
1105 1848 2125 1386 2945 2912 1075 2754 115  2412 755  858  1115 2618 1215 392  2775 1196 555  1876 1915 198  2095 708  2245 1212 2435 1854 2561 2388 2701 3012 2855 42   2981 1886 1689 2318 2463 2774 3279 3272 131  76   463  1124 857  2564 1277 194  1693 862  2137 1622 2617 2434 3061 3242 
2772 1885 924  2465 2464 2295 1232 2575 972  415  456  995  1218 1205 784  1935 868  165  1508 1095 2132 1985 444  2173 996  2329 1602 2497 2166 2615 2748 2779 3258 2921 186  3029 2134 2031 2536 2901 3032 7    2742 293  578  659  1844 1061 3316 1487 514  1931 1234 2377 2038 2819 2894 3323 
1235 3312 2375 1638 3145 3136 2925 2992 125  2548 785  918  1135 1464 1315 416  3015 1204 615  1888 1335 2272 2101 732  2249 1278 2443 1884 2563 2466 2705 3084 2863 54   2965 402  3085 2338 2469 2776 3291 3278 137  92   467  1132 859  2572 1279 202  1697 866  2141 1642 2621 2446 3067 3254 
3168 455  1056 2635 2508 575  1904 1755 1568 1485 728  1007 1302 1219 1806 1411 928  195  1564 1185 2144 1605 2668 2177 954  2335 1644 2501 2172 2623 2796 2785 3324 2929 222  3031 618  3133 2542 2913 3034 13   2766 307  596  661  1852 1063 3356 1489 526  1933 1238 2381 2042 2833 2902 3329 
2275 2736 1085 1716 2905 2964 1325 3248 2475 3332 2565 1736 1139 1410 1343 2130 1541 1276 645  1924 1455 2312 1905 3068 2257 1284 2449 1926 2567 2502 2723 3114 2867 66   2983 426  3091 894  3197 2782 3295 1878 139  98   479  1172 863  2588 1283 206  1699 878  2143 1646 2633 2458 3079 3274 
2376 595  936  2135 2574 245  816  2645 1792 2145 952  3135 2408 1243 1794 1441 2472 1655 1612 1173 2204 1635 2684 2337 3340 2353 1668 2507 2286 2627 2826 2807 48   2933 246  3035 642  3139 1146 3241 1614 11   2778 311  604  673  1868 1069 3362 1493 538  1949 1262 2383 2062 2837 2906 3331 
2975 1728 1295 1836 3115 3036 1475 2928 145  896  3105 2072 495  2968 1345 2136 1555 2712 1745 1892 1515 2324 1965 2996 2679 976  2453 1956 2569 2532 2735 3156 2869 78   2987 438  3095 906  3199 1374 3293 1902 149  116  487  1228 877  2612 1289 214  1709 886  2153 1654 2647 2462 3083 3314 
2808 385  1152 2345 2652 475  1104 2675 1116 445  1064 2805 2632 765  448  1415 2442 1673 3102 1841 2236 1695 2716 2343 3350 2919 2512 2509 2292 2629 2892 2813 162  2935 258  3043 654  3143 1158 3247 1626 17   2802 313  628  677  1916 1087 16   1499 542  1951 1282 2389 2066 2843 2918 3343 
1925 2496 1435 1944 2915 3132 1445 2832 185  2556 815  2296 585  2926 1275 532  1565 2838 1757 3306 1921 2332 2055 3038 2703 1072 3243 3364 2573 2676 2743 3174 2881 102  2993 474  3097 942  3205 1398 3305 1986 151  124  491  1244 881  2636 1291 218  1721 898  2161 1658 2657 2474 3089 3326 
1872 665  1188 2485 2784 605  1134 2725 1044 485  462  1003 2744 975  2368 2115 884  1679 3090 1837 84   2005 2756 2355 1024 2937 2608 333  286  2641 2868 2815 36   2947 282  3047 678  3149 1182 3263 1662 19   2874 317  652  683  1922 1091 6    1511 554  1973 1286 2393 2078 2851 2942 3347 
2695 3264 1505 2052 3055 3348 1525 3078 155  2628 835  966  1145 3304 1305 476  3075 1274 1763 3318 1927 228  2105 3052 2685 1136 3297 88   927  518  2747 3222 2885 114  2995 498  3101 978  3215 1434 3317 2022 157  148  499  1252 883  2644 1297 226  1723 914  2179 1678 2659 2498 3109 3334 
2448 805  1224 2555 2904 725  1456 2825 1332 505  546  1037 1254 1247 2624 2175 968  255  1628 1843 90   1991 486  2183 112  2943 2672 369  296  1737 754  2827 24   2941 318  3053 762  3151 1194 3265 1686 23   2922 331  668  691  1948 1093 8    1523 562  1979 1294 2399 2098 2857 2962 3359 
3185 2112 1645 2088 175  3072 1675 3344 205  2844 865  984  1141 1482 1351 544  3195 1312 705  1952 1937 276  2117 726  2263 1250 3333 70   963  530  2637 986  2893 138  3005 534  3103 1002 3223 1446 3337 2082 163  164  503  1268 887  2692 1301 254  1733 922  2203 1706 2663 2518 3119 3338 
1584 875  1248 2585 2952 775  1392 3125 1452 515  552  1027 570  1253 1830 1417 992  105  1696 1209 1420 2021 492  2191 1014 2359 2768 363  310  1773 776  57   1208 2951 354  3065 786  3155 1266 3269 1698 29   2946 337  692  701  1964 1097 10   1531 566  1987 1306 2411 2102 2861 2966 3361 
3325 2304 1715 2208 3245 576  1775 3216 215  2988 895  1026 1147 1518 1349 2190 1561 1292 885  1972 1533 2140 2119 738  2279 1308 2455 104  981  536  2763 994  303  1432 3007 606  3107 1038 3227 1506 3341 2094 167  172  509  1324 907  2708 1303 262  1741 926  2207 1714 2671 2554 3121 4    
2592 1015 1368 2665 2604 845  1488 3175 1476 535  594  1043 690  1261 1896 1457 2490 1661 1666 1221 1450 1809 2650 2189 1062 2363 1746 2513 328  1791 782  87   1222 597  1634 3071 822  3161 1338 3277 1758 31   2994 347  716  709  1996 1103 14   1543 586  1993 1318 2417 2122 2879 2974 1    
1225 1296 1855 2232 3335 3234 1805 252  235  3042 905  1032 1157 1554 1355 2214 1589 2862 1765 1988 1551 2150 2121 2950 2291 1314 2461 1962 2581 568  2799 1010 309  1448 939  1898 3113 1074 3233 1542 3349 2118 173  188  521  1348 911  2732 1307 274  1747 934  2213 1718 2677 2558 3137 2    
