3024 1375 1764 3335 3366 2725 3344 2835 3328 3465 1768 1155 2432 1785 3256 3255 416  1935 1274 435  2044 1695 2596 2265 3124 3009 1250 243  104  1587 530  3447 986  519  1442 1263 1928 2103 2422 3057 2882 3309 3154 59   3434 383  788  761  2188 1181 34   1607 634  2069 1382 2539 2194 2999 3086 
3025 2856 2255 1428 1325 1776 145  2816 1575 1664 2475 2176 1365 2944 3045 704  1035 836  3225 1666 1245 2332 2055 2828 2715 208  3417 2864 867  310  2493 754  213  1208 849  1688 1707 2216 2577 2690 3193 3034 49   2922 211  268  577  1492 977  2932 1423 314  1847 1006 2297 1814 2749 2614 3257 
2016 1495 504  3355 3384 2825 3408 395  1144 2205 1976 1485 2584 2145 1088 315  544  2115 1276 465  2048 1809 2656 2355 3146 3021 1328 261  110  1611 536  81   1010 537  1448 1293 1930 2127 2438 3063 2930 3327 3170 61   3448 389  796  769  2228 1187 38   1609 662  2081 1402 2543 2206 3001 3098 
715  3192 2365 1932 1445 1782 155  1452 623  1408 945  2392 2625 3128 3135 832  1125 868  405  1694 1335 2356 2085 2842 2781 80   3423 3056 873  322  2523 776  219  1222 879  1702 1713 2222 2589 2696 3197 3064 121  2946 223  284  587  1516 983  2956 1427 326  1861 1018 2309 1822 2753 2638 3259 
1512 1595 672  3445 3402 3125 252  415  2556 749  1496 1995 2552 2565 2296 495  224  2175 1312 555  2068 1869 2668 2397 3140 3051 1424 279  128  1629 568  15   994  543  1462 1299 1946 2157 2456 3071 894  3349 2154 67   3454 397  844  773  2252 1193 46   1613 674  2083 1418 2549 2218 3011 3106 
935  1008 2375 2142 1475 1904 185  1476 635  216  905  2024 1755 1624 2805 3304 975  968  1875 1696 1455 2444 2163 2848 2739 272  3429 3088 909  328  2529 782  237  1246 921  1730 1731 2230 2631 2698 3199 1446 169  2994 227  292  593  1532 991  2972 1429 334  1867 1042 2311 1838 2767 2642 3271 
3276 1615 756  275  3444 3175 3472 437  2628 763  594  1027 952  3105 2408 585  308  2325 1316 615  2108 1905 2684 2445 3164 3081 1552 333  130  1719 574  27   1016 573  1474 1317 1958 2181 2482 3073 834  3353 2202 71   3462 401  892  787  2276 1201 58   1619 694  2087 1438 2551 2234 3019 3118 
1045 2268 2405 2394 1525 1968 215  1568 649  3180 923  2450 891  1736 3315 3416 1215 928  225  1708 1515 2366 2139 2884 2769 304  3435 3152 927  344  2547 790  249  1256 933  1738 1761 2242 2643 2710 3223 1506 289  3018 229  316  599  1556 997  3004 1433 346  1871 1046 2333 1858 2777 2654 3299 
2184 1705 1176 325  576  3275 288  445  2844 791  3440 3159 1064 2295 2632 675  364  2385 1352 645  2132 1887 2050 2409 3196 3129 1616 363  136  1737 584  21   1030 579  1490 1329 1970 2199 2486 3077 906  3365 2238 73   3464 409  908  797  2284 1213 62   1621 698  2089 1454 2557 2246 3023 3134 
1265 2352 2465 2464 1675 2064 205  1548 655  264  943  280  1053 2072 3375 3094 1305 988  105  1748 1545 2492 2187 2852 2751 368  3441 3184 963  370  2637 806  267  1258 939  1742 1779 2248 2649 2702 3205 1542 361  3054 233  332  601  1588 1009 3028 1439 358  1873 1082 2339 1874 2789 2722 3301 
2688 1625 924  425  2916 3283 396  427  2988 785  462  1073 770  351  2618 855  392  2655 1364 705  2144 1833 2060 2451 3172 3165 1648 369  152  1773 590  33   1022 591  1498 1347 1978 2217 2488 3085 942  3377 2274 79   3470 419  916  809  2308 1217 74   1627 706  2099 1466 2579 2258 3037 3142 
1105 1848 2635 2436 1775 2106 235  1908 667  312  955  744  1157 1190 621  784  1275 992  135  1804 1593 1340 2193 2948 2829 464  3471 3376 981  374  2763 808  291  1270 951  1778 1797 2264 2661 2714 3215 1578 529  3126 239  338  607  1604 1013 3044 1447 362  1877 1094 2341 1882 2791 2734 3307 
2772 1885 1386 475  3136 3425 468  469  2790 799  546  1055 966  1243 2590 897  532  2535 1372 795  2204 1917 2140 2553 3212 3111 1712 387  154  1791 598  51   1034 597  1510 1371 1990 2229 2494 3091 978  3379 2298 83   3478 421  932  811  2348 1223 82   1637 718  2111 1478 2591 2302 3041 3158 
1235 1344 2665 2604 1805 2256 253  2220 671  3220 979  798  1133 930  1331 3430 1023 1036 165  1862 1551 1450 2211 2888 2865 496  3477 100  1017 376  2799 814  303  1298 993  1784 1803 2266 2721 2726 3227 1614 841  3138 241  356  613  1636 1019 3076 1451 382  1879 1114 2347 1894 2797 2746 3313 
3168 1955 1596 575  336  3475 588  473  1050 803  180  1067 390  1211 1326 1357 140  1209 1376 885  2212 1947 2150 2607 3232 3171 1744 423  170  1899 602  39   1048 633  1526 1383 2006 2253 2504 3093 2914 3383 2334 89   64   431  956  821  2372 1229 86   1657 734  2113 1486 2593 2306 3049 3166 
2275 2304 2585 2646 1825 2128 265  1692 689  3330 949  120  1141 1110 1271 1608 1411 350  1311 1876 1599 1420 2241 2890 2847 512  729  196  1083 406  2817 824  321  1304 1011 1786 1821 2270 2733 2758 3207 3058 961  3246 251  388  617  1676 1021 3092 1453 386  1889 1126 2351 1906 2801 2762 3319 
2376 1085 1824 605  432  625  612  481  1120 817  300  1043 510  1219 1410 1379 1830 1517 500  1443 950  1971 2180 2613 3260 3201 1808 477  182  2007 610  57   1054 669  1528 1389 2008 2271 2506 3095 2936 3351 3176 97   12   433  964  823  2396 1231 94   1663 746  2129 1502 2609 2326 3061 3194 
2975 1296 2485 2784 1975 2288 259  2250 697  3450 959  2925 1147 1122 1333 1704 1441 2136 1633 820  1647 1550 2247 2924 2877 592  45   256  1143 410  2853 826  309  1310 1041 1790 1839 2278 2757 2774 3233 3070 1369 3272 257  404  619  1682 1031 3148 1459 394  1901 1138 2357 1934 2803 2798 3323 
2808 1295 1836 3395 528  3479 1530 497  2610 869  450  1057 570  1247 1416 1345 1938 1535 2442 1691 1060 2001 2260 2619 3268 3237 2032 507  184  2043 632  69   1066 681  1534 1401 2014 2283 2510 3099 2938 3369 3178 101  18   439  1004 827  2404 1237 106  1667 758  2131 1514 2617 2342 3067 3202 
1925 864  2555 2904 2009 780  287  2430 679  3400 973  270  1169 1128 1205 1674 1405 2214 1585 2706 1781 1460 2289 2950 2889 656  63   484  1179 418  2883 830  327  1334 1047 1798 1851 2282 2787 2770 3239 3074 1681 3278 263  412  631  1684 1033 3188 1471 398  1907 1142 2371 1942 2819 2818 3329 
3456 1435 1944 175  624  2401 1650 493  2820 851  800  1079 690  1241 1302 1355 1974 1537 2472 1685 3048 1853 2350 2667 3296 3219 2096 531  190  2061 638  93   1070 687  1544 1437 2054 2307 2522 3097 1002 3385 2382 103  20   443  1028 829  2428 1249 118  1669 766  2137 1522 2621 2362 3079 3214 
2695 936  2755 2952 2023 990  299  2310 703  240  989  210  1159 1218 1255 1722 1415 2322 1639 2712 1765 3288 1937 3020 2919 688  75   676  1233 424  2979 854  339  1336 1059 1802 1857 2290 2811 2776 3235 1626 1849 3282 269  428  641  1724 1039 3236 1481 422  1913 1154 2377 1954 2833 2846 3331 
1872 1505 2208 245  648  91   1710 527  1400 871  700  1081 750  1261 1464 1363 1992 1541 2478 1717 3066 1835 1458 1991 3340 3243 2192 549  230  2097 646  87   1090 699  1558 1461 2056 2319 2534 3103 1038 3397 2406 107  28   449  1052 839  2452 1259 122  1693 778  2141 1538 2633 2374 3083 3218 
3325 792  2765 2964 2057 1140 301  2460 713  560  3069 760  1177 1230 1337 1752 1457 2226 1649 2814 1793 3294 1915 156  2117 848  99   1156 1251 430  3033 856  381  1342 1077 1810 1893 2294 2823 2786 3247 1662 2209 3286 271  436  643  1732 1049 3244 1483 446  1931 1174 2381 1966 2837 2854 3343 
3432 1645 2052 539  960  77   1740 511  2850 899  980  3267 910  1273 1518 1385 1998 1555 2538 1711 3090 1883 72   1985 372  2177 2224 603  232  2151 658  111  1096 717  1562 1473 2074 2361 2536 3107 1074 3403 2454 109  32   457  1058 853  2468 1277 134  1697 794  2143 1546 2647 2386 3089 3226 
1225 1056 2795 2976 2107 1020 329  2550 707  810  1003 896  1377 1610 1339 1806 1465 2262 1643 2838 1799 3306 1939 198  2095 666  2245 1444 1341 434  3123 872  393  1358 1101 1816 1923 2314 2841 2792 3241 1686 2809 3298 277  452  647  1756 1051 3284 1487 454  1933 1186 2383 1982 2843 2858 3347 
1584 1715 2088 833  900  133  1760 533  3040 889  1100 3393 1288 297  2744 1387 2046 1561 2490 1739 3144 1865 96   2005 414  2173 948  2323 238  2169 664  123  1102 723  1570 1497 2086 2391 2542 3101 1086 3401 2514 113  44   461  1076 857  2476 1279 142  1699 802  2153 1574 2657 2402 3109 3238 
3185 1152 2875 3096 2303 1170 323  3080 1989 880  819  440  1539 1750 627  448  1469 2328 1651 2862 1795 3318 1943 204  2105 708  2249 1236 2435 442  3141 874  411  1378 1119 1826 1929 2318 2859 2782 3265 1698 3481 3302 281  508  653  1772 1061 3292 1489 458  1949 1198 2389 1994 2851 2866 3359 
2448 1855 2232 725  816  161  1860 551  1540 2691 1280 2331 2120 429  2870 957  160  1577 2562 1727 3162 1895 84   2033 444  2189 954  2329 1602 2495 682  129  1106 753  1576 1509 2104 2427 2546 3113 1146 3409 2526 131  50   463  1084 859  2524 1283 146  1709 818  2161 1594 2659 2426 3119 3242 
385  1224 2905 3036 2075 2544 319  2730 731  1520 3003 920  2349 1330 663  1216 1113 340  1661 2886 1817 3336 1945 234  2123 732  2263 1278 2443 1926 2561 890  417  1370 1137 1832 1941 2330 2901 2806 3263 1758 5    3322 283  524  659  1796 1063 3308 1493 466  1951 1202 2393 2018 2857 2878 3361 
2592 2015 2244 775  912  35   684  517  1470 901  1900 2499 2090 459  2926 765  572  1239 580  1751 3102 1891 108  2045 486  2183 996  2335 1644 2497 2286 2603 1118 771  1582 1527 2110 2433 2570 3117 2954 3415 2586 127  52   467  1108 863  2564 1289 158  1721 838  2179 1618 2663 2434 3121 3254 
455  1188 2945 2898 2225 2754 295  1792 737  1040 693  1000 1863 2002 2025 3458 1395 1012 1407 740  1807 3390 1957 276  2119 726  2257 1284 2449 1956 2563 2676 2701 1384 1149 1834 1959 2338 2913 2794 3261 3082 7    3310 293  548  661  1828 1069 3316 1499 478  1973 1214 2399 2026 2861 2894 3371 
2736 2065 2484 845  1104 55   768  485  3042 893  1300 2541 2210 513  2968 825  476  2745 1504 1479 1150 1897 60   2041 492  2191 1014 2359 1668 2501 2292 2615 2892 2773 1586 1563 2114 2463 2626 3127 2984 3387 3182 137  68   479  1124 877  2572 1291 166  1723 842  2203 1622 2671 2446 3137 3274 
595  1248 2915 3108 2425 2576 305  2028 685  378  1007 1160 2511 2030 741  1472 1425 1078 195  1888 1653 1580 1961 228  2149 738  2279 1308 2453 1962 2567 2682 2705 3222 2845 1846 1977 2344 2931 2810 3269 3110 3    3346 307  556  673  1844 1087 3356 1511 482  1979 1226 2411 2038 2879 2902 3373 
3312 2035 1092 1025 1134 65   828  505  3204 815  696  1099 2360 561  3010 969  644  2775 1484 915  2236 2013 2540 2047 516  2195 1062 2353 1734 2509 2358 2623 2934 2779 3438 2885 2134 2469 2630 3131 1158 3419 3206 139  76   487  1132 881  2588 1297 178  1733 862  2207 1642 2677 2458 3163 3314 
665  1404 3145 2912 2525 2832 335  2124 695  384  965  858  1189 2170 759  1856 1665 1148 255  1892 1605 2516 2301 2980 2147 774  2285 1314 2455 2004 2569 2718 2723 3228 2855 42   2951 2354 2949 2822 3277 1842 11   3342 311  578  677  1852 1091 3362 1523 502  1987 1234 2417 2042 2887 2906 3389 
1728 2125 1638 925  1232 85   882  515  3332 835  702  1115 1026 1313 3290 999  608  3015 1508 1005 2254 1965 2716 2679 3350 2197 1068 2363 1746 2507 2316 2627 3006 2785 3474 2911 138  2987 2648 3133 1182 3421 2598 149  92   491  1172 883  2612 1301 194  1741 866  2213 1646 2683 2462 3167 3326 
805  1368 3245 3132 2575 2928 341  2196 745  408  985  888  1135 1242 1343 1984 1725 1184 285  1924 1635 2528 2235 2996 2937 752  2291 1356 2461 2034 2573 2724 2735 3252 2863 54   2947 282  3029 618  3281 1878 13   3352 313  596  683  1868 1093 3412 1531 514  1993 1238 2423 2062 2897 2918 3391 
2112 2135 2652 847  1392 95   972  535  3388 865  714  1111 984  1165 1482 1393 748  3075 1564 1065 2312 2037 2756 2505 3404 3297 2384 2369 1788 2513 2364 2629 3012 2807 48   2921 174  2993 474  3139 1194 3427 2634 151  98   499  1228 887  2636 1303 202  1747 878  2221 1654 2687 2474 3169 3334 
875  1632 3059 3480 2527 2992 343  2178 755  456  995  918  1145 1254 1285 1794 1477 1196 375  1952 1659 1660 2337 3038 2895 944  117  3364 2471 2076 2581 2748 2743 3258 2867 66   2965 318  3031 642  3287 1866 17   3358 317  604  691  1916 1097 3428 1543 526  1997 1262 2437 2066 2903 2942 3407 
2496 2185 2574 931  360  203  1950 553  3468 895  728  1121 1032 1195 1554 1397 2010 1589 1612 1095 2272 2067 2620 2703 3424 3333 2416 639  248  2515 2388 2641 3084 2813 162  2923 186  2995 438  3143 1266 3431 2658 157  116  503  1244 907  2644 1307 206  1753 886  2237 1658 2689 2498 3181 3338 
1015 1716 3115 3348 2597 1350 371  2580 721  552  1037 330  1207 1272 1315 1896 1507 2346 1655 1972 1677 1780 2343 3050 2943 976  147  2116 1359 472  2599 2796 2747 3324 2869 78   2959 354  3035 654  3293 1902 19   3368 331  628  701  1922 1103 3436 1549 538  1999 1282 2441 2078 2909 2962 3413 
3264 2345 2508 1075 1488 119  2070 581  2860 917  2300 1139 870  1253 1566 1391 2058 1565 2568 1735 2324 2091 2650 2697 3460 3363 2512 657  250  2259 670  2651 3114 2815 36   2929 222  3005 498  3149 1338 3437 2694 163  124  509  1252 911  2692 1319 214  1759 898  2239 1678 2693 2518 3187 3386 
1001 1656 3055 3234 2645 3078 377  2720 1197 1360 1323 1240 1199 1290 1349 1770 1501 2418 1673 2958 1829 1690 2373 3068 2967 1072 153  40   1413 470  3177 904  2759 3372 2881 102  2977 366  3043 678  3295 1986 23   3370 347  652  709  1948 1109 3452 1553 542  2003 1286 2447 2098 2917 2966 3433 
2880 2261 2664 1175 1456 115  1116 559  3200 2079 1700 2583 2440 1267 1590 1403 2130 1591 2616 1745 3198 1903 2740 2727 3476 3345 2608 711  266  2313 686  141  1112 2827 24   2933 246  3007 534  3151 1362 3439 2742 167  148  521  1268 919  2708 1321 218  1777 914  2243 1706 2699 2554 3191 3394 
1309 2400 3157 3072 2675 3216 355  2156 2223 1840 1617 1480 3321 2990 1351 1914 1513 2370 1679 2982 1819 3354 1967 3104 2955 1136 171  56   1467 488  3231 902  447  1390 2893 114  2981 402  3047 762  3305 2022 29   3374 337  668  719  1964 1117 16   1559 554  2011 1294 2459 2102 2927 2974 3449 
2160 2387 1560 1127 1536 125  1044 545  616  2907 2900 2709 2470 189  3320 1417 2190 1603 2670 1763 3186 1909 90   2051 1024 3399 2672 747  286  2367 710  159  1130 789  1592 2935 258  3013 582  3155 1374 3443 2766 173  164  523  1324 929  2732 1327 226  1783 922  2251 1714 2707 2558 3203 3398 
1463 2700 3311 720  2783 3248 365  2412 767  2000 1071 1430 2997 3016 651  2368 1529 2424 1687 2910 1837 144  1963 306  2155 1168 207  70   1503 494  3303 938  453  1394 1167 1864 2983 426  3065 786  3317 2082 31   3378 349  692  727  1996 1123 6    1567 562  2017 1306 2467 2122 2939 2978 3457 
3120 2737 2280 1183 480  143  1332 565  168  913  3100 2793 2530 357  400  903  200  1631 2622 1757 3210 1919 126  2059 558  2215 2768 801  290  2421 712  177  1162 807  1598 1569 2146 3017 606  3161 1398 3455 2778 179  172  541  1348 937  2738 1361 254  1787 926  2267 1718 2711 2566 3209 3418 
1771 3420 3289 1200 2873 2100 391  2548 779  2320 1449 1640 441  3160 777  2624 1131 380  1703 3030 1841 324  1969 294  2159 804  2305 88   1557 506  3357 946  471  1406 1191 1886 1983 2378 3053 822  3337 2094 37   3382 353  716  733  2012 1129 8    1571 566  2027 1318 2473 2126 2953 2986 3461 
3240 2431 2520 1859 1680 187  840  583  1820 1881 3380 2961 2680 231  2500 987  220  1269 550  1769 3270 1921 150  2071 522  2201 1098 2395 296  2439 730  183  1166 813  1606 1623 2152 2481 2662 3173 1434 3473 2802 181  188  547  1388 941  2764 1367 262  1789 934  2269 1726 2713 2578 3217 3442 
1547 1080 1573 3360 3179 2940 403  2240 1683 2480 1701 1672 1521 3230 783  2752 1173 490  1431 850  1843 192  1981 348  2165 846  2315 1422 2483 518  3411 962  489  1414 1203 1898 2019 2390 2973 2824 3341 2118 41   3406 359  722  739  2036 1151 10   1579 586  2029 1322 2477 2138 2957 2998 3463 
2640 2639 2040 2299 1260 209  1890 589  1960 1287 640  3087 2728 273  3410 1029 260  1221 620  1491 1180 1927 132  2077 564  2219 1164 2407 1812 2519 742  201  1178 831  1630 1641 2158 2487 2666 3147 3002 25   2874 191  212  557  1396 947  2804 1373 274  1801 958  2273 1754 2719 2582 3221 3446 
1729 1980 3367 1620 3211 3150 407  420  781  2560 1827 1720 2601 3190 861  3008 1161 460  1353 860  1743 1850 2021 342  2167 852  2317 1524 2479 2148 2587 970  501  1426 1227 1910 2031 2398 2991 2830 3273 3112 43   3414 367  724  743  2084 1153 14   1583 614  2039 1346 2503 2174 2963 3022 3467 
1440 2821 3300 1421 540  221  2800 611  2380 2673 520  3339 2750 399  1936 525  736  1281 650  1533 1210 2121 2780 2101 636  2227 1206 2419 1818 2533 2466 2653 1192 843  1634 1671 2162 2517 2674 3153 3014 3453 3208 193  236  563  1412 953  2836 1381 278  1811 974  2281 1762 2729 2594 3229 3466 
2093 3060 637  1320 2891 1380 451  630  793  2960 1953 1870 3249 3224 2415 3392 1815 1292 1419 940  1767 1940 2379 3052 2171 876  2321 1494 2489 2172 2605 2826 2761 1432 1257 1912 2049 2410 3027 2834 3279 3122 47   3422 373  764  751  2092 1163 22   1597 622  2053 1354 2521 2182 2969 3046 3469 
1800 2717 2760 1519 600  217  2080 629  2660 2871 680  3381 2840 483  2704 735  884  3195 1652 1581 1220 2109 2788 2595 112  2231 1212 2413 1854 2537 2502 2681 3156 2831 1670 1689 2168 2559 2678 3183 3026 3459 3262 197  242  569  1436 967  2876 1399 298  1823 982  2287 1766 2731 2602 3251 4    
2233 1920 3451 2970 2989 1500 413  2600 2277 3280 1911 1880 1089 3250 837  352  1845 1204 345  1988 1749 2020 2403 3116 2985 1264 2327 1572 2491 2166 2611 2868 2771 3396 2899 1918 2073 2414 3039 2872 3291 3130 53   3426 379  772  757  2164 1171 26   1601 626  2063 1366 2531 2186 2971 3062 1    
2340 2849 3000 1813 660  247  2200 3213 1600 2457 2420 567  2920 609  320  1107 812  3285 1628 1185 2336 2133 2812 2685 176  3405 2896 2429 1884 2545 2532 2669 3174 2839 30   2941 2198 2571 2686 3189 3032 9    3266 199  244  571  1468 971  2908 1409 302  1831 998  2293 1774 2741 2606 3253 2    
