2772 1495 504  3355 3072 2575 3536 3465 1664 1575 1672 1365 2728 3045 2704 1395 3392 2775 868  285  1666 1605 2516 2445 3296 3201 1808 387  232  2151 712  159  1246 879  1786 1803 2314 2733 2786 3027 3034 3261 3298 3561 3502 257  338  631  1636 1039 3092 1483 358  1933 1094 2389 1894 2857 2762 3371 
1105 1848 2375 2142 1025 2064 35   3328 2835 1408 945  2432 2415 3224 1035 448  2115 532  405  1274 885  2108 2121 2888 2829 464  3537 484  1179 472  3231 986  501  1490 1329 2054 2283 2570 2901 2914 3117 3170 3369 3422 97   3594 439  932  829  2372 1259 62   1697 706  2153 1478 2659 2306 3121 3194 
3024 1615 672  3445 576  2645 288  305  1144 2205 1768 1155 3016 315  704  1425 224  3015 928  345  1694 1635 2528 2397 3340 3237 2032 423  238  2169 730  177  1256 921  1790 1821 2318 2757 2792 3039 3058 3273 3302 3579 3512 263  356  641  1676 1049 3148 1487 362  1949 1114 2393 1906 2861 2798 3373 
3575 1008 2405 2436 1175 2106 85   1452 515  1496 1995 2392 2625 3256 975  1472 2175 572  1875 1312 915  2132 2139 2950 2847 496  3567 676  1233 488  3303 994  519  1510 1347 2056 2307 2626 2913 2930 3147 3176 3387 3434 103  3598 443  956  839  2396 1277 74   1699 718  2161 1486 2663 2326 3137 3202 
2016 1375 756  3485 2916 2675 252  335  3042 707  2024 1785 2944 525  1088 1665 308  3075 968  375  1696 1695 2596 2451 3350 3219 2096 477  248  2259 742  183  1258 933  1798 1839 2330 2759 2794 3053 3064 3279 3310 9    3514 269  388  643  1682 1051 3188 1489 382  1951 1126 2399 1934 2879 2818 3389 
3025 2856 2585 2604 1325 2128 115  1548 535  408  889  2552 3255 3496 1125 1856 2325 608  225  1316 1005 2204 2133 2980 2877 512  3585 1156 1251 494  3357 1010 537  1526 1371 2074 2319 2630 2923 3396 3197 3178 3453 3448 101  64   449  964  853  2404 1279 82   1709 734  2179 1502 2671 2342 3163 3214 
3276 1595 1092 3515 3136 2475 1568 355  3204 721  3180 1043 3128 735  832  1725 352  3195 988  435  1708 1809 2540 2553 3424 3243 2192 507  250  2313 754  201  1270 939  1802 1851 2338 2761 2724 3065 186  3365 3322 1849 2778 271  404  647  1684 1061 3236 1493 386  1973 1138 2411 1942 2887 2846 3391 
935  3192 2465 2464 2925 2576 1485 2548 545  456  913  1040 3591 1936 1215 1984 2385 644  135  1352 1065 2212 2187 2924 2865 592  3597 1444 1341 506  3411 1016 543  1528 1383 2086 2361 2648 2929 3438 3199 762  3503 2022 107  12   457  1004 857  2428 1283 86   1721 746  2203 1514 2677 2362 3167 3218 
3528 1625 924  3565 1232 1755 1792 2295 3388 745  744  1057 1300 1701 1216 1815 364  3225 992  555  1748 1833 2620 2607 3404 3297 2224 531  266  2367 776  213  1298 951  1810 1857 2344 2771 2748 3071 246  3353 1374 2209 2802 277  412  653  1724 1063 3244 1499 394  1979 1142 2417 1954 2897 2854 3407 
715  2268 2635 2646 1445 3248 2145 896  3105 728  895  1026 1169 680  2709 2368 2655 736  105  1364 1095 2144 2163 3020 2889 656  729  2116 1359 518  3447 1022 573  1534 1389 2104 2391 2662 2933 3474 3205 786  3505 2082 109  18   461  1028 859  2452 1289 94   1723 758  2207 1522 2683 2374 3169 3226 
1512 1705 1176 275  336  2725 3332 2565 616  3375 1976 1055 1272 1243 2120 3483 392  3285 1012 615  1862 1887 2650 2613 3460 3333 2384 549  286  2421 782  237  1304 993  1816 1893 2354 2773 2796 3073 258  3377 1398 2809 2874 281  428  659  1732 1069 3284 1511 398  1987 1154 2423 1966 2903 2858 3413 
1045 2352 2665 2784 1475 2256 95   2156 3315 1624 2025 2002 1165 1482 1351 2750 513  748  195  1372 1185 2236 2211 2996 2937 688  45   3364 1413 530  3501 1030 579  1558 1401 2110 2427 2666 2935 3516 3215 822  3521 2094 113  20   463  1052 863  2468 1291 106  1733 766  2213 1538 2687 2386 3181 3238 
2184 1955 1386 325  432  2825 396  365  1064 2805 2072 675  2618 1255 1608 1403 3010 783  1036 465  1804 1869 2656 2505 3484 3345 2416 603  290  2439 790  219  1310 1011 1826 1923 2378 2779 2826 3077 282  3379 1434 3481 2922 283  436  661  1756 1087 3292 1523 422  1993 1174 2437 1982 2909 2866 3433 
1265 1344 2755 2898 1525 2288 125  1692 565  1736 3135 2408 585  2926 1315 1722 1507 350  1107 1376 1245 2272 2193 3038 2895 752  63   40   1467 536  3573 1034 591  1544 1437 2114 2433 2678 2941 3546 3223 834  3523 2118 127  28   467  1058 877  2476 1297 118  1741 778  2221 1546 2689 2402 3187 3242 
2688 1885 1428 475  528  3125 468  371  3468 755  2176 495  2744 765  3458 1355 1938 1591 940  1311 1876 1905 2668 2595 3476 3363 2512 639  296  2493 806  249  1334 1041 1832 1929 2390 2787 2806 3085 318  3383 1446 5    2946 293  452  673  1772 1091 3308 1531 446  1997 1186 2441 1994 2917 2878 3449 
1235 1764 2717 2976 1675 2544 145  2028 553  552  905  2584 825  3304 1275 2624 1405 2136 1649 1340 1593 2254 2235 3052 2955 848  75   56   1503 568  81   1048 597  1562 1461 2134 2463 2674 2931 2936 3227 894  3545 2154 131  32   479  1076 881  2524 1301 122  1747 794  2237 1574 2693 2426 3191 3254 
3168 2015 1932 425  624  3175 588  395  3492 749  858  1073 2968 855  3542 1935 416  1535 2418 1717 1780 1917 2684 2619 3488 3399 2608 657  310  2523 808  267  1336 1047 1834 1941 2398 2785 2822 3057 3070 3397 1506 7    2994 307  508  677  1796 1093 3316 1543 454  1999 1198 2447 2018 2927 2894 3457 
2275 2304 2795 2904 1775 2754 155  1908 581  2720 917  1520 3393 3416 1305 3008 2745 812  1655 2568 1769 2060 2241 3050 2919 944  99   70   1557 574  15   1054 633  1570 1473 2146 2469 2686 2947 2938 3153 3206 3551 2202 137  44   487  1084 883  2564 1303 134  1753 802  2239 1594 2699 2434 3203 3274 
2376 1295 1944 3395 648  3211 612  403  2460 763  3330 1079 1700 1053 784  1845 476  3525 1078 1703 2862 1837 2716 2679 3550 3417 2672 711  322  2529 814  291  1342 1059 1846 1959 2410 2807 2868 3091 3074 3291 3346 11   3018 311  524  683  1828 1097 3356 1549 458  2003 1202 2459 2026 2939 2902 3461 
2975 1296 2485 2964 1825 2832 185  2124 583  2790 901  2000 3003 760  1863 2752 2535 836  255  1484 1781 3090 1909 3068 2943 976  117  88   1611 584  21   1066 669  1576 1497 2152 2481 2690 2951 3582 3235 3182 3459 3464 139  50   491  1108 887  2572 1307 142  1759 818  2243 1618 2707 2446 3209 3314 
2808 1435 1716 3535 816  3275 684  407  1890 767  2660 2871 1900 1827 1870 441  544  3555 1148 645  1888 1841 3288 1961 3556 3405 2768 747  328  2547 824  303  1358 1077 1864 1977 2414 2811 2810 3097 354  3385 3352 3    3526 313  548  691  1844 1103 3362 1553 466  2011 1214 2467 2038 2953 2906 3463 
1925 864  2555 3036 1805 2928 205  2196 589  630  923  2480 693  920  2961 2840 231  884  165  1504 1335 2312 1915 3534 2041 1072 147  104  1587 590  27   1070 681  1582 1509 2158 2487 2696 2949 2954 3233 906  3563 3454 149  52   499  1124 907  2588 1319 146  1777 838  2251 1622 2711 2458 3217 3326 
3456 1505 2052 175  1104 3283 768  413  2550 779  3220 3159 2300 1911 2090 1521 3560 651  1184 795  1892 1965 2756 1967 72   2105 2864 801  344  2637 826  309  1370 1101 1886 1983 2422 2813 2824 3063 3082 3401 1542 13   3054 317  556  701  1852 1109 3412 1559 478  2017 1226 2473 2042 2957 2918 3467 
2695 936  2765 3096 1859 360  217  1760 611  1050 949  2320 819  1000 3087 2920 357  220  1029 1508 1455 2324 2265 3104 2045 156  2177 110  1629 598  33   1090 687  1586 1527 2162 2517 2698 2959 2984 3183 3208 3569 2238 151  68   503  1132 911  2612 1321 158  1783 842  2267 1642 2713 2462 3221 3334 
1872 1645 2088 245  912  3479 1170 427  2580 781  3400 2079 2900 1953 2210 1089 3250 777  860  1407 1924 1947 2788 2667 3572 2123 342  2227 370  2763 830  321  1378 1119 1898 2019 2438 2815 2892 3095 3112 3309 3358 17   3126 331  578  709  1868 1117 3428 1567 482  2027 1234 2477 2062 2963 2942 3469 
3325 792  2821 3132 1975 2992 259  1950 623  2820 943  2560 1071 1160 3339 2990 399  460  1113 1420 1647 2140 2289 3116 2967 1136 2171 522  2317 610  39   1096 699  1592 1563 2168 2559 2702 2965 48   3239 3262 3489 3470 157  76   509  1172 919  2636 1327 166  1787 862  2269 1646 2719 2474 3229 3338 
3432 1715 2208 539  1392 3425 828  451  2600 791  3540 1081 2420 2331 2360 2601 400  837  950  1419 1850 1971 2740 2697 3580 3423 2896 2231 738  2359 856  327  1384 1137 1910 2031 2456 2823 2834 3101 366  3403 3368 19   3138 337  596  719  1916 1123 3436 1571 502  2029 1238 2503 2066 2969 2962 3491 
1225 1056 2905 3348 2009 3078 215  2412 629  2850 959  2960 1197 1240 3381 3160 483  380  1131 1460 1599 2150 2247 3124 3009 1168 153  128  2305 948  2435 1102 717  1598 1569 2198 2571 2710 2973 3002 3241 942  3587 2274 163  92   521  1228 929  2644 1361 178  1789 866  2273 1654 2729 2498 3251 3386 
1584 1855 2232 575  1488 3475 882  415  168  793  3450 1099 3100 2499 2440 3249 2500 861  1060 1443 1940 2001 2780 2703 3596 3429 3056 867  376  2363 1206 2483 1390 1149 1912 2049 2482 2827 2830 3093 3110 3409 1578 23   3246 347  604  727  1922 1129 3452 1579 514  2039 1262 2521 2078 2971 2966 3499 
3185 1152 2875 2912 2057 3216 221  2178 635  462  1003 3280 1323 1430 567  3190 621  500  1161 1450 1659 2180 2301 3140 3021 1250 171  130  1719 602  2449 1314 2509 1606 1623 2216 2577 2714 2977 3014 3189 3266 3589 2298 167  98   523  1244 937  2692 1367 194  1801 878  2281 1658 2731 2518 3253 3394 
2448 2035 1596 605  1134 3509 1680 437  216  785  798  1111 3380 2583 2470 189  320  897  1180 1431 1952 2037 2812 2727 1024 3441 3088 873  374  2799 854  2489 1602 2561 1918 2073 2486 2831 2934 3103 3122 3327 3370 29   3282 349  628  733  1948 1151 3508 1583 526  2053 1282 2531 2098 2999 2974 3511 
385  1224 2915 3108 2075 3408 247  2100 649  546  955  1128 1177 1480 2349 3230 609  550  1173 1550 1653 2260 2343 3164 2985 1264 207  136  1737 632  51   1106 2515 1788 2587 2222 2589 2726 2981 162  3247 3272 3513 3478 173  116  541  1252 941  2708 1373 202  1811 886  2287 1678 2741 2554 3257 3398 
2592 2065 2484 725  1456 625  972  473  2730 799  888  1115 1302 1273 1190 297  160  903  1210 1479 1988 2013 2828 2685 112  3435 3152 909  406  2817 872  339  1394 2563 1926 2623 2488 2839 3012 3107 402  3415 3374 31   3342 353  652  739  1964 1153 3524 1597 538  2063 1286 2539 2102 3001 2978 3517 
455  1188 2945 3234 2225 3344 235  2556 667  1120 979  1218 1195 1518 1339 2030 561  580  1209 1580 1677 2336 2337 3146 3051 1328 243  152  1773 638  57   1112 723  1630 2599 2076 2653 2358 2983 36   3263 978  3595 2334 179  124  547  1268 947  2732 1381 206  1823 898  2293 1706 2749 2558 3259 3418 
2736 2093 2244 775  1536 3577 1044 445  264  817  3500 1121 1326 1253 930  1411 3290 969  1150 1491 1972 2055 2842 2715 176  3471 3184 927  410  2853 890  381  1406 1167 1928 2627 2172 2845 3006 3113 426  3419 1614 37   3378 359  668  743  1996 1163 3532 1601 542  2069 1294 2543 2122 3011 2986 3527 
595  1368 3055 3366 2107 480  253  2628 655  594  989  180  1189 390  1349 1752 1517 490  1221 1564 1515 2332 2355 3172 3129 1552 261  154  1791 646  69   1118 753  1634 1641 2230 2669 2364 2987 24   3265 1002 3599 2382 181  148  557  1324 953  2738 1399 214  1831 914  2297 1714 2753 2566 3271 3442 
3312 2125 2394 845  1776 2401 1350 469  312  815  918  1133 2450 1271 1110 1417 1974 1633 1204 705  2044 2085 2848 2739 80   3477 3376 963  418  2883 902  393  1414 1191 1930 2103 2494 2855 3084 3127 438  3421 1626 41   3414 367  692  751  2012 1171 3548 1607 554  2081 1306 2549 2126 3019 2998 3529 
665  1248 3145 3384 2023 540  287  2070 671  696  965  1242 1199 510  1357 1806 1415 2214 1651 1628 1545 2356 2373 3196 3081 1424 279  170  1899 658  87   1130 771  1670 1671 2242 2631 2758 2993 30   3269 1038 25   2406 191  164  563  1348 967  2764 1409 218  1847 922  2309 1718 2767 2578 3299 3446 
3564 2135 2508 833  3480 77   1380 481  3570 803  966  1135 1416 1267 1230 1441 1998 1555 2424 1735 2048 2067 2852 2751 272  3495 3568 981  424  2979 874  411  1426 1203 1946 2127 2504 2841 2872 3131 474  3427 1662 43   3426 373  716  757  2036 1181 16   1609 562  2083 1318 2551 2138 3023 3022 3533 
805  1404 3115 3552 2299 600  301  2200 689  1400 1007 1122 1205 1566 1379 1770 1529 2226 1661 2616 1793 2350 2379 3212 3165 1616 333  182  2007 664  93   1162 789  1688 1689 2248 2643 2770 2991 3026 3277 1074 49   2454 193  172  569  1388 971  2804 1423 226  1861 926  2311 1726 2777 2582 3301 3466 
1728 2185 2574 931  3510 119  1500 493  2310 851  1600 1141 1464 1285 1674 1469 2010 1639 2472 1727 2886 1843 2884 2769 304  3507 100  1017 430  3033 904  417  1432 1227 1958 2157 2506 2859 2882 3099 3130 3431 1686 47   3462 379  722  761  2084 1187 6    1613 566  2087 1322 2557 2174 3037 3046 3539 
875  1632 3059 1320 2303 660  299  2940 697  1470 1027 3440 1207 1554 1345 1896 1537 2322 1673 2622 1795 3102 1919 3260 3111 1648 363  184  2043 670  111  1166 807  1702 1707 2264 2649 2774 2995 3032 3207 3278 169  2514 197  188  571  1396 977  2836 1427 254  1867 934  2333 1754 2789 2594 3307 3482 
2112 2345 2652 1127 720  91   1530 517  2800 869  240  1139 120  1313 1704 1385 2046 1565 2442 1745 2958 1865 3294 1963 368  3531 196  1083 434  3123 938  447  1442 1257 1970 2181 2510 2863 3114 3133 3154 3351 3382 53   3522 383  724  769  2092 1193 8    1619 586  2089 1346 2579 2182 3041 3062 3541 
1015 1656 3157 1920 2527 990  329  2080 1683 1820 1037 300  1211 570  1363 1794 1465 2262 1679 2706 1799 3144 1921 3498 2051 1744 369  230  2061 682  123  1178 813  1730 1713 2266 2661 2776 3005 42   3281 3286 3543 3490 199  212  577  1412 983  2876 1429 262  1871 958  2339 1762 2791 2602 3313 3494 
2496 2255 2664 847  1200 133  1650 497  3040 2277 560  1147 270  1331 1290 1457 2058 1585 2478 1739 2910 1853 3306 1981 90   2119 256  1143 442  3141 946  453  1448 1263 1978 2199 2522 2867 3156 3139 498  3437 3406 59   3530 389  764  773  2164 1201 10   1621 614  2099 1354 2591 2186 3049 3086 3547 
1085 1824 3245 3588 2597 780  323  2220 679  3200 1881 700  1219 750  1387 1830 1541 2328 1685 2712 1807 3186 1927 3576 2047 198  2183 190  2097 686  141  1192 831  1738 1731 2270 2681 2388 3007 54   3287 1086 121  2526 211  236  587  1436 991  2908 1433 274  1873 974  2341 1766 2797 2606 3319 3506 
3264 2365 1638 925  1782 161  1740 511  2610 871  1360 3069 280  1333 1410 1477 2130 1603 2538 1751 2982 1891 3318 1969 84   2147 348  2249 470  3177 962  471  1462 1293 1990 2217 2536 2869 3174 3143 534  3443 1698 61   3544 397  772  787  2188 1213 14   1627 622  2111 1366 2593 2194 3061 3098 3557 
1001 1836 3335 3402 2425 3504 341  2250 703  1540 2691 800  3519 770  1391 1914 1561 2346 1687 2670 1817 3198 1943 144  2059 204  2189 558  2321 710  129  1208 843  1742 1761 2278 2701 2466 3017 66   3295 1146 289  2586 223  242  593  1468 997  2932 1439 278  1877 982  2347 1774 2801 2614 3323 3518 
3600 2387 2952 1075 1904 55   1332 527  3080 2223 880  2457 440  1377 1330 1513 2190 1631 2490 1757 3030 1883 3336 1985 96   2149 372  2245 774  2369 970  489  1474 1299 2006 2229 2534 2881 3222 3149 582  3439 1758 67   3538 401  788  797  2228 1217 22   1637 626  2113 1382 2609 2206 3067 3106 3559 
1309 1440 3289 3444 2525 3472 265  2816 1989 1960 2907 1100 1449 1640 2511 2590 1577 2370 1691 2838 1819 3270 1937 324  2071 234  2191 564  2315 996  2443 1222 849  1778 1779 2282 2705 2502 3013 78   3293 1158 361  2598 227  244  599  1492 1009 2956 1447 298  1879 998  2351 1814 2803 2638 3329 3554 
2880 2261 1080 1573 1968 65   1116 485  1288 1287 1840 3213 520  2541 2680 351  3430 1643 2562 1765 3048 1897 3390 1991 108  2155 414  2257 804  2395 1212 2495 1498 1317 2008 2253 2542 2885 3228 3151 606  3455 1842 71   3558 409  796  809  2252 1223 26   1657 634  2129 1402 2617 2218 3079 3118 3571 
1463 1800 3311 2040 2783 3584 295  2844 685  952  2673 1280 1617 1720 3549 3320 627  650  1711 2814 1829 3210 1939 192  2077 228  2195 636  2323 1014 2453 1356 2519 1784 1797 2290 2721 2782 3031 102  3305 1182 529  2634 229  268  601  1516 1013 2972 1451 302  1889 1006 2357 1822 2819 2642 3331 3566 
2160 2431 3420 1183 1620 143  1476 505  378  835  2296 3267 640  2793 2530 273  200  957  1196 1763 3066 1903 3354 2005 126  2159 444  2263 846  2407 1236 2491 1644 2567 2014 2271 2546 2893 3252 3155 618  3473 1866 73   3562 419  844  811  2276 1229 34   1663 662  2131 1418 2621 2234 3083 3134 3581 
1547 2400 3367 2280 2873 2520 319  2988 695  702  985  2632 891  1880 2997 3410 663  620  1239 1612 1835 3162 1945 1458 2095 276  2197 666  2327 1062 2455 1422 2513 1818 2605 2294 2723 2532 3029 114  3317 1194 841  2658 233  284  607  1532 1019 3004 1453 314  1901 1018 2371 1838 2833 2654 3343 3574 
2640 2639 3060 1421 960  187  1260 533  384  865  984  1145 3094 1539 1610 459  140  999  1220 1533 2068 1895 3486 2021 132  2165 486  2279 852  2413 1278 2497 1668 2569 1956 2629 2286 2899 3258 3161 678  3487 1878 79   3586 421  892  821  2284 1231 38   1667 674  2137 1438 2633 2246 3089 3142 3583 
1729 1980 637  2760 2891 1140 377  3150 713  714  995  1254 1247 910  3321 2170 741  820  1269 1660 1767 2366 1957 60   2117 294  2201 708  2329 1068 2461 1494 2533 1812 2603 2034 2735 2682 3035 138  3337 1266 961  2694 239  292  613  1556 1021 3028 1459 326  1907 1042 2377 1858 2837 2722 3347 3578 
3240 2737 3300 1519 3520 203  1710 559  2240 893  1032 1157 210  1343 1750 429  340  987  1276 1581 2020 2091 2948 2033 150  2167 492  2285 876  2419 1308 2501 1746 2573 1962 2641 2292 2911 3324 3173 642  3493 1902 83   3590 431  908  823  2308 1237 46   1669 694  2141 1454 2647 2258 3109 3158 3593 
1771 2340 3451 2970 2989 1020 343  2430 731  2860 973  450  1241 690  1397 2870 759  740  1281 1690 1743 2444 2403 3232 2101 306  2215 726  2335 1098 2471 1524 2537 1854 2611 2148 2743 2676 3043 174  3341 1338 1369 2742 241  316  617  1588 1031 3044 1471 334  1913 1046 2381 1874 2843 2734 3359 4    
3120 2849 1560 1813 900  209  1860 551  420  899  810  1159 330  1337 1590 1501 260  1023 1292 1551 2050 2109 2890 2781 208  2173 516  2291 954  2429 1284 2507 1734 2581 2004 2651 2316 2921 3372 3193 654  3497 1986 89   3592 433  916  827  2348 1249 58   1693 698  2143 1466 2657 2302 3119 3166 1    
2233 2700 3553 3000 3179 3360 391  840  737  2380 1067 980  1261 870  1393 1992 1589 850  1353 1652 1749 2492 2409 3268 3171 1712 2219 732  2353 1164 2479 1572 2545 1884 2615 2166 2747 2718 3047 222  3349 1362 1681 2766 251  332  619  1604 1033 3076 1481 346  1931 1082 2383 1882 2851 2746 3361 2    
