2520 3289 2100 2783 3570 247  3080 1989 880  1071 2900 2541 2120 1539 2840 189  2624 1395 988  3075 1652 435  2272 1605 3052 2301 1024 2889 2608 3507 250  711  742  2421 1246 129  1778 807  2278 1641 2792 2559 3406 3561 244  137  2598 491  1004 907  2452 1321 62   1787 718  2273 1502 2731 2362 3257 3226 
2431 1680 1859 840  143  420  437  3200 3213 3440 1617 1000 3519 1750 3249 3250 399  736  2175 1292 135  1952 1005 2756 2085 3424 2595 1072 3219 40   147  494  1503 994  3411 1490 453  2006 1203 2534 2049 3112 3057 3686 5    1506 311  12   691  1724 1109 3284 1567 362  2029 1126 2521 1942 2999 2854 3517 
3360 3553 2940 2873 2800 299  1400 1683 1040 1197 3100 2709 2090 2349 2870 513  2752 1425 992  3195 1666 465  2312 1635 3104 2337 3692 2895 2672 3531 290  747  754  2439 1256 141  1784 813  2282 1671 2794 2571 3434 3579 268  139  2634 499  1028 911  2468 1327 74   1789 734  2281 1514 2741 2374 3259 3238 
2717 1260 2057 1890 187  630  451  3040 693  800  1911 1160 3549 2584 297  3290 627  476  2385 1316 165  1972 1065 2788 2109 3350 2667 1136 3237 3364 171  518  1557 1010 3447 1498 471  2008 1227 2536 2073 3122 3063 3688 7    1542 313  18   701  1732 1117 3292 1571 382  2039 1138 2531 1954 3001 2858 3527 
3600 1573 3150 3179 3640 319  1470 559  1840 1323 3700 2793 2360 2511 2920 561  3710 837  1012 3225 1696 555  2324 1695 3124 2373 3718 2919 2768 3537 286  801  776  2493 1258 177  1786 831  2290 1689 2806 2577 3448 3603 284  149  2658 503  1052 919  2476 1361 82   1801 746  2287 1522 2749 2386 3271 3242 
1001 3060 2299 2730 209  1050 473  3180 649  1280 1953 1430 567  2680 441  3320 759  340  999  1352 105  2048 1095 2812 2091 3460 2679 1168 3243 56   207  530  1587 1016 3501 1510 489  2014 1257 2542 2103 3130 3093 3704 11   1578 317  428  709  1756 1123 3308 1579 386  2053 1142 2539 1966 3011 2866 3529 
2880 2821 720  3509 2240 323  1820 589  3660 737  3380 2961 2210 2997 2990 231  3008 861  580  1161 1748 615  2332 1833 2950 2343 80   2937 2864 3567 296  867  790  2523 1270 183  1790 843  2294 1707 2810 2589 3454 3639 292  151  2694 509  1058 929  2524 1367 86   1811 758  2293 1538 2753 2402 3299 3254 
1309 3420 847  360  221  2310 493  3220 697  180  803  1240 3663 1610 459  3560 483  380  1023 1060 1407 2068 1185 2828 2133 3484 2697 1250 3297 88   243  536  1611 1022 3573 1526 501  2054 1263 2546 2127 3154 3099 3706 13   1614 331  436  719  1772 1129 3316 1583 394  2063 1154 2543 1982 3019 2878 3533 
2160 2849 3510 2527 1350 377  1540 2223 2000 749  1332 913  910  3321 2926 663  3392 897  740  1209 1450 1491 2336 1887 2980 2397 112  2943 2896 3585 322  873  782  2529 1298 201  1798 849  2314 1713 2822 2631 3464 3651 316  157  2742 521  1076 937  2564 1373 94   1823 766  2297 1546 2767 2426 3301 3274 
1463 1080 931  480  77   2070 481  3400 3003 1700 793  2844 1067 2030 351  3410 609  500  1029 1150 1419 1940 1659 2620 2121 3476 2685 1264 3333 104  261  568  1629 1030 3609 1528 519  2056 1293 2570 2157 3170 3117 64   17   1626 337  452  727  1796 1151 3356 1597 398  2069 1174 2549 1994 3023 2894 3539 
3120 3059 2970 2597 1380 301  2610 581  2320 1449 440  917  270  1159 3010 741  160  903  650  1221 1460 1581 2180 1869 3020 2379 176  2955 3056 3597 310  909  806  2547 1304 213  1802 879  2318 1731 2824 2643 3470 3669 332  163  2766 523  1084 941  2572 1381 106  1831 778  2309 1574 2777 2434 3307 3314 
1771 1560 1127 540  91   2200 469  3330 671  1300 2331 1640 1043 552  1273 3430 783  460  1107 1180 1311 1988 1677 2650 2139 3488 2703 1328 3345 128  333  574  1719 1034 3681 1534 537  2074 1299 2626 2181 3176 3147 20   19   1662 347  508  733  1828 1153 3362 1601 422  2081 1186 2551 2018 3037 2902 3541 
3240 3157 3720 2891 1500 329  2600 583  3690 763  520  3087 2392 1165 918  1387 140  957  850  1269 1550 1593 2260 1917 3050 2403 208  2967 3088 3615 328  927  808  2637 1310 219  1810 921  2330 1761 2830 2649 3478 3687 338  167  2778 541  1108 947  2588 1399 118  1847 794  2311 1594 2789 2446 3313 3326 
1547 1920 1183 600  119  2080 2079 3680 679  300  817  1480 3717 3016 1253 1230 1507 350  1131 1210 1431 2020 1743 2740 2163 3550 2727 1424 3363 136  279  584  1737 1048 81   1544 573  2086 1317 2630 2199 3178 3153 28   23   1686 349  524  739  1844 1163 3412 1607 446  2083 1198 2557 2026 3041 2906 3547 
2640 3367 1200 2989 1650 343  2720 2457 2480 767  1452 923  2432 1155 3712 1379 1566 1639 820  1239 1580 1533 2350 1947 3116 2409 272  2985 3152 3633 344  963  814  2763 1334 237  1816 933  2338 1779 2834 2661 3490 3693 356  173  2802 547  1124 953  2612 1409 122  1861 802  2333 1618 2791 2458 3319 3334 
1729 3300 1421 660  133  2220 497  1600 3591 1100 851  2988 1057 3128 3255 832  1513 1896 1739 1220 1443 2050 1749 2780 2187 3556 2715 1552 3399 130  363  590  1773 1054 15   1558 543  2104 1329 2648 2217 3182 3183 32   29   1698 353  548  743  1852 1171 3428 1609 454  2087 1202 2579 2038 3049 2918 3557 
1440 3451 1620 3211 1530 341  2820 623  2560 1701 640  943  312  1169 3608 675  224  1643 2214 1829 1660 1647 2356 1971 3140 2451 368  3009 3184 3621 370  981  824  2799 1336 249  1832 939  2344 1797 2872 2721 3502 3695 834  179  2874 557  1132 967  2636 1423 134  1867 818  2339 1622 2797 2462 3323 3338 
2093 1320 1519 990  161  2250 511  3450 703  2300 2499 1720 1073 570  1267 1088 825  608  1735 2538 1921 2044 1245 2842 2193 3580 2739 1616 3405 152  369  598  1791 1066 21   1562 579  2110 1347 2662 2229 3206 3189 44   31   1758 359  556  751  1868 1181 3436 1613 458  2089 1214 2591 2042 3061 2942 3559 
1800 3689 960  3283 1710 371  2790 611  3630 779  920  3339 2440 1177 870  1391 392  1665 1078 1835 2838 2033 2366 1905 3146 2553 304  3051 3376 3657 374  1017 826  2817 1342 267  1826 951  2354 1803 2882 2733 3512 3711 388  181  2922 563  1172 971  2644 1427 142  1871 838  2341 1642 2801 2474 3329 3386 
2233 2280 1813 780  203  2430 517  3500 713  450  869  1768 891  2170 1313 1254 1517 644  2325 1372 1927 3144 2147 2848 2235 3572 2751 1648 3417 70   387  610  1899 1070 27   1570 591  2114 1371 2666 2253 3208 3207 50   37   1842 367  578  757  1916 1187 3452 1619 466  2099 1226 2593 2062 3067 2962 3571 
2340 3311 3264 3479 1760 391  1960 1881 2960 781  1476 955  1736 3483 3160 1393 1608 1649 1036 3285 1694 2021 3486 2215 3164 2355 464  3021 3568 3699 376  1083 830  2853 1358 303  1834 993  2378 1821 2914 2757 3514 3707 894  191  2946 569  1228 977  2692 1429 146  1873 842  2347 1646 2803 2498 3331 3394 
2261 2760 2009 1020 217  2460 527  560  2691 700  871  3204 1079 2590 429  400  1529 1974 1745 1364 195  2108 2155 192  2323 3596 2769 1712 3423 110  477  602  2007 1090 33   1576 597  2134 1383 2674 2271 3262 3261 52   41   1866 373  596  761  1922 1193 3508 1621 478  2111 1234 2609 2066 3079 2966 3581 
1980 637  3520 3577 1740 403  2660 2277 3248 2907 2450 949  210  1189 3230 273  200  1651 2226 1843 1708 645  2444 2219 156  2453 496  3081 3632 729  406  1143 854  2883 1370 291  1846 1011 2390 1839 2930 2787 3526 3713 906  193  2994 571  1244 983  2708 1433 158  1877 862  2351 1654 2819 2518 3343 3398 
2639 2040 2107 1140 253  1120 1287 1360 3069 980  3159 770  1081 594  1333 2500 651  550  1751 2478 1937 2144 1335 2852 2329 414  2515 1744 3429 154  423  632  2043 1096 39   1582 633  2146 1389 2678 2283 3266 3273 68   43   1878 379  604  769  1948 1201 3524 1627 482  2113 1238 2617 2078 3083 2974 3583 
2400 3619 3648 3703 1860 407  2380 2673 3280 2871 280  3393 1190 1219 984  1397 260  969  860  1837 2862 2041 2516 1965 3172 2449 726  2605 3664 45   418  1179 856  2979 1384 309  1864 1041 2398 1851 2936 2811 3530 9    404  197  3018 577  1252 991  2732 1439 166  1879 866  2357 1658 2833 2554 3347 3418 
2387 3000 2023 1170 259  2550 533  1520 819  1900 3267 952  1053 2618 1285 1272 1541 490  1173 1340 1939 3162 2149 2888 2211 3604 2537 1014 2735 182  531  638  2061 1102 51   1586 669  2152 1401 2686 2307 3272 3279 76   47   1902 383  628  773  1964 1213 3532 1637 502  2129 1262 2621 2098 3089 2978 3593 
2700 539  900  2401 1950 413  2850 629  3344 1827 680  3627 1330 1521 3304 1385 1554 1661 940  1281 1690 2047 3354 2227 3232 2445 512  2611 1308 2831 410  1233 872  3033 1378 321  1886 1047 2410 1857 2938 2823 3538 3715 942  199  3054 587  1268 997  2738 1447 178  1889 878  2371 1678 2837 2558 3359 3442 
2737 3480 2303 1248 287  2580 553  3540 707  2420 2583 1870 1863 2632 3705 784  1535 1938 1757 1376 1479 2060 2159 1458 2327 3616 2781 1808 2743 1734 2923 646  2097 1106 57   1592 681  2158 1437 2690 2319 3278 3291 92   53   1986 389  652  787  1996 1217 3548 1657 514  2131 1282 2633 2102 3109 2986 3607 
3168 833  2304 2135 2244 427  2860 667  240  791  760  3381 2470 1089 3416 585  308  1655 2262 1841 1780 1599 2492 2231 198  2455 592  3111 100  2863 1962 2987 874  3123 1390 327  1898 1059 2414 1893 2954 2841 3544 25   978  211  3126 593  1324 1009 2764 1451 194  1901 886  2377 1706 2843 2566 3361 3446 
2275 2592 1085 1404 3115 2976 551  3465 731  468  889  1880 1377 2744 3645 448  1035 748  1763 2490 1943 2140 1767 2884 2335 444  2519 2032 3441 170  2929 2316 3053 1112 69   1598 687  2162 1461 2696 2361 3286 3309 98   59   2022 397  668  797  2012 1223 3628 1663 526  2137 1286 2647 2122 3119 2998 3613 
2376 455  1296 2345 2484 245  576  689  810  799  1548 959  2530 2601 3458 765  352  1725 1184 1853 2886 2051 2528 2001 3196 2461 732  2615 196  99   424  2993 2682 3107 1394 339  1910 1077 2422 1923 2984 2859 3562 121  1002 223  3138 599  1348 1013 2804 1453 202  1907 898  2381 1714 2851 2578 3371 3466 
2975 2736 1295 1632 3355 3096 1775 1536 721  684  745  3042 1099 2750 621  1216 1125 812  2535 1484 1945 3186 2165 2924 2241 3610 2533 1062 2747 184  507  658  3065 2934 3173 1606 699  2168 1473 2698 2391 3298 3327 116  61   2082 401  692  809  2036 1229 3644 1667 538  2141 1294 2657 2126 3121 3022 3617 
2808 385  864  2485 2652 475  2916 3275 2928 445  1692 965  384  1207 3190 357  416  1815 1148 3525 1804 2045 3498 2245 3212 2613 656  2623 1314 2839 430  1251 902  3127 3222 3239 1912 1101 2438 1929 3002 2901 3586 49   1038 227  3246 601  1388 1019 2836 1459 206  1913 914  2383 1718 2857 2582 3373 3482 
1925 2448 1435 1656 3395 3036 1805 1776 205  588  755  3468 1111 690  1337 320  777  884  2655 1508 255  2132 2177 72   2353 3626 2847 2096 2759 1746 2933 664  2151 1118 3193 3438 3295 2198 1497 2702 2427 3302 3351 124  67   2094 409  716  811  2084 1231 3676 1669 542  2143 1306 2659 2138 3137 3046 3623 
3456 665  792  2555 2508 725  3136 3425 3078 485  1908 973  390  1199 930  1403 220  987  1196 3555 1862 705  2596 2249 204  2483 688  3129 256  2845 2004 2995 904  3141 1406 3241 48   3377 2482 1941 3014 2913 3590 169  1074 229  3282 607  1396 1021 2876 1471 214  1931 922  2389 1726 2861 2594 3389 3494 
2695 3312 1505 1716 3485 3108 1825 1782 215  612  785  3492 1121 696  1331 1290 1537 620  1113 1504 345  2204 1455 2948 2359 486  2545 2192 3435 232  2935 2358 3071 1130 87   1630 3317 54   3421 2710 2433 3310 3369 148  71   2118 419  722  821  2092 1237 3698 1693 554  2153 1318 2663 2174 3163 3062 3631 
3672 875  936  2755 2464 575  336  3475 3216 505  2028 979  378  1195 966  1411 1674 1631 950  1353 1876 795  2656 2037 3260 2471 738  2627 484  63   442  3005 2718 3113 1414 381  1918 3383 138  3487 3026 2931 3592 289  1086 233  3342 613  1412 1031 2908 1481 218  1933 926  2393 1754 2879 2602 3391 3506 
3185 3564 1645 1836 3445 3132 1975 1904 235  768  815  3636 1115 702  1315 1302 1555 1992 1769 1420 1551 2212 1515 3068 2247 3620 2561 1068 2771 190  549  682  3073 3006 3197 1634 717  2216 3431 258  3551 3322 3387 164  73   2154 421  724  823  2164 1249 3716 1697 562  2161 1322 2671 2182 3167 3086 3637 
1584 595  1056 2665 2142 605  432  625  3408 515  2124 985  408  1205 1026 1405 1704 1673 2322 1883 1850 1653 2684 2055 3268 2607 752  2629 1356 2867 434  1341 890  3131 3228 3247 1928 1119 2456 3493 366  3611 3598 361  1146 239  3378 617  1436 1033 2932 1483 226  1949 934  2399 1762 2887 2606 3407 3518 
3325 1728 1715 1824 3565 3384 2075 1968 265  828  835  3708 1135 714  1339 1416 1561 1998 1765 2568 1957 2150 1809 2996 2265 3668 2829 2224 2761 1788 2941 670  2169 1162 3205 3474 3305 2222 1509 2714 3563 474  3653 642  79   2202 431  764  827  2188 1259 16   1699 566  2179 1346 2677 2186 3169 3098 3643 
3432 805  1152 2585 2436 775  528  35   3504 535  2178 989  456  1243 1032 1415 1752 1685 2328 1865 2958 2071 2540 2013 3296 2505 848  3165 676  2855 2034 3007 938  3177 1426 3263 162  3385 2486 1959 3032 3599 582  529  1158 241  3414 619  1468 1039 2956 1487 254  1951 958  2411 1766 2897 2614 3413 3554 
1225 2112 1855 1944 3515 3234 2225 2064 295  882  865  168  1133 744  1343 1464 1565 2046 1781 2562 1961 3198 2167 2890 2289 3652 2865 2384 3477 238  2951 2364 3077 1166 111  1670 3337 66   3427 2726 2463 3346 3665 654  83   2238 433  772  829  2228 1277 6    1709 586  2203 1354 2683 2194 3181 3106 3659 
1872 1015 1188 2765 2574 925  624  55   3472 545  2196 995  546  1241 1110 1417 1722 1679 2370 1903 2910 2059 3390 2257 3340 2619 944  3171 1156 75   472  3013 2724 3133 1432 393  1930 3397 174  3497 3034 2949 3614 841  1182 251  3426 631  1492 1049 2972 1489 262  1973 974  2417 1774 2903 2638 3433 3566 
3025 2496 2065 2052 3535 3348 2425 2106 305  972  893  216  1139 750  1349 1410 1577 2010 1793 2616 1963 3210 2171 60   2363 3650 2877 2512 3471 248  603  686  3085 3012 3199 1688 723  2230 3437 282  3569 3352 3453 172  89   2274 439  788  839  2252 1279 8    1721 614  2207 1366 2687 2206 3187 3118 3671 
3024 1265 1224 2795 2664 845  648  85   3584 565  2412 1003 330  1211 1122 1469 1770 1687 2346 1891 2982 2077 3576 2263 228  2479 976  3201 1444 117  470  1359 946  3143 3252 3265 1946 1137 2488 3503 402  3629 3634 961  1194 257  3462 641  1516 1051 3004 1493 274  1979 982  2423 1814 2909 2642 3449 3574 
3575 2688 2185 1428 3625 3366 2525 2128 2475 2548 895  264  1141 858  1345 1518 1589 2130 1799 2622 1969 3270 2173 84   2369 492  2563 2416 3495 266  639  712  2259 1178 3215 3516 3341 2242 1527 2758 3587 498  3661 678  97   2298 443  796  853  2276 1283 10   1723 622  2213 1382 2689 2218 3191 3134 3673 
2016 1375 504  2875 2604 1025 816  65   1568 1485 728  1007 510  1247 1128 1465 1794 1691 2418 1895 3048 2101 3534 2279 234  2489 774  2641 2116 153  488  1413 962  3231 1442 3277 36   3403 2494 1977 3058 3635 606  1369 1266 263  3522 643  1532 1061 3028 1499 278  1987 998  2437 1822 2917 2654 3457 3578 
715  2856 2255 1596 3655 3402 2575 2256 335  3328 2295 1288 1147 798  1355 1326 1585 2058 1795 2706 1967 3288 2183 90   2407 516  2567 1098 2773 230  657  710  2313 1192 93   1702 3349 78   3439 2770 2469 3358 3667 762  101  2334 449  844  857  2284 1289 14   1733 626  2221 1402 2693 2234 3203 3142 3677 
3528 1595 672  2915 2646 1075 912  115  3536 1575 1664 2805 2296 1255 1218 1441 1806 1703 2424 1897 3030 2117 3618 2291 276  2491 804  2651 1422 2869 506  1467 970  3303 1448 411  1958 3401 186  3521 3064 2973 3638 1681 1338 269  3558 647  1556 1063 3044 1511 298  1993 1006 2441 1838 2927 2722 3461 3602 
935  3192 2125 1638 3685 3444 2645 2288 2835 1144 3675 1976 3375 2002 1357 1482 1633 2136 1807 2670 1981 3294 2189 96   2395 522  2569 1164 2779 1818 2947 730  2367 1208 123  1730 753  2248 3443 318  3589 3368 3459 188  103  2382 457  892  859  2308 1291 22   1741 634  2237 1418 2699 2246 3209 3158 3691 
3276 1705 756  2945 2784 1175 1134 95   2816 2205 1496 2415 2552 2025 3094 1457 1830 1711 2442 1909 3090 2119 3624 2285 294  2495 846  2653 1494 2881 2076 3017 986  3357 1462 417  1970 1149 2506 3505 426  3641 3656 1849 1362 271  3594 653  1588 1069 3076 1523 302  1997 1018 2447 1858 2939 2734 3463 3622 
1045 1008 2365 1932 275  3552 2675 2544 355  1408 945  2176 1995 3224 495  1472 1591 2190 1817 2712 1991 3306 2191 108  2413 558  2581 1206 2785 1812 2959 2388 3091 1222 159  1738 771  2264 1563 2774 3595 534  3679 786  107  2406 461  908  863  2348 1297 26   1747 662  2239 1438 2707 2258 3217 3166 3697 
1512 1625 1176 3055 2898 1325 1104 125  252  635  1672 1365 2728 2625 2704 735  544  1727 2472 1915 3066 2095 3666 2305 306  2497 852  2669 1524 2885 2148 3029 2748 3139 1474 447  1978 1167 2504 1983 3074 3647 618  2209 1374 277  3606 659  1604 1087 3092 1531 314  1999 1042 2459 1874 2953 2746 3467 3646 
1105 2268 2375 2088 325  3612 2725 2576 365  1044 901  2024 1785 3256 315  1856 1215 868  1819 2814 1985 3318 2195 126  2419 564  2573 1212 2807 1854 2965 2466 3095 3084 3227 1742 789  2266 1569 2776 2481 3370 3683 822  109  2454 463  916  877  2372 1301 34   1753 674  2243 1454 2711 2302 3221 3194 3701 
3696 1885 924  3145 2904 1445 1232 2925 1792 655  2556 1027 2944 3045 1936 855  364  1845 1204 1919 3102 2105 144  2315 342  2501 876  2681 1572 2893 2166 3031 2796 3149 3258 3269 1990 1191 2510 2019 3070 2991 3658 2809 1398 281  3642 661  1636 1091 3148 1543 326  2003 1046 2467 1882 2957 2762 3469 3662 
1235 2352 2405 2208 3605 3588 2825 2992 1755 3332 899  120  1157 3496 525  1984 1275 836  2745 1564 2005 3336 2197 132  2429 636  2587 1236 2813 1884 2977 2502 3097 3114 3223 3546 3353 2270 1623 2782 2487 3374 3489 236  113  2514 467  932  881  2396 1303 38   1759 694  2251 1466 2713 2306 3229 3202 3709 
2772 1955 1368 2905 2952 1475 1392 155  2156 2565 616  1037 462  1261 704  975  532  1935 1274 405  1888 2123 324  2317 348  2507 948  2701 1602 2899 2172 3035 2826 3151 3324 3281 24   3409 2522 2031 3082 3027 3670 3721 1434 283  3678 673  1676 1093 3188 1549 334  2011 1082 2473 1894 2963 2798 3491 3694 
1495 1344 2465 2232 175  3072 3125 2754 395  3388 3105 1064 1145 888  1351 2368 1305 968  2775 1612 285  2236 2201 150  2443 666  2599 1278 2815 1926 2981 2532 3101 3156 3233 3582 3365 102  3455 2786 2517 3382 3513 212  127  2526 479  956  883  2404 1307 46   1777 698  2267 1478 2719 2326 3251 3214 3719 
1848 2015 1386 3335 2964 1525 1456 145  288  685  896  2145 2072 1271 1242 1477 572  2115 1276 1875 1892 885  2668 2321 372  2509 954  2705 1644 2911 2286 3043 2868 3155 3372 3287 42   3415 222  3523 3110 3039 3674 3481 1446 293  3702 677  1682 1097 3236 1553 346  2017 1094 2477 1906 2969 2818 3499 4    
1615 1764 2635 2394 425  3654 3175 2832 415  1116 905  1624 3135 2968 1363 1590 1603 928  3015 1628 375  2254 1545 3038 2435 708  2603 1284 2827 1956 2983 2676 3103 3174 3235 3684 3379 114  3473 354  3601 3422 3543 242  131  2586 487  964  887  2428 1319 58   1783 706  2269 1486 2729 2342 3253 3218 1    
2184 2035 1092 3245 2912 1675 1488 185  396  695  2628 1055 2408 3315 3542 1501 1914 1717 1312 225  1924 915  2716 2067 3404 2513 996  2723 1668 2921 2292 3047 2892 3161 3396 3293 30   3419 246  3545 438  3649 3682 3    412  307  3714 683  1684 1103 3244 1559 358  2027 1114 2503 1934 2971 2846 3511 2    
