3168 1015 1716 3515 3654 2075 3584 2145 896  3705 2024 2205 3128 3045 1984 1725 784  3285 836  615  1628 1965 2366 2685 3268 3435 1072 423  56   2169 574  93   1048 723  1534 1497 2014 2319 2506 2991 2834 3261 3110 3561 3352 3    3658 347  548  739  1868 1171 3452 1613 446  2099 1202 2609 2042 3083 2962 3593 
2275 2112 2485 2904 775  1904 1485 3332 3135 952  585  2432 1365 1936 735  3392 2535 532  195  1184 1245 2048 2265 2924 3051 3772 3765 2864 1233 310  3231 808  411  1310 1119 1798 1923 2278 2811 2758 3117 3026 3369 3262 3711 3448 163  50   541  1132 953  2644 1423 118  1871 802  2347 1622 2819 2474 3347 3394 
2376 1085 1824 3445 3808 2475 1568 2565 728  3795 2072 765  3256 2415 1856 1815 448  3525 928  645  1652 1971 2444 2715 3404 3471 1136 477  70   2259 584  111  1054 753  1544 1509 2054 2361 2510 3027 2882 3273 3122 3579 3358 19   3670 349  556  743  1916 1181 3508 1619 454  2111 1214 2617 2062 3089 2966 3607 
2975 2496 2555 2976 845  2128 3825 2548 2805 1624 675  2002 855  2704 1215 2968 2655 544  105  1292 1335 2068 2289 2948 3021 3650 3801 3056 1251 322  3303 824  393  1334 1137 1802 1929 2282 2823 2770 3147 3032 3387 3266 3747 3454 167  52   547  1172 967  2692 1427 122  1873 818  2351 1642 2833 2498 3359 3398 
3744 1295 1836 3535 2916 2225 1792 2295 1064 2025 1672 1035 2296 825  2632 1845 224  3555 968  705  1666 2001 2516 2727 3340 3477 1168 507  88   2313 590  123  1070 771  1558 1527 2056 2391 2522 3017 2914 3279 3130 3603 3368 23   3678 353  578  751  1922 1187 3524 1621 458  2113 1226 2621 2066 3109 2974 3613 
1925 3264 2665 3036 925  1968 3775 3328 3375 1144 2835 2552 975  2408 1275 2926 2745 572  255  1204 1455 2108 2337 2890 3081 3820 3813 2896 1341 328  3357 814  417  1336 1149 1810 1941 2290 2841 2774 3151 3034 3453 3272 3777 3464 173  68   557  1228 971  2708 1429 134  1877 838  2357 1646 2837 2518 3361 3418 
2808 1435 1944 3605 432  2425 3792 235  616  3645 1768 3675 3496 1125 2744 1935 3776 3735 988  795  1694 2055 2528 2739 3350 3507 1250 531  104  2367 598  129  1066 789  1562 1563 2074 2427 2534 3029 3798 3305 3154 3639 3370 29   3674 359  596  757  1948 1193 3532 1627 466  2129 1234 2633 2078 3119 2978 3617 
2695 3648 2635 3096 847  2106 625  1476 445  1496 1575 2584 2625 704  1305 3094 2775 608  345  1274 1515 2132 2343 2950 3111 3796 3819 3088 1359 344  3411 826  447  1342 1167 1816 1959 2294 2859 2776 3149 354  3473 3278 3827 3378 179  76   563  1244 977  2732 1433 142  1879 842  2371 1654 2843 2554 3371 3442 
3456 1505 2052 3565 624  2525 252  265  3468 635  1976 945  3224 315  2368 2115 308  405  992  885  1696 2013 2540 2703 3424 3495 1264 549  110  2421 602  141  1090 807  1570 1569 2086 2433 2536 3031 3804 3317 1002 3661 2514 31   3682 367  604  761  1964 1201 3548 1637 478  2131 1238 2647 2098 3121 2986 3623 
3185 2304 2737 3132 931  2256 55   1548 485  408  745  2728 1785 832  1395 3304 3015 644  285  1312 1545 2144 2373 2980 3171 1024 729  3152 1413 370  3447 830  453  1358 1191 1826 1977 2314 2893 3174 3155 366  3487 1686 3829 3414 181  92   569  1252 983  2738 1439 146  1889 862  2377 1658 2851 2558 3373 3446 
3672 1645 2088 3553 1080 2891 288  295  3636 655  696  865  3608 3255 2624 2175 352  1875 1012 915  1748 2037 2596 2751 3460 3531 1328 603  128  2439 610  159  1096 813  1576 1623 2104 2463 2542 3035 48   3337 1038 3665 2526 37   3686 373  628  769  1996 1213 3628 1657 482  2137 1262 2657 2102 3137 2998 3631 
3325 1296 2717 3360 2783 3000 119  1692 473  456  755  888  985  1088 1425 3416 3075 736  375  1316 1605 2204 2355 3068 3129 80   63   3184 1467 374  3501 854  471  1370 1203 1832 1983 2318 2899 3156 3161 402  3493 1698 3839 3426 191  98   571  1268 991  2764 1447 158  1901 866  2381 1678 2857 2566 3389 3466 
3432 1715 2208 1859 1680 3509 1620 319  3640 671  702  895  1122 1145 2618 2325 364  225  1036 1005 1708 2067 2656 2781 3476 3537 1424 639  130  2493 632  177  1102 831  1582 1641 2110 2469 2546 3043 162  3341 1074 3667 2586 41   3688 379  652  773  2012 1217 3644 1663 502  2141 1282 2659 2122 3163 3022 3637 
1225 792  2755 2898 2873 2100 143  1890 517  1120 817  918  995  1302 1255 3458 3195 748  435  1352 1635 2212 2379 2996 3165 3836 45   3376 1503 376  3573 856  489  1378 1227 1834 2019 2330 2901 2782 3173 426  3497 1758 3841 3462 193  116  577  1324 997  2804 1451 166  1907 878  2383 1706 2861 2578 3391 3482 
1584 1729 2232 3625 3136 3751 3150 323  2800 1287 3200 1007 1128 1165 1518 1315 392  135  1078 1065 1804 2085 2668 2769 3488 3567 1552 657  136  2523 646  183  1106 843  1586 1671 2114 2481 2570 3039 2930 3349 1086 3679 2598 43   3702 383  668  787  2036 1223 3676 1667 514  2143 1286 2663 2126 3167 3046 3643 
455  864  2765 3348 1025 2544 187  2730 527  1400 1881 1600 1139 1416 1253 1674 1355 812  465  1372 1653 2236 2397 3020 3201 112  75   3568 1557 410  3609 872  501  1384 1257 1846 2031 2338 2911 2786 3153 3058 3503 1842 25   3478 197  124  587  1348 1009 2836 1453 178  1913 886  2389 1714 2879 2582 3407 3494 
2448 1771 2652 3619 648  2575 468  341  2240 1683 3220 2871 3440 1189 330  1337 1752 1405 1148 1095 1876 2091 2620 2829 3484 3585 1616 711  152  2529 638  201  1112 849  1592 1689 2134 2487 2626 3047 2936 3291 3170 3683 2634 53   3704 389  692  797  2084 1229 3698 1669 526  2153 1294 2671 2138 3169 3062 3659 
3575 1152 2849 2340 1421 2288 35   1908 533  1960 2673 560  2907 700  1261 690  1391 1896 1529 1376 1695 2254 2403 3038 3219 176  117  3632 1587 406  3681 874  519  1390 1263 1864 2049 2344 2913 2792 3183 3064 3459 3286 49   3470 199  148  593  1388 1013 2876 1459 194  1931 898  2393 1718 2887 2594 3413 3506 
3024 1885 2484 3773 3060 2989 396  305  3492 697  2660 2691 3760 3069 280  1339 1230 1457 2058 1585 1862 2133 2650 2847 3550 3633 1648 747  154  2547 658  213  1118 879  1598 1707 2146 2517 2630 3053 2938 3309 3176 3651 3382 47   3706 397  716  809  2092 1231 3716 1693 538  2161 1306 2677 2174 3181 3086 3671 
3025 2268 2795 3384 1183 2760 203  2028 497  1650 851  3740 1323 3700 3627 2030 1387 1830 1537 2322 1679 2050 2409 3050 3237 272  99   3664 1611 418  3771 890  537  1394 1293 1886 2073 2354 2921 3222 3193 3070 3489 3298 3831 3490 211  164  599  1396 1019 2908 1471 202  1933 914  2399 1726 2897 2602 3433 3518 
2016 1955 1386 3655 528  3283 960  329  1140 679  2550 1027 800  2793 1640 3807 3010 1469 2046 1603 2490 1751 2716 2889 3556 3597 1712 801  170  2637 664  219  1130 921  1606 1713 2152 2559 2648 3065 36   3353 3182 3669 3374 59   3714 401  722  811  2164 1237 3748 1697 542  2179 1318 2683 2182 3187 3098 3673 
715  2352 2875 2464 1075 2754 161  600  511  1710 869  3660 1141 440  3843 2360 513  320  1541 2328 1673 2706 1807 3052 3243 208  147  3728 1629 424  3789 902  543  1406 1299 1898 2103 2378 2923 3228 3197 438  3505 3302 3837 3502 223  172  601  1412 1021 2932 1481 206  1949 922  2411 1754 2903 2606 3449 3554 
3528 2015 1428 3835 336  2645 612  343  1170 707  2580 1003 3750 1207 1720 441  3190 837  580  1631 2538 1735 2982 1891 3580 3621 1744 867  182  2763 670  237  1162 933  1630 1731 2158 2571 2662 3071 24   3365 1146 3695 3406 61   3730 409  724  821  2188 1249 3764 1699 554  2203 1322 2687 2186 3191 3106 3677 
935  1344 2915 3108 1175 2832 65   2124 551  1860 871  3690 1147 980  3663 2440 357  160  1113 1210 1687 2712 1817 3186 1921 304  153  3824 1719 430  81   904  573  1414 1317 1910 2127 2390 2929 3252 3199 474  3521 1866 121  3512 227  188  607  1436 1031 2956 1483 214  1951 926  2417 1762 2909 2614 3457 3566 
3276 2035 1596 3685 3822 2675 588  335  3708 703  2610 1037 180  1199 910  1089 3250 783  620  1431 1660 1757 3030 1853 3336 1981 1808 873  184  2799 682  249  1166 939  1634 1761 2162 2577 2666 3073 30   3377 1158 3707 2658 67   3736 419  764  823  2228 1259 3788 1709 562  2207 1346 2689 2194 3203 3118 3691 
1045 1764 3055 3402 1325 2576 85   2178 505  462  893  240  1157 2450 891  2170 561  140  1131 1220 1659 2060 1799 3198 1939 3624 2051 100  1737 434  15   938  579  1426 1329 1912 2157 2398 2931 2794 3227 498  3523 1878 169  3514 229  212  613  1468 1033 2972 1487 218  1973 934  2423 1766 2917 2638 3461 3574 
1512 2125 1932 275  816  2725 684  355  168  685  714  1067 300  1219 1190 1521 3290 897  740  1419 1690 2109 2684 1883 3354 1985 324  2149 190  2817 686  267  1178 951  1670 1779 2168 2589 2674 3057 2984 3379 1182 3713 2694 71   3766 421  772  827  2252 1277 3812 1721 566  2213 1354 2693 2206 3209 3134 3697 
1105 504  2945 2912 1475 2928 115  2196 515  546  785  966  1159 120  1271 2530 663  200  1161 1340 1743 2140 2451 3104 1927 3738 2071 108  2191 442  27   946  591  1432 1347 1918 2181 2410 2941 2806 3189 3074 3545 1902 289  3522 233  236  617  1492 1039 3004 1489 226  1979 958  2437 1774 2927 2642 3463 3578 
3696 2185 1638 425  912  2825 768  365  216  695  744  905  1218 1241 390  1343 3320 861  650  1479 1780 2121 2740 2919 3596 1991 192  2155 228  2257 710  291  1192 993  1688 1797 2198 2631 2678 3063 2954 3327 3178 3715 2742 73   3782 431  788  829  2276 1279 16   1723 586  2221 1366 2699 2218 3217 3142 3701 
1235 672  3145 3234 1445 3078 125  2412 535  552  815  984  1055 1464 1267 750  1393 220  1173 1364 1677 2180 2553 3116 3297 368  2077 126  2195 486  2327 986  597  1442 1371 1928 2199 2414 2933 2810 3207 3082 3513 3322 361  3526 239  242  619  1516 1049 3028 1493 254  1987 974  2441 1814 2939 2654 3467 3602 
2772 2375 2436 325  1104 3125 828  371  264  721  858  955  1242 1195 1566 1349 1290 1477 820  1443 1888 2139 2756 2865 3572 3615 2032 2165 276  2263 666  2419 1208 1011 1702 1803 2216 2643 2686 3093 3002 3351 3206 3687 3422 79   3786 433  796  839  2284 1283 6    1733 614  2237 1382 2707 2234 3221 3158 3709 
1495 756  3245 3444 1525 2992 95   2556 545  594  835  1026 1115 1326 1273 870  1397 1938 1561 1420 1749 2150 2607 3164 3333 464  171  196  2197 444  2329 852  2483 1448 1383 1930 2217 2422 2935 2822 3205 3112 3543 3310 9    3530 241  244  631  1532 1051 3044 1499 262  1993 982  2447 1822 2953 2722 3469 3622 
1848 2405 2142 475  1134 3175 882  377  378  713  798  965  1254 1205 1554 1357 1410 1507 2130 1639 1850 2163 2780 2937 3604 3699 2096 909  230  2279 708  2429 1098 2519 1730 1821 2222 2649 2696 3085 42   3383 3208 3693 3434 83   3790 439  844  853  2308 1289 8    1741 622  2239 1402 2711 2246 3229 3166 3719 
1615 924  3335 3366 1675 3248 155  2628 559  1470 899  1032 1135 1482 1285 1704 1403 1974 1577 2346 1691 2260 2613 3140 3363 496  207  256  1773 470  2353 876  2489 1314 2587 1946 2229 2438 2947 3258 3215 534  3551 3346 529  3538 251  268  641  1556 1061 3076 1511 274  1997 998  2459 1838 2957 2734 3491 3646 
2184 2465 2394 575  1232 2925 2156 391  3080 731  2820 1043 1272 1211 1608 1345 1806 1415 2136 1643 2478 1763 2812 2877 3616 3657 2192 927  232  2853 712  2435 1164 2533 1668 2651 2230 2661 2690 3091 54   3385 1194 3737 2766 89   3794 443  892  857  2348 1291 10   1747 626  2243 1418 2713 2258 3251 3194 3727 
1265 936  3355 3552 1775 3344 1755 3388 1989 1540 901  810  1169 270  1313 1722 1385 1914 1535 2424 1685 2814 1819 3124 3345 512  243  484  1791 472  21   962  2491 1356 2603 1926 2759 2456 2949 2824 3223 582  3563 1986 841  3544 257  284  643  1588 1063 3092 1523 278  1999 1006 2467 1858 2963 2746 3499 3662 
2688 2255 2604 605  1392 3275 2816 3105 1408 2223 3500 1073 450  1243 510  1363 1794 1465 2214 1633 2562 1745 3048 1895 3626 3723 2224 963  238  2883 730  303  1246 2537 1734 2653 2166 2839 2698 3077 78   3397 1266 3743 2778 97   3806 449  908  859  2372 1297 14   1753 634  2251 1438 2719 2302 3253 3202 3733 
1375 1092 3485 3588 1519 3216 145  3724 3315 1736 2277 1040 1177 210  1331 930  1411 1998 1555 2418 1711 2838 1829 3288 1943 592  261  676  1899 488  33   970  633  1474 2599 1956 2761 2502 2951 3324 3233 606  3569 2022 961  3558 263  292  647  1604 1069 3148 1531 298  2003 1018 2473 1874 2969 2762 3511 3694 
2856 2365 2646 725  1536 3425 972  395  1288 495  2176 693  1280 1247 570  1351 1590 1501 2226 1649 2568 1765 3066 1903 3390 2021 2384 981  248  2979 742  309  1222 1041 1738 2669 2286 2831 2826 3095 66   3401 1338 3749 2802 101  3818 457  916  863  2396 1301 22   1759 662  2267 1454 2729 2306 3257 3214 3739 
1595 1176 3289 3612 1805 3408 185  2988 565  1664 3465 2944 1617 520  1333 1110 1417 1992 1565 2442 1703 2862 1835 3294 1957 3768 2095 1156 2007 494  51   994  669  1462 1389 1958 2771 2532 2959 3372 3235 618  3587 2082 1369 3562 269  316  653  1636 1087 3188 1543 302  2011 1042 2477 1882 2971 2798 3517 3722 
3192 2431 2520 2057 1456 3475 1044 403  384  737  2392 1155 3712 2961 1870 1379 1770 1513 2262 1655 2616 1769 3102 1897 3498 2005 1458 2167 250  3033 754  321  1256 1047 1742 1839 2242 2845 2868 3097 102  3403 1362 3755 2874 103  3830 461  932  877  2404 1303 26   1777 674  2269 1466 2731 2326 3259 3218 3761 
1625 1368 1573 3780 3179 3472 205  2844 581  1740 889  3016 1995 1472 567  2470 1441 2010 1589 2472 1717 2886 1841 3210 1963 3774 2101 150  2201 506  57   1010 681  1490 1401 1970 2253 2482 2965 3396 3239 642  3589 2094 1681 3586 271  332  659  1676 1091 3236 1549 314  2017 1046 2503 1894 2999 2818 3527 3734 
1008 2585 2664 2299 1260 3757 1116 407  1350 749  2790 1057 3784 525  2752 2601 3430 1517 2190 1651 2622 1793 3090 1909 3534 2041 60   2159 294  2285 776  327  1258 1059 1778 1851 2248 2721 2702 3103 114  3409 1374 3763 2922 107  3832 463  956  881  2428 1307 34   1783 694  2273 1478 2741 2342 3271 3226 3767 
1705 1224 2821 2400 3211 2940 209  3570 583  1950 913  1360 1449 1216 1665 3542 741  340  1591 2370 1727 2910 1837 3270 1961 3810 2117 132  2215 492  2335 1016 687  1498 1437 1978 2271 2486 2973 2830 3241 654  3595 2118 1849 3590 277  338  661  1682 1093 3244 1553 326  2027 1082 2521 1906 3001 2846 3529 3742 
1872 1855 2244 3731 1320 221  840  437  420  779  3180 1079 1100 3087 3008 2385 476  957  850  1661 2670 1781 3144 1919 3486 2033 72   2171 306  2291 726  2443 1270 1077 1784 1857 2264 2733 2710 3099 3014 3415 1398 3781 2946 109  3838 467  964  883  2452 1319 38   1787 698  2281 1486 2749 2362 3299 3238 3769 
385  1248 2905 3762 1813 2970 247  2310 589  1820 943  880  1701 640  1053 3752 3225 868  1221 1450 1739 2958 1843 3318 1945 3666 2105 198  2219 516  2359 948  2497 1510 1461 1990 2283 2488 2977 2872 3247 678  3599 2154 2209 3592 281  356  673  1684 1097 3284 1559 334  2029 1094 2531 1934 3011 2854 3533 3746 
2592 2065 2508 3745 1488 3479 3520 481  630  781  2850 1081 1300 3267 1330 297  416  165  1196 1491 1892 1795 3162 1915 3576 2045 84   2173 342  2305 732  2453 1206 2561 1786 1893 2266 2757 2714 3101 138  3419 1434 3785 2994 113  64   479  1004 887  2468 1321 46   1789 706  2287 1502 2753 2374 3301 3242 3779 
595  1056 3115 3816 1825 3536 3591 2200 611  2070 917  1520 1827 680  1863 2590 621  884  555  1504 1767 2272 1865 3306 1967 3834 2119 204  2231 522  2363 954  2495 1422 2605 2006 2307 2494 2981 3438 3263 762  3601 2202 2809 3594 283  388  677  1724 1103 3292 1567 346  2039 1114 2539 1942 3019 2858 3539 3754 
2736 2093 2784 3815 1776 3577 1760 2457 3040 763  3330 1099 1700 3159 770  3249 3410 903  1276 1185 1924 2187 2788 1937 3618 2047 90   2177 348  2315 738  2449 1212 2545 1746 2681 2270 2787 2726 3107 174  3421 1446 3787 3018 127  3842 487  1028 907  2476 1327 58   1801 718  2293 1514 2767 2386 3307 3254 3793 
805  1188 3059 3828 1975 3726 217  2720 2079 2600 959  1840 1911 760  1377 2680 399  260  1239 1508 1809 2312 2445 3196 1969 144  2123 156  2227 558  2369 996  2501 1494 2611 1962 2773 2504 2983 3474 3265 786  3611 2238 3481 3598 293  404  683  1732 1109 3308 1571 358  2053 1126 2543 1954 3023 2866 3541 3758 
3564 2135 2574 175  1782 3725 1332 413  2080 3213 3680 3003 1900 3339 1880 189  3560 969  860  1533 1940 2211 2828 2895 3668 2059 96   2183 372  2317 774  2455 1236 2563 1788 2701 2292 2855 2892 3113 186  3427 1506 3791 3054 131  12   491  1052 911  2524 1361 62   1811 734  2297 1522 2777 2402 3313 3274 3797 
665  1404 3395 3072 2009 3504 215  3042 553  2860 1071 2000 1953 920  1539 2750 483  500  1209 1564 1833 2324 2505 3146 3405 656  2147 234  2245 564  2395 1014 2507 1524 2615 2004 2779 2676 2987 3516 3269 822  3629 2274 3721 3606 307  412  691  1756 1117 3316 1579 362  2063 1138 2549 1966 3037 2878 3547 3778 
3312 2233 2952 245  2064 3703 1452 415  312  791  3800 819  2300 3393 1610 351  3230 987  950  1551 1952 2193 2842 2943 3652 3741 2416 2189 414  2321 804  2461 1278 2567 1818 2705 2316 2863 2934 3127 222  3431 1542 3799 3126 137  18   499  1058 919  2564 1367 74   1823 746  2309 1538 2789 2426 3319 3314 3803 
875  1632 3311 576  2023 3480 259  3204 629  2250 923  2320 2331 1000 2349 2840 609  380  1269 1460 1869 2332 2595 3172 3417 752  279  1444 2249 636  2407 1062 2509 1572 2623 2034 2785 2682 2993 3546 3277 834  3635 2298 5    3614 311  428  701  1772 1123 3356 1583 382  2069 1142 2551 1982 3041 2894 3557 3802 
1728 2345 2964 539  1560 2401 900  427  1380 767  3400 1197 2420 3381 2090 273  400  999  1060 1581 2020 2241 2848 2955 3692 3729 2512 1017 266  2323 846  2471 1284 2569 1812 2723 2358 2867 3006 3131 246  3437 1578 3805 3138 149  20   503  1076 929  2572 1373 82   1831 758  2311 1546 2791 2434 3323 3326 3821 
1001 1656 3157 2700 2107 3510 253  780  623  2220 949  2480 2499 1160 2511 2920 627  350  1311 1484 1887 2336 2619 3212 3423 688  333  2116 2043 518  2413 1068 2513 1602 2627 2076 2807 2718 2995 3582 3281 894  3641 2334 7    3634 313  436  709  1796 1129 3362 1597 386  2081 1154 2557 1994 3049 2902 3559 3814 
3600 2261 1440 637  1920 77   360  451  1500 793  3450 1111 2900 3519 1750 429  3710 1023 940  1593 1988 2235 2852 2985 3718 3753 2608 1083 286  3123 782  2479 1308 2573 1854 2735 2364 2881 3012 3133 258  3439 1614 3809 3246 139  28   509  1084 937  2588 1381 86   1847 766  2333 1574 2797 2446 3329 3334 3823 
1309 3120 3451 3300 2303 3720 287  1020 649  2380 979  2560 2541 1240 2997 2870 759  490  1353 1550 1947 2356 2667 3232 3429 848  363  3364 2061 530  39   1022 2515 1644 2629 2148 2813 2724 3005 3684 3287 906  3647 2382 11   3638 317  452  719  1828 1151 3412 1601 394  2083 1174 2579 2018 3061 2906 3571 3826 
2880 2387 1800 833  2280 91   480  469  1530 803  3540 1133 3100 3549 2120 459  3770 1107 1150 1599 1972 2247 2888 2967 3610 3759 2672 1143 290  3141 790  339  1298 2581 1884 2743 2388 2869 3084 3139 282  3443 1626 3811 3282 151  32   521  1108 941  2612 1399 94   1861 778  2339 1594 2801 2458 3331 3338 3833 
1463 3240 3367 3420 2597 720  299  660  667  2430 973  2960 2583 1480 3321 2990 651  460  1281 1580 1917 2350 2697 3260 3399 944  369  3844 2097 536  69   1030 699  1526 2641 2172 2815 2748 3007 3732 3293 942  3649 2406 13   3642 331  508  727  1844 1153 3428 1607 398  2087 1186 2591 2026 3067 2918 3581 4    
2160 2639 1980 1127 2040 133  540  493  1050 799  3630 1121 3380 3717 2210 231  2500 1029 1180 1647 2044 2301 2884 3009 3620 3783 2768 1179 296  3177 806  381  1304 1101 1790 2747 2466 2885 3114 3143 318  3455 1662 3817 3342 157  44   523  1124 947  2636 1409 106  1867 794  2341 1618 2803 2462 3343 3386 1    
1547 2640 3689 3840 2527 1200 301  990  689  2460 989  3280 2709 1430 3483 3160 777  550  1407 1612 1905 2492 2679 3296 3441 976  387  40   2151 568  87   1034 717  1528 1473 2008 2827 2796 3013 3756 3295 978  3653 2454 17   3656 337  524  733  1852 1163 3436 1609 422  2089 1198 2593 2038 3079 2942 3583 2    
