3024 1105 3696 2945 2664 1445 1232 2925 2816 1575 1672 1365 2728 3045 3968 1935 308  1875 1184 1005 1708 1605 2366 2355 3196 2985 272  3729 3376 657  322  2367 808  69   1310 699  1802 1497 2330 2433 2830 3281 42   3653 1086 289  2526 211  76   601  1252 1031 2764 1487 122  1979 838  2441 1654 2953 2558 3491 3466 
3575 2688 2125 924  3965 3762 3725 3344 2835 1144 3675 2176 1995 3256 525  1856 3015 748  435  1484 1335 2048 2085 2852 2715 3626 3429 1616 147  104  1467 574  3357 1048 339  1544 1101 2086 1941 2630 2931 3170 3439 498  3827 1758 53   3522 401  604  821  1996 1259 3644 1721 458  2221 1234 2707 2098 3229 2998 3727 
2016 1235 2772 3055 2784 1475 1392 205  3328 2205 1768 1155 2944 3255 3944 2115 352  225  1196 1065 1748 1635 2444 2373 3212 3021 80   3723 3568 711  344  2421 814  87   1336 717  1816 1509 2338 2463 2834 3287 54   3661 1146 361  2586 223  92   607  1268 1033 2804 1489 134  1987 842  2447 1658 2957 2566 3499 3482 
3025 2856 2185 1386 325  3808 3775 3216 395  1408 945  2392 2625 3496 735  1984 3075 836  465  1504 1431 2068 2091 2888 2727 3620 3423 1648 153  128  1503 590  3411 1054 381  1558 1119 2104 1959 2648 2949 3176 3455 534  3829 1842 59   3558 409  628  823  2012 1277 3676 1723 466  2237 1238 2711 2102 3251 3022 3733 
3276 1265 2268 3335 2904 1525 1456 215  588  535  1976 1785 3016 3885 1936 2175 392  135  1204 1095 1804 1695 2492 2379 3260 3051 304  3741 3632 747  370  2439 824  111  1334 723  1826 1527 2344 2469 2872 3291 3374 3665 1158 529  2598 227  98   613  1324 1039 2836 1493 142  1993 862  2459 1678 2963 2578 3511 3494 
935  2184 2255 1428 475  3816 3925 3408 415  1116 695  2432 2415 3608 1395 2368 3195 868  555  1508 1455 2108 2109 2884 2739 3650 3441 1712 171  130  1557 598  3447 1066 393  1562 1137 2110 1977 2662 2973 3178 3453 3512 3839 1866 61   3594 419  652  827  2036 1279 3698 1733 478  2239 1262 2713 2122 3253 3046 3739 
3528 1375 3864 3245 2898 1675 1488 235  612  545  2028 835  3224 315  2704 2325 416  165  1274 1161 1862 1809 2350 2403 3232 3081 368  3753 3664 801  374  2493 826  93   1342 753  1832 1563 2354 2481 2882 3293 3406 3579 3634 841  2634 229  116  617  1348 1049 2876 1499 146  1997 866  2467 1706 2969 2582 3517 3506 
715  3192 2365 1596 3905 3822 625  3472 445  1332 745  2628 965  3712 1425 2624 3225 884  615  1564 1443 2050 2121 2890 2751 3652 3435 1744 207  136  1587 602  3501 1070 411  1570 1149 2114 1983 2666 2991 3206 3459 3514 3747 3736 67   3606 421  668  829  2084 1283 3716 1741 482  2243 1282 2719 2126 3257 3062 3761 
1512 1495 2352 3355 2912 1775 1536 265  684  565  2124 865  3492 1079 784  2385 476  285  1276 1029 1450 1743 2516 2409 3268 3111 464  3759 3728 873  376  2523 830  123  1358 771  1834 1569 2378 2487 2914 3295 3382 3603 3638 3903 3854 233  124  619  1388 1051 2908 1511 158  1999 878  2473 1714 2971 2594 3527 3518 
1045 1008 2375 1638 275  3876 35   3504 427  1452 749  2844 973  264  1159 2752 3285 928  645  1612 1491 2060 2133 2924 2769 3668 3471 1808 243  152  1611 610  3573 1090 417  1576 1167 2134 2019 2674 3027 3182 3473 3526 3777 3766 71   3642 431  692  839  2092 1289 3748 1747 502  2251 1286 2729 2138 3259 3086 3767 
3744 1595 1344 3485 2964 1825 1776 295  768  623  3690 893  3100 1081 462  1241 532  195  1292 1113 1460 1767 2540 2553 3296 3165 496  3765 3824 867  406  2529 854  129  1370 789  1846 1623 2390 2517 2930 3309 3422 3639 3656 3909 3874 239  148  631  1396 1061 2932 1523 166  2003 886  2477 1718 2999 2602 3529 3554 
1925 1728 2405 1932 605  3906 55   3536 469  3450 763  3750 989  210  1189 744  1339 968  705  1628 1479 2132 2139 2948 2829 3692 3477 2032 261  154  1629 632  3609 1096 447  1582 1191 2146 2031 2678 3039 3208 3487 3530 3831 3782 73   3678 433  716  853  2164 1291 3764 1753 514  2267 1294 2731 2174 3271 3098 3769 
2808 1085 1632 3445 2952 1805 1904 1485 1664 629  3870 899  2450 1111 510  1253 930  1403 1312 1131 1550 1869 2528 2397 3340 3129 512  3783 3856 909  410  2547 856  141  1378 807  1864 1641 2398 2559 2936 3305 78   3667 3658 3921 3878 241  164  641  1412 1063 2956 1531 178  2011 898  2503 1726 3001 2606 3533 3566 
2695 2496 2065 2052 3605 3828 65   3584 2565 616  779  180  1003 270  1169 750  1343 1290 1507 850  1533 2140 2163 2950 2781 3718 3495 2096 279  170  1719 638  3681 1102 453  1586 1203 2152 2049 2686 3057 3262 3503 582  3841 3790 79   3702 439  722  857  2188 1297 3788 1759 526  2269 1306 2741 2182 3299 3106 3779 
3456 1295 1248 2765 2976 1975 1782 305  2548 3375 1288 901  3636 1099 552  1261 1032 1397 1590 1591 1580 1833 2596 2451 3350 3171 592  3801 100  927  418  2637 872  159  1384 813  1886 1671 2410 2571 2938 3317 66   3679 1182 961  2658 251  172  643  1436 1069 2972 1543 194  2017 914  2521 1754 3011 2614 3539 3574 
2275 2112 2135 2088 3745 3936 85   3726 473  728  3135 2296 985  312  1165 798  1345 1302 1517 1830 1691 2144 2187 2980 2847 3772 3507 2192 333  182  1737 646  3771 1106 471  1592 1227 2158 2073 2690 3063 3266 3493 606  3845 1878 83   3714 443  724  859  2228 1301 3812 1777 538  2273 1318 2749 2186 3301 3118 3793 
3168 1435 1404 2905 3036 2075 1968 259  2820 649  1624 495  2744 1115 546  1255 1122 1405 1608 1603 2130 1781 2620 2607 3404 3201 656  3819 196  963  424  2763 874  177  1390 831  1898 1689 2414 2577 2954 3327 3434 3683 1194 1369 2694 257  188  647  1468 1087 3004 1549 202  2027 922  2531 1762 3019 2638 3541 3578 
2975 3648 2345 2208 3815 3072 77   2460 493  1470 781  2408 765  3416 1177 888  1349 1326 1529 1938 1703 2424 1883 3020 2877 3796 3531 2224 363  184  1773 658  3789 1112 489  1598 1257 2162 2103 2696 3093 3272 3489 3544 3859 1902 89   3786 449  764  863  2252 1303 3868 1783 542  2281 1322 2753 2194 3307 3134 3797 
2376 1505 1656 3115 3096 2225 2064 323  3080 667  240  913  2968 1035 448  1271 1110 1441 1674 1631 2190 1793 2670 1943 3424 3219 688  3813 256  981  430  2799 890  183  1394 843  1910 1707 2422 2589 2984 3337 3448 3651 3670 1681 2742 263  212  653  1492 1091 3028 1553 206  2029 926  2539 1766 3023 2642 3547 3602 
3185 3264 2485 2232 3955 576  91   2580 527  1540 793  300  1027 3752 1665 3008 1351 1410 1537 1992 1711 2472 1891 3048 2005 3836 3537 2384 369  190  1791 664  3879 1118 501  1606 1263 2168 2127 2698 3099 3278 3497 3538 3837 3794 97   3846 457  772  877  2276 1307 3884 1787 554  2287 1346 2767 2206 3313 3142 3803 
3672 1625 1824 3395 3132 2425 2256 341  3640 2907 3850 923  3700 3159 704  2535 544  1417 1704 1639 2214 1795 2706 1945 3198 2123 752  3855 484  1017 434  2817 902  201  1406 849  1912 1713 2438 2631 3002 3341 102  3695 3674 3957 3886 269  236  659  1516 1093 3044 1559 214  2039 934  2543 1774 3037 2654 3557 3622 
3325 2304 2465 2484 175  2916 95   3792 517  1820 3519 700  2871 1190 1053 3392 3525 992  1535 1974 1717 2442 1865 2958 2033 3576 2197 2416 387  230  1899 670  3897 1130 519  1630 1293 2198 2157 2702 3117 3286 3505 618  3865 3806 101  3858 461  788  881  2284 1319 3908 1789 562  2293 1354 2777 2218 3319 3158 3821 
3432 1615 1848 3515 3348 2525 2106 301  2850 671  560  2691 280  3267 1330 3807 572  105  1352 1643 2262 1799 2712 1957 3288 2147 3894 2305 676  1083 442  2853 904  213  1414 879  1918 1731 2456 2643 3014 3349 114  3707 1266 1849 2766 271  242  661  1532 1097 3076 1567 218  2053 958  2549 1814 3041 2722 3559 3646 
1225 1296 2635 2436 575  3948 115  3952 497  3540 799  800  3069 910  891  2590 459  988  795  1652 1727 2490 1897 3102 2045 3618 2201 84   2407 238  2007 682  3951 1162 537  1634 1299 2216 2181 2710 3147 3302 3521 642  3869 1986 103  3882 463  796  883  2308 1321 3932 1801 566  2297 1366 2789 2234 3323 3166 3823 
1584 1645 1716 3565 3108 2575 2128 3825 3872 679  810  917  520  3663 1750 1089 3290 561  1316 1173 1660 1807 2838 1961 3294 2149 3912 2315 228  2491 472  2979 938  219  1426 921  1928 1761 2482 2649 3026 3351 3454 3713 1338 2209 2778 277  244  673  1556 1103 3092 1571 226  2063 974  2551 1822 3049 2734 3571 3662 
455  792  2555 2244 725  3136 2475 1568 3105 1496 791  450  1007 1610 1377 2840 351  3710 897  860  1551 2150 1909 3066 2059 3534 2215 96   2419 486  2561 686  81   1166 543  1670 1317 2222 2199 2714 3153 3298 3513 3562 3883 2022 107  3918 467  844  887  2348 1327 3964 1811 586  2309 1382 2791 2246 3329 3194 3833 
2448 1715 1836 3535 3366 2645 3248 1755 3332 3705 2024 949  3708 1121 770  1521 3320 621  380  1209 1780 1887 2650 1963 3318 2159 3942 2317 234  2489 732  2627 946  237  1432 933  1930 1779 2486 2661 3032 3353 3464 3669 3682 2809 2802 281  268  677  1588 1109 3148 1579 254  2069 982  2557 1838 3061 2746 3581 3694 
385  864  2585 2652 245  432  125  1792 2145 896  2025 2552 995  378  1207 2870 429  320  861  940  1581 2180 2193 2996 2071 3624 2219 90   2413 492  2563 1014 2747 1178 573  1688 1329 2230 2217 2726 3183 3310 3523 3586 3849 3818 109  3922 479  892  907  2372 1361 16   1823 614  2311 1402 2797 2258 3331 3202 3847 
1872 1705 1764 3625 3384 2675 2288 2295 3724 2805 1736 585  2926 1135 594  1273 3430 663  460  1221 1690 1917 2656 2445 3476 2165 144  2321 276  2495 738  2623 1284 2827 1442 939  1946 1797 2488 2721 3034 3369 3470 3687 3686 3963 3890 283  284  683  1604 1117 3188 1583 262  2081 998  2579 1858 3067 2762 3583 3722 
595  936  2755 2142 775  336  145  2156 3315 1064 3795 2584 975  3542 1195 858  1357 140  957  950  1593 2204 2211 3038 2865 3892 2227 108  2429 516  2567 1062 2743 1644 2899 1702 1347 2242 2229 2758 3189 3322 3543 3590 3867 3830 113  3926 487  908  911  2396 1367 6    1831 622  2333 1418 2801 2302 3343 3214 3851 
2592 1855 1944 3685 3402 2725 2544 335  3388 3915 2072 675  3128 1215 832  1267 1128 1411 490  1269 1850 1947 2668 2505 3484 3243 848  2323 306  2497 774  2629 1308 2831 1884 2959 1970 1803 2494 2733 3058 3365 3478 3693 3688 9    3896 293  292  691  1636 1123 3236 1597 274  2083 1006 2591 1874 3079 2798 3593 3734 
665  1056 2665 2394 845  528  119  288  485  952  3645 2618 1125 3458 1725 3776 1355 1416 1541 1060 1599 2212 2235 3052 2889 3820 3567 2512 2435 522  2569 1068 2761 1668 2911 2166 3013 2248 2253 2770 3207 3346 3545 3592 3873 3832 127  3928 499  916  919  2404 1373 8    1847 626  2339 1438 2803 2306 3347 3218 3853 
3312 1885 504  3655 3234 2825 2832 329  828  635  2002 855  3094 1305 1088 2745 608  1415 1722 1649 1876 1905 2684 2595 3488 3237 944  3939 1156 2501 804  2641 1314 2839 1926 2965 2388 3071 2504 2757 3064 3377 138  3715 3704 3481 2874 307  316  701  1676 1129 3244 1601 278  2087 1018 2593 1882 3083 2818 3607 3742 
875  1152 2795 2464 925  624  133  2550 511  1476 755  2632 825  3848 1815 224  3555 1012 1555 1914 1735 2236 2241 3068 2895 3916 3585 2608 423  232  2573 1098 2759 1746 2921 2172 3017 2724 3107 2774 3215 3582 3551 654  3893 2082 131  3934 491  932  929  2428 1381 10   1861 634  2341 1454 2819 2326 3359 3226 3863 
2736 1955 672  3835 3444 3125 2754 343  2860 703  2178 895  3304 1275 1216 2655 644  255  1364 1651 2226 1817 2716 2679 3556 3345 976  3945 1444 1143 470  2651 1356 2845 1956 2977 2466 3073 2934 3151 3324 3379 174  3737 1362 3721 2922 311  332  709  1682 1151 3284 1607 298  2089 1042 2609 1894 3089 2846 3613 3746 
805  1188 2875 2508 1075 648  155  396  551  1960 817  2988 1037 3784 1845 3904 3735 1036 885  1666 1739 2478 1895 3104 2937 3956 3597 2672 477  248  2043 710  2771 1788 2923 2286 3029 2748 3113 3222 3223 3684 3563 678  3899 2094 137  3938 503  956  937  2452 1399 14   1867 662  2347 1466 2833 2342 3361 3238 3877 
3564 2015 756  3875 3552 3175 2576 355  882  689  1360 943  3852 1139 1472 2775 736  375  1372 1185 1888 1819 2814 1969 3460 3297 1072 729  2116 1179 488  2883 962  2855 1962 2981 2502 3077 3006 3155 3372 3383 186  3743 1374 5    2946 313  338  719  1684 1153 3292 1609 302  2099 1046 2617 1906 3109 2854 3617 3754 
1015 1224 2915 2646 1025 816  185  252  505  1548 803  980  1067 384  1199 364  405  1078 915  1694 1515 2254 1903 3090 2051 3860 3621 2768 507  250  2061 712  15   1192 2929 2292 3031 2796 3127 3174 3227 3732 3569 762  3901 2118 139  3954 509  964  941  2468 1409 22   1871 674  2351 1478 2837 2362 3371 3242 3881 
3888 2035 1092 3895 3588 3275 2928 365  972  655  2196 979  3924 1133 570  1331 812  345  1376 1245 1892 1965 2756 1967 3306 2167 1168 45   3364 1233 494  3033 986  249  1448 2983 2532 3085 3012 3161 3396 3385 222  3749 1398 7    2994 317  356  727  1724 1163 3308 1613 314  2111 1082 2621 1934 3119 2858 3623 3758 
1001 1368 3145 2574 1175 912  161  468  515  1692 785  3042 1043 390  1211 870  1387 1148 969  1696 1545 2272 2247 3050 2077 3666 2231 2864 531  266  2097 730  21   1208 579  1730 3043 2826 3131 3228 3233 3756 3587 786  3935 2154 149  3962 521  1004 947  2476 1423 26   1873 694  2357 1486 2843 2374 3373 3254 3889 
3600 2431 1176 425  3612 3425 2992 371  1044 685  2412 905  216  1141 690  1313 1218 1457 500  1239 1924 1971 2740 2613 3550 2173 3930 2329 3844 1251 506  3123 970  267  1462 951  1958 3095 3084 3173 3438 3397 246  3755 1434 11   3018 331  388  733  1732 1171 3316 1619 326  2113 1094 2633 1942 3121 2866 3631 3778 
1309 2700 3553 2604 1325 1104 203  2720 533  1908 815  3204 1055 408  1243 918  1385 1464 1561 1150 1647 2260 2289 3116 2919 3940 2249 126  2453 290  2151 742  27   1222 591  1738 1371 2264 3133 3252 3235 3798 3589 822  3937 2202 151  3966 523  1028 953  2524 1427 34   1877 698  2371 1502 2851 2386 3389 3274 3907 
2880 2717 2520 1859 3654 3475 3078 377  2240 697  2556 955  168  1145 696  1285 1242 1465 1752 1661 1940 2001 2780 2619 3572 3333 1136 2327 294  2507 518  3141 994  291  1474 993  1978 1821 2506 3193 3474 3401 258  3763 1446 13   3054 337  404  739  1756 1181 3356 1621 334  2129 1114 2647 1954 3137 2878 3637 3802 
1463 3060 1573 3360 2783 1134 187  2800 3861 2660 851  3468 1073 456  1205 966  1363 1482 1565 1998 1751 2324 2301 3124 2943 3950 3633 2896 2449 564  2581 776  33   1246 597  1742 1383 2266 2271 2776 3239 3804 3595 834  3941 2238 157  64   541  1052 967  2564 1429 38   1879 706  2377 1514 2857 2402 3391 3314 3911 
2160 2821 2040 2299 3780 3509 2940 391  1120 1683 1520 959  120  1147 702  1315 1254 1477 1794 1655 2322 1829 2788 2667 3580 3363 1250 63   40   2509 846  2653 1010 309  1490 1011 1990 1839 2510 2787 3070 3403 282  3781 1506 17   3126 347  412  743  1772 1187 3362 1627 346  2131 1126 2657 1966 3163 2894 3643 3814 
1547 3300 3731 960  2873 1680 209  2730 583  3220 2673 1280 1057 330  1219 984  1379 1518 1577 2046 1745 2538 1915 3146 2967 1024 3657 3056 549  296  2587 1164 2773 1256 633  1778 1389 2270 2283 2782 3241 48   3599 894  3949 2274 163  12   547  1058 971  2572 1433 46   1889 718  2381 1522 2861 2426 3407 3326 3917 
3960 3059 2970 1127 990  3757 3150 407  420  731  1840 693  640  1157 714  1333 1230 1469 1770 1673 2328 1835 2862 1981 3596 3399 1264 75   56   1341 530  2669 1422 2863 1510 1041 2006 1851 2522 2811 3074 3409 318  3785 1542 19   3138 349  428  751  1796 1193 3412 1637 358  2137 1138 2659 1982 3167 2902 3659 3826 
1729 3840 3857 3520 2303 1650 221  3920 559  3465 871  1700 2541 1480 1247 1026 1391 1554 1633 2010 1757 2568 1919 3144 2095 112  3615 3088 603  286  2169 754  2779 1734 2933 1784 1401 2278 2307 2786 3247 162  3601 906  3953 2298 167  18   557  1076 977  2588 1439 58   1901 734  2383 1538 2879 2434 3413 3334 3919 
2640 3367 2760 1183 1020 3479 2200 1989 1400 713  2000 1323 680  3381 2360 1337 1272 1501 1806 1679 2370 1837 2886 1985 3336 2171 1328 99   70   1359 536  3177 1016 2867 2004 2987 2008 1857 2534 2823 3082 3415 354  3787 1578 23   3246 353  436  757  1828 1201 3428 1657 362  2141 1142 2663 1994 3169 2906 3671 3862 
2093 3420 3773 900  2527 1740 217  3040 1287 2380 2223 1100 2583 1720 1539 2920 1393 1566 1585 2058 1763 2562 1921 3186 2101 3738 2245 3152 639  310  2259 782  39   1258 2935 2316 3035 2282 2319 2792 3261 3352 3611 978  3959 2334 173  20   563  1084 983  2612 1447 62   1907 746  2389 1546 2887 2446 3433 3338 3923 
3240 2849 3000 1421 1170 3577 2080 2079 3680 1881 2320 1449 440  3393 2170 2601 3410 1513 1896 1685 2346 1843 2982 1991 3354 2183 324  2335 88   1413 568  3231 1022 303  1498 2993 2676 3091 2536 2841 3110 3387 3490 3791 1614 29   3282 359  452  761  1844 1213 3436 1663 382  2143 1154 2671 2018 3181 2918 3673 3866 
1771 3900 539  360  2597 1760 3213 3200 2457 1600 3003 1900 2499 1640 1863 3010 513  160  1589 2136 1765 2616 1927 3162 2105 3768 2257 132  2443 328  2313 790  51   1270 669  1786 3047 2868 3139 2794 3263 3358 3561 3598 3961 2382 179  28   569  1108 991  2636 1451 74   1913 758  2393 1574 2897 2458 3449 3386 3929 
3120 3157 3480 1519 1140 3703 2600 3591 3740 819  2480 1617 760  3549 2440 3249 3560 651  550  1687 2418 1841 2910 2021 3486 2189 192  2353 342  2513 584  3303 1030 321  1526 1047 2014 3101 3114 3197 3516 3419 3502 3711 3730 31   3342 367  508  769  1852 1217 3452 1667 386  2153 1174 2677 2026 3187 2942 3677 3898 
2233 1080 3913 480  2891 1860 253  3400 3969 880  1197 1300 2709 1870 2349 2990 231  200  903  1180 1769 2622 1937 3210 2117 3774 2263 150  2461 558  2599 806  57   1298 681  1790 1437 2290 3143 3258 3265 36   3629 3614 3891 3838 181  32   571  1124 997  2644 1453 82   1931 766  2399 1594 2903 2462 3457 3394 3931 
1440 3289 3720 1813 1350 3871 2220 403  3800 1071 2560 1701 920  3627 2530 441  3770 759  580  1281 2020 1853 3030 2041 3390 2177 1458 2359 348  2515 852  2681 1034 327  1528 1059 2054 1893 2542 3199 3546 3421 366  3799 3706 3    3914 373  524  773  1868 1223 3508 1669 394  2161 1186 2683 2038 3191 2962 3691 3902 
2261 1920 637  540  2989 1950 287  2610 553  1040 3927 2300 2793 1880 2511 3160 399  260  987  1210 1653 2332 1939 3270 2119 3810 2279 156  2455 636  2603 1206 2785 1304 687  1798 1461 2294 2361 2806 3269 24   3635 942  25   3842 191  44   577  1132 1009 2692 1459 86   1933 778  2411 1618 2909 2474 3461 3398 3943 
1800 3311 720  2009 1380 3751 2250 413  3180 707  2960 1827 1000 3717 2470 189  3880 777  620  1311 1952 2037 2812 2047 3498 2191 60   2363 372  2519 876  2705 1494 2869 1534 1077 2056 1923 2546 2859 3112 3427 402  3805 1626 37   3378 379  548  787  1916 1229 3524 1693 398  2179 1198 2687 2042 3203 2966 3697 3946 
2387 1560 833  600  3179 1260 247  2790 581  3630 889  2420 2961 2090 2997 3190 483  220  999  1220 1659 2312 2265 3164 2155 3834 2291 198  2471 666  2605 1212 2807 1818 2941 1810 1473 2314 2391 2810 3273 3368 3641 1002 49   2406 193  50   587  1172 1013 2708 1471 94   1949 794  2417 1622 2917 2498 3463 3418 3947 
2340 3451 3510 2023 1500 3887 840  437  3330 721  3280 1911 1160 3843 2680 273  400  741  820  1407 1972 2013 2828 2685 3604 2195 72   2369 444  2533 948  2701 1524 2881 2034 3007 2074 1929 2570 2901 3122 3431 426  3809 1662 41   3414 383  556  797  1922 1231 3532 1697 422  2203 1202 2689 2062 3209 2974 3701 3958 
2737 1320 931  660  3211 2100 299  2310 589  3660 869  2900 3087 2120 3321 3230 609  340  1023 1420 1677 2336 2337 3172 2955 176  2285 204  2483 708  2611 1236 2813 1812 2947 2358 3053 2318 2427 2822 3277 30   3647 1038 121  2454 197  52   593  1228 1019 2732 1481 106  1951 802  2423 1642 2927 2518 3467 3442 3967 
1980 3689 1200 2107 1530 143  1890 481  630  737  3440 1953 1430 3933 2030 297  3910 783  650  1353 1988 2055 2842 2703 3616 3405 1424 2395 414  2545 954  2723 1572 2885 2076 2995 2682 3103 2626 2913 3130 3437 438  3811 1686 43   3426 389  578  809  1948 1237 3548 1699 446  2207 1214 2693 2066 3217 2978 3709 4    
2639 2280 847  780  3283 2070 319  3570 611  3500 2277 3380 3339 2210 3483 3250 627  350  1107 1340 1749 2356 2343 3140 3009 208  3699 3184 2479 726  2615 1278 2815 1854 2951 2364 3065 2892 3149 2824 3279 3370 3649 1074 169  2514 199  68   599  1244 1021 2738 1483 118  1973 818  2437 1646 2939 2554 3469 3446 1    
2400 3619 1620 2057 1710 2401 2430 451  1050 767  3760 2331 1240 567  2750 357  2500 837  740  1419 2044 2067 2848 2697 3610 3417 1552 117  110  2537 996  2735 1602 2893 2148 3005 2718 3097 3156 3205 3154 3443 474  3817 1698 47   3462 397  596  811  1964 1249 3628 1709 454  2213 1226 2699 2078 3221 2986 3719 2    
