3696 1235 1848 3055 2898 1475 1134 155  396  535  1908 835  3492 1099 390  1273 966  1507 1704 1745 2424 1963 3210 2219 144  2501 636  2785 1644 3031 2796 3277 3152 3753 434  801  1034 3177 1598 453  2248 1371 2792 2427 3448 3489 3982 79   2802 443  764  863  2276 1307 3908 1789 526  2297 1318 2791 2194 3331 3142 3851 
1105 2772 2125 1386 3965 3808 3475 3216 365  1044 721  2628 965  216  1199 714  1385 1416 1631 2046 1853 2814 2117 3624 2359 204  2615 1062 2933 2166 3143 3396 3419 136  45   742  1899 1358 87   1928 879  2510 1857 3122 2949 3704 9    212  251  4062 647  1492 1091 3044 1559 178  2053 914  2551 1762 3061 2642 3583 3622 
4032 1495 1008 3145 2904 1525 1232 185  468  545  2028 865  3636 1115 456  1285 1032 1513 1752 1751 2442 1985 3198 2227 324  2507 666  2807 1668 3043 2826 3281 3184 3759 442  873  1048 3231 1606 471  2264 1383 2794 2433 3454 3513 3992 83   2874 449  772  877  2284 1319 3932 1801 538  2309 1322 2797 2206 3343 3158 3853 
3575 1512 2185 1092 3995 3828 3725 3248 395  1116 745  2844 973  264  1165 744  1379 1290 1643 2010 1883 2862 2123 3666 2369 234  2623 1164 2935 2172 3151 3438 3421 170  99   754  2007 1370 93   1930 921  2522 1893 3130 2973 3706 361  1698 257  12   653  1516 1093 3076 1567 194  2063 922  2557 1766 3067 2654 3593 3646 
3024 1265 2268 3245 2912 1675 1392 205  588  565  2124 889  180  1121 462  1313 1110 1529 1770 1757 2472 1967 3270 2231 192  2513 708  2815 1734 3053 2868 3287 3376 3783 470  867  1066 3303 1630 501  2266 1389 2806 2463 3464 3543 4010 89   2922 457  788  881  2308 1321 3964 1811 542  2311 1346 2801 2218 3347 3166 3863 
3025 2184 2255 1428 4015 3906 3775 3344 415  1332 749  240  1007 168  1195 798  1391 1410 1649 2130 1891 2886 2147 3738 2395 276  2627 1098 2947 2286 3155 3474 3427 154  117  776  2043 1378 111  1946 933  2534 1923 3154 2991 3730 529  1758 263  18   659  1532 1097 3092 1571 202  2069 926  2579 1774 3079 2722 3607 3662 
2016 1375 3864 3355 2964 1775 1456 3825 2816 611  3690 913  300  1111 546  1315 1122 1517 1794 1763 2478 1969 3288 2245 1458 2509 726  2813 1788 3065 2892 3293 3568 3765 472  909  1054 3357 1634 489  2270 1401 2810 2469 3470 3561 4024 97   2946 461  796  883  2348 1327 3988 1823 554  2333 1354 2803 2234 3359 3194 3877 
715  2688 2365 1596 275  3936 3925 3472 1755 616  793  3500 1027 210  1207 858  1393 1464 1655 2136 1865 2958 2119 3768 2407 294  2641 1206 2941 2292 3161 3516 3431 182  75   782  2061 1384 123  1958 939  2536 1929 3170 3027 3736 841  1842 269  242  661  1556 1103 3148 1579 206  2081 934  2591 1814 3083 2734 3613 3694 
3528 1595 2352 3335 2976 1805 1488 215  3332 3375 1496 2691 2420 1139 552  1333 1128 1535 1806 1765 2538 1981 3294 2249 60   2519 732  2827 1746 3071 2934 3295 3632 3813 488  927  1070 3411 1670 519  2278 1437 2822 2481 3478 3579 4042 101  2994 463  844  887  2372 1361 4036 1831 562  2339 1366 2819 2246 3361 3202 3881 
935  3192 2405 2142 4085 3948 4075 3408 445  896  3915 2176 1911 1160 1211 750  1397 1482 1661 2214 1895 3048 2149 3774 2413 306  2629 1212 2951 2316 3173 3546 3437 184  147  790  2097 1390 129  1970 951  2542 1941 3176 3039 3766 961  1866 271  244  673  1588 1109 3188 1583 214  2083 958  2593 1822 3089 2746 3617 3722 
3276 1705 1344 3445 3036 1825 1536 235  612  635  1672 4095 2728 3087 2360 1331 1218 1541 1830 1781 2562 1991 3306 2263 72   2515 738  2831 1812 3073 3012 3305 3664 3801 494  963  1090 3447 1688 537  2282 1461 2824 2487 3490 3603 4066 103  3018 467  892  907  2396 1367 4052 1847 566  2341 1382 2833 2258 3371 3214 3889 
1045 2856 2375 1932 325  3996 4067 3504 427  1452 755  2552 3675 3256 2349 2590 1403 1554 1651 2190 1903 2910 2159 3834 2419 342  2651 1236 2959 2358 3193 3582 3439 230  153  806  2151 1394 141  1978 993  2546 1959 3178 3057 3782 1369 1878 277  268  677  1604 1117 3236 1597 218  2087 974  2609 1838 3109 2762 3623 3734 
3744 2035 1764 3485 3096 1975 1776 265  684  623  2178 895  3016 1785 3968 297  3430 1537 1896 1769 2490 2021 3318 2257 84   2533 774  2839 1818 3077 3006 3317 3728 3819 506  981  1096 3501 1702 543  2290 1473 2830 2517 3502 3639 4072 107  3054 479  908  911  2404 1373 4076 1861 586  2347 1402 2837 2302 3373 3218 3907 
1925 1728 2465 1638 425  4004 625  3536 469  3540 763  2988 985  3608 1365 1088 627  3904 1673 2322 1897 3030 2167 3810 2449 348  2653 1278 2965 2364 3197 3684 3443 232  171  808  2169 1406 159  1990 1011 2570 1977 3182 3063 3790 1681 1902 281  284  683  1636 1123 3244 1601 226  2089 982  2617 1858 3119 2798 3631 3742 
2808 1015 1248 3515 3132 2075 1782 295  768  667  3870 917  3708 1135 3944 2415 1856 3885 608  1793 2568 2041 3336 2279 90   2537 804  2845 1854 3085 3084 3337 3824 3855 518  1017 1102 3573 1730 573  2294 1497 2834 2559 3512 3651 4082 109  3126 487  916  919  2428 1381 4084 1867 614  2351 1418 2843 2306 3389 3226 3911 
2695 2496 2135 2088 3955 3978 2401 3726 481  3990 781  810  1037 312  1205 832  3255 4096 735  928  1909 2982 2155 3894 2429 372  2669 1284 2977 2388 3199 3732 3455 238  207  814  2259 1414 177  2008 1041 2626 1983 3206 3093 3794 1849 1986 283  292  691  1676 1129 3284 1607 254  2099 998  2621 1874 3121 2818 3637 3746 
3456 1085 1404 3115 3348 2225 1968 301  2850 671  1400 923  450  1133 696  1337 2368 315  736  2535 1276 2005 3354 2285 96   2545 846  2855 1884 3091 3114 3341 3856 3939 530  1083 1106 3609 1738 579  2314 1509 2872 2571 3514 3669 4090 113  3138 491  932  929  2452 1399 16   1871 622  2357 1438 2851 2326 3391 3238 3917 
2275 2112 2345 2232 175  4056 35   3792 493  2800 1287 4060 1067 270  1219 870  1411 352  2175 968  3525 1612 2165 3912 2435 414  2681 1308 2981 2466 3205 3756 3473 190  243  824  2313 1426 183  2006 1047 2630 2019 3208 3099 3806 2209 2022 293  316  701  1682 1151 3292 1609 262  2111 1006 2633 1882 3137 2846 3643 3754 
3168 1295 1632 3395 3366 2425 2064 299  2310 689  1960 2277 2450 1147 510  1339 1230 1561 748  2775 1274 165  1952 2291 108  2561 852  2863 1926 3095 3156 3349 4016 3993 536  1143 1112 3681 1742 591  2318 1527 2882 2577 3526 3687 4094 127  3246 499  956  937  2468 1409 6    1873 626  2371 1454 2857 2342 3407 3242 3919 
2975 3648 2485 2244 245  4092 65   3584 527  3920 1683 560  3393 770  1247 888  1417 1518 1685 988  3555 1666 555  2254 2453 444  2705 1314 2983 2502 3215 3798 3487 248  261  826  2367 1432 213  2014 1059 2648 2031 3262 3117 3818 2809 2082 307  332  709  1684 1153 3308 1613 274  2113 1018 2647 1894 3163 2854 3659 3758 
2376 1435 1656 3535 3384 2525 1904 2925 3388 1989 2660 2871 3100 1377 910  1343 1242 1555 1914 1795 1312 195  1972 1095 2656 2563 876  2867 1956 3101 3174 3353 36   3563 568  1179 1118 3771 1778 597  2330 1563 2914 2589 3530 3693 64   131  3282 503  964  941  2476 1423 8    1877 634  2377 1466 2861 2362 3413 3254 3923 
3185 3264 2555 2484 475  3072 55   1568 2565 1288 2673 3440 2331 1240 891  2870 1441 1566 1679 2226 1915 1628 615  2272 1635 2884 2735 1356 2987 2532 3223 3804 3493 30   3629 830  2421 1442 201  2054 1077 2662 2049 3266 3147 3830 3481 2094 311  338  719  1724 1163 3316 1619 278  2129 1042 2657 1906 3167 2858 3671 3778 
3672 1505 1716 3605 3552 2575 2106 305  3328 3135 1624 2907 2900 3339 2440 351  3710 1577 1974 1807 2616 2033 1988 1185 2668 2055 3146 2869 1962 3097 3222 3365 256  3587 138  3667 1130 3789 1784 633  2338 1569 2930 2631 3538 3711 20   137  3342 509  1004 947  2524 1427 10   1879 662  2381 1478 2879 2374 3433 3274 3929 
3325 2304 2635 2508 575  576  77   3952 3465 1768 2025 2002 3933 1430 2511 3010 663  140  1691 2328 1919 3066 2171 2312 1695 2888 2241 3460 2993 2676 3227 3972 3497 54   3635 222  3713 1448 219  2056 1101 2666 2073 3272 3153 3832 3721 2118 313  356  727  1732 1171 3356 1621 298  2131 1046 2659 1934 3169 2866 3673 3802 
3432 1615 504  3565 3108 2645 2256 319  1664 2835 1976 3645 2618 1539 1610 429  3880 897  476  1817 2670 2059 3390 2317 2684 2085 3164 2409 3820 3103 3228 3377 100  3589 114  3665 318  3781 1790 669  2344 1623 2936 2643 3544 3747 28   139  3378 521  1028 953  2564 1429 14   1889 674  2383 1486 2887 2386 3449 3314 3931 
4025 1296 2585 2394 605  2916 85   3984 485  1144 1575 2392 675  2968 2997 3160 399  160  1131 940  1921 3090 2173 3930 2443 2924 2265 3484 2697 4064 3233 4014 3503 66   3647 246  3715 426  3799 2074 1119 2674 2103 3278 3183 3838 3    236  317  388  733  1756 1181 3362 1627 302  2137 1082 2663 1942 3181 2878 3677 3814 
1584 1625 672  3625 3402 2675 2128 335  828  655  2024 2205 3128 855  3094 513  3910 861  550  1239 1340 2047 3486 2321 150  2569 3172 2445 3718 2889 944  3379 196  3595 174  3679 354  3785 534  3839 2378 1641 2938 2649 3562 3777 32   149  3414 523  1052 967  2572 1433 22   1901 694  2389 1502 2897 2402 3457 3326 3943 
1225 792  2665 2464 725  3136 2475 1792 505  1476 785  2584 945  3712 1035 3752 741  200  1029 950  1479 1580 2183 3942 2461 486  2701 3556 2703 1024 3111 1808 3531 266  3641 258  3737 438  3805 642  3883 2678 2127 3286 3189 3842 5    2154 331  404  739  1772 1187 3412 1637 314  2141 1094 2671 1954 3187 2894 3691 3826 
1872 1645 1824 3655 3234 2725 2576 1485 3724 685  2196 905  3224 1155 2704 1305 784  957  620  1281 1352 1593 1940 2323 126  2567 948  2881 3772 2895 848  3399 676  3945 574  3683 366  3763 582  3841 786  3941 2984 2661 3586 3831 44   151  3426 541  1058 971  2588 1439 26   1907 698  2393 1514 2903 2426 3461 3334 3947 
385  864  2765 2574 775  336  95   2548 2805 1064 799  3042 995  3848 1995 1472 1665 224  1161 992  3735 1694 1677 2180 2479 492  2723 1422 2995 112  3165 2032 3537 286  279  854  3743 474  3811 654  3893 906  3977 3302 3207 3854 7    2202 337  412  743  1796 1193 3428 1657 326  2143 1114 2677 1966 3191 2902 3697 3862 
2448 1715 1836 3745 3588 2825 2288 2295 728  3795 1736 943  3852 1141 1936 2625 1984 1845 532  3015 1316 255  2044 1767 2540 2573 954  2885 2004 3107 976  3405 484  3999 584  1233 1162 3791 606  3845 822  3949 1038 4009 3590 3837 50   157  3462 547  1076 977  2612 1447 34   1913 706  2399 1522 2909 2434 3463 3338 3967 
455  1056 2755 2652 925  432  115  2156 3105 952  2145 2408 1055 384  1241 1216 3045 416  2325 1012 3975 1708 645  2324 1887 2948 2743 1494 3005 2682 3235 2096 3567 250  333  856  2439 1474 3827 678  3899 942  3983 1158 4061 3874 11   2238 347  428  751  1828 1201 3436 1663 334  2153 1126 2683 1982 3203 2906 3701 3866 
2592 1855 1944 3685 3444 3125 2544 323  3872 3705 2072 495  2632 1145 594  1345 2624 525  836  3075 1364 285  2048 1335 2716 2091 3140 2893 2034 3113 3252 3383 1444 4011 590  1251 1166 3879 1786 3859 834  3953 1074 4031 1338 25   1578 163  3522 557  1084 983  2636 1451 38   1931 718  2411 1538 2917 2446 3467 3386 3989 
595  936  2875 2436 845  528  91   2460 497  1408 3315 2296 765  2926 1255 918  1405 544  2385 1036 4005 1696 705  2332 1905 2996 2301 3550 3007 2718 3239 4044 3505 296  363  872  2493 1462 237  2086 3901 978  3979 1182 4045 1434 13   2274 349  436  757  1844 1213 3452 1667 346  2161 1138 2687 1994 3209 2918 3709 3898 
2736 1955 756  3835 3612 3175 2754 329  2860 3969 2432 585  2744 975  3416 1349 1272 1565 644  3195 1372 345  2108 1245 2756 2109 3196 2451 3796 3127 3258 3385 1156 4017 602  1341 1178 3897 1798 681  2354 3961 1086 4033 1362 49   1614 167  3558 563  1108 991  2644 1453 46   1933 734  2417 1546 2927 2458 3469 3394 4001 
805  1152 2795 2604 1025 624  125  4048 3213 1600 693  2944 825  3304 1215 3542 1415 1608 1703 1078 405  1804 795  2336 1917 2890 2247 3580 2727 80   3241 4086 3521 290  369  874  2523 1490 249  2104 1137 2690 3991 1194 4055 1446 17   2298 353  452  761  1852 1217 3508 1669 358  2179 1142 2689 2018 3217 2942 3719 3902 
3564 1885 924  3895 3654 3179 2832 343  3680 3861 2320 1617 3496 1125 3458 1395 448  1585 1938 1829 1376 105  2068 1455 2788 2121 3212 2553 3836 2937 1072 3397 2116 4023 598  1359 1192 3951 1802 687  2390 1671 2954 4037 1374 121  1626 173  3594 569  1124 997  2692 1459 58   1949 746  2423 1574 2939 2462 3491 3398 4003 
665  1188 2945 2646 1075 648  119  2580 511  1360 1197 3760 1953 3784 1275 3976 1725 308  1711 2346 1927 1748 885  2356 1947 2980 2289 3572 2715 208  3129 2192 3585 322  387  890  2529 1498 267  2110 1149 2686 2157 3298 4069 1506 19   2334 359  508  769  1868 1223 3524 1693 362  2203 1154 2693 2026 3221 2962 3727 3946 
3312 2015 1176 3875 3762 3275 2928 341  3180 679  1040 1449 3380 3381 704  1425 2752 2115 868  1835 2622 2045 2132 1515 2812 2133 3232 2505 3892 2943 1136 3417 3364 4029 610  1413 1208 3987 1810 699  2398 1689 3002 2721 3592 169  1662 179  3606 571  1132 1009 2708 1471 62   1951 758  2437 1594 2953 2474 3499 3418 4007 
875  1224 2915 2664 1175 816  133  2550 517  3660 791  800  2499 1480 3321 4088 1815 364  2655 1148 1937 3102 2177 2444 1965 3038 2337 3596 2739 272  3171 2224 3597 310  423  902  2547 1510 291  2114 1167 2696 2181 3310 3261 3878 23   2382 367  524  773  1916 1229 3532 1697 382  2207 1174 2699 2038 3229 2966 3733 3958 
3888 2065 2052 3815 3816 3211 2070 371  3330 697  4020 949  3700 3549 2530 459  3008 1935 812  3225 1484 2071 3498 2305 2828 2187 3260 2607 3860 2919 1168 3423 3844 4047 632  1467 1222 4041 1816 717  2410 1707 3014 2733 3598 3849 52   181  3642 577  1172 1013 2732 1481 74   1973 766  2441 1618 2957 2498 3511 3442 4013 
1001 1368 2905 2784 1445 1104 143  2610 533  2240 803  3750 1043 1640 3483 2990 609  572  2745 1184 1875 1876 2195 4002 2455 3052 2343 3604 2751 176  3219 2384 3615 328  477  904  2637 1526 303  2134 1191 2698 2199 3322 3273 3886 31   2406 373  548  787  1922 1231 3548 1699 386  2213 1186 2707 2042 3251 2974 3739 3974 
3600 2639 2208 3905 3822 3425 3078 391  3080 2223 2380 979  3924 1157 1750 561  4030 903  884  3285 1504 375  2144 2315 132  2581 3268 2595 3916 2955 1264 3429 56   4035 638  1503 1246 81   1826 723  2414 1713 3026 2757 3614 3867 68   191  3678 587  1228 1019 2738 1483 82   1979 778  2447 1622 2963 2518 3517 3446 4019 
1309 2400 3619 2952 1325 912  145  252  551  1120 1881 700  1073 330  1261 3290 759  260  1113 1196 225  1862 915  2366 2489 516  2747 3616 2769 304  3201 2416 3621 344  507  938  2763 1528 309  2146 1203 2702 2217 3346 3279 3890 29   2454 379  556  797  1948 1237 3628 1709 394  2221 1198 2711 2062 3253 2978 3761 3986 
2880 2737 3900 847  3876 3283 2992 355  882  703  1820 3069 280  1159 690  1387 4040 969  580  1353 1508 465  2204 1545 2842 2587 996  2899 3940 2967 1250 3441 40   4053 646  1557 1256 15   1832 753  2422 1731 3032 2787 3634 3873 76   193  3702 593  1244 1021 2764 1487 86   1987 794  2459 1642 2969 2554 3527 3466 4021 
1463 2340 3689 720  1859 1380 203  288  515  1548 851  980  3627 1190 1243 930  1469 220  1173 1060 1491 1888 1005 2492 1971 2950 2759 1524 3013 464  3237 2512 3633 370  531  946  2799 1534 321  2152 1227 2710 2229 3352 3291 3896 37   2514 383  578  809  1964 1249 3644 1721 398  2237 1202 2713 2066 3257 2986 3767 3994 
2160 2849 1560 931  540  3479 1950 407  972  695  2412 989  440  1863 2030 1357 1254 1589 650  1407 1450 1599 2212 1605 2848 2139 3296 2911 2076 3131 1424 3435 88   4071 658  1587 1258 21   1846 771  2438 1761 3034 2811 3638 3891 92   197  3714 599  1252 1031 2804 1489 94   1993 802  2467 1646 2971 2558 3529 3482 4027 
1547 2700 3773 3720 2107 1500 161  2600 553  1692 815  3204 1057 1720 3807 3190 1457 1590 1687 1150 1533 1660 1749 2516 2001 3020 2373 3610 3017 2724 3247 2608 3657 374  549  962  2817 1544 327  2158 1257 2714 2253 3358 3309 3914 41   2526 389  596  811  1996 1259 3676 1723 422  2239 1214 2719 2078 3259 2998 3769 3998 
3960 2821 2040 1127 600  3509 2080 2079 3400 707  2556 955  4068 1169 2470 189  4070 1603 1992 1799 1420 1647 2020 1809 2620 2163 3340 2613 3950 3133 3324 3401 70   4077 664  1611 1270 27   1834 789  2456 1779 3058 2823 3656 3903 98   199  3786 601  1268 1033 2836 1493 106  1997 818  2473 1654 2999 2566 3533 3494 4049 
1729 1980 3731 1200 2299 3780 187  3040 3003 1520 869  3468 1079 408  1253 3230 483  340  1727 2262 1939 1690 1659 2150 2013 3068 2397 3620 2781 368  3263 48   3523 376  603  970  2853 1558 339  2162 1263 2726 2271 3368 3327 3922 43   2586 397  604  821  2012 1277 3698 1733 446  2243 1226 2729 2098 3271 3022 3779 4006 
2640 3059 1320 1183 1020 3751 1260 377  3800 3927 2480 959  120  1177 570  1351 400  987  740  1819 2706 2051 2050 1833 2650 2193 3350 2619 3956 2985 1328 3409 24   3599 682  1629 1298 39   1864 807  2482 1797 3064 2841 3658 3909 116  211  3846 607  1324 1039 2876 1499 118  1999 838  2477 1658 3001 2578 3539 3506 4051 
2093 3060 3857 1620 2303 1530 209  3150 559  1840 1071 1100 1081 378  1271 1026 1477 380  1209 1180 1943 3144 2189 2260 2037 3050 2403 3626 2847 496  3243 2672 3545 78   3649 986  2883 1562 381  2168 1293 2758 2283 3370 3351 3926 47   2598 401  628  823  2036 1279 3716 1741 454  2251 1234 2731 2102 3299 3046 3793 4022 
3240 3157 2760 1421 660  3577 2220 403  3570 737  2560 1701 520  1189 702  1355 1326 1591 490  1419 1460 2077 3576 2327 2740 2211 3404 2679 3980 3009 1552 3471 128  3611 186  3695 1304 51   1886 831  2486 1803 3070 2859 3670 3921 124  223  3858 613  1348 1049 2908 1511 122  2003 842  2503 1678 3011 2582 3541 3518 4057 
1771 3420 3913 4050 2527 1650 217  2720 583  420  817  1280 2541 1880 1267 984  1465 1674 1717 1220 1551 1780 2191 4008 2471 3104 2355 3652 2829 512  3297 2768 3699 406  3653 282  3755 1576 393  2198 1299 2770 2307 3374 3369 3928 53   2634 409  652  827  2084 1283 3748 1747 458  2267 1238 2741 2122 3301 3062 3797 4034 
3120 3311 2280 1519 780  3703 2200 2457 4000 713  1470 1003 640  3663 2680 1363 1302 1633 1998 1837 1550 1653 2060 2329 156  2599 3424 2667 4012 3021 1616 3477 104  4065 686  3707 402  3787 1898 813  2488 1821 3074 2901 3674 3957 148  227  3882 617  1388 1051 2932 1523 134  2011 862  2521 1706 3019 2594 3547 3554 4073 
2233 3840 4081 960  2597 1710 221  3200 3591 880  871  3850 1053 1330 1089 3250 1501 1722 1735 2418 1957 1850 1743 2350 2497 522  2761 3650 2877 592  3345 2864 3723 418  639  1010 3749 498  3817 2216 1317 2774 2319 3382 3387 3934 59   2658 419  668  829  2092 1289 3764 1753 466  2269 1262 2749 2126 3307 3086 3803 4054 
4080 3289 3000 1573 1140 3757 2100 437  3740 819  2960 3159 680  4059 2170 621  2500 1639 2058 1843 2712 2101 2140 1869 2780 2603 1014 2921 4028 3051 1648 3495 152  4089 670  1719 1310 3809 618  3865 2494 1839 3082 2913 3682 3963 164  229  3918 619  1396 1061 2956 1531 142  2017 866  2531 1714 3023 2602 3557 3566 4079 
2387 1080 539  900  2783 1680 247  840  589  2000 1323 1700 2583 2120 1521 3320 651  460  1739 2370 1961 3162 2197 2528 2067 3124 2771 1572 3029 656  3333 2896 3729 410  657  994  2979 1570 3829 762  3935 2776 2361 3406 3453 3938 61   2694 421  692  839  2164 1291 3788 1759 478  2273 1282 2753 2138 3313 3098 3821 4058 
1440 3367 3480 1813 1170 3971 2940 451  2730 731  3280 1827 760  3717 2750 273  320  999  820  1841 2838 2095 3534 2335 2852 2235 3476 2929 2148 3139 1712 3507 130  729  710  1737 1334 33   1910 3869 894  3959 3110 2931 3686 3981 172  233  3954 631  1412 1063 2972 1543 146  2027 878  2539 1718 3037 2606 3559 3574 4091 
2261 3300 637  3520 2891 1740 253  1890 629  630  893  1300 2709 1870 441  3410 777  500  1221 1292 1945 3186 2215 4026 2483 3116 2379 3668 3035 2748 3265 3056 3741 424  711  1016 3033 1582 411  2222 3937 1002 3997 3422 3459 3962 67   2742 431  716  853  2188 1297 3812 1777 482  2281 1286 2767 2174 3319 3106 3823 4078 
1800 3451 2970 2009 990  3871 2250 473  3640 779  1540 3519 1000 3843 2840 357  3392 1023 850  1431 1564 2105 3618 2353 198  2605 3488 2685 4018 3149 3372 3403 110  63   712  1773 1336 57   1912 843  2504 3973 1146 4039 3688 4083 188  239  3966 641  1436 1069 3004 1549 158  2029 886  2543 1726 3041 2614 3571 3578 4093 
2431 1920 833  360  2873 1760 259  2790 649  1050 899  1900 2961 2090 2601 3560 783  350  1269 1204 135  1892 2201 4074 2491 558  2773 3692 2865 688  3269 162  3551 430  747  1022 3123 1586 417  2230 1329 2782 3985 1266 4063 3970 71   2766 433  722  857  2228 1301 3868 1783 502  2287 1294 2777 2182 3323 3118 3833 4    
2520 3553 3510 2023 1350 3887 2430 413  3450 767  3220 3267 920  567  2920 231  3776 1107 860  1443 1652 435  2236 2363 228  2611 1068 2923 4046 3081 1744 3415 42   3601 730  1791 1342 69   1918 849  2506 1851 3112 4043 1398 289  1686 241  4038 643  1468 1087 3028 1553 166  2039 898  2549 1754 3049 2638 3581 3602 1    
2717 3360 2057 480  2989 1860 287  2820 581  3630 901  2300 2793 2210 3249 3770 837  392  1311 1210 1581 1924 1065 2596 2495 564  2779 1602 3047 752  3363 3088 3569 102  3661 1030 3141 1592 447  2242 1347 2786 2391 3434 4087 1542 73   2778 439  724  859  2252 1303 3884 1787 514  2293 1306 2789 2186 3329 3134 3847 2    
