4032 2125 1248 3115 4056 2057 3360 221  2100 649  420  989  3400 3591 1300 2541 2360 231  4040 1113 380  1749 1220 2193 2060 2697 3020 3219 3980 4023 2224 867  190  2853 710  183  1208 921  1730 1779 2230 2649 2698 3543 3176 3873 3422 1369 3874 281  284  691  1676 1151 3292 1613 214  2129 974  2659 1858 3181 2818 3691 3754 
3575 3888 1771 2964 245  1968 3751 4200 437  3570 793  2550 1147 880  1071 760  2511 3250 777  3776 1479 740  2067 1780 2409 2650 2877 3550 3633 592  147  256  1773 470  4107 970  537  1462 1329 1958 2217 2482 3147 2936 3711 3310 4083 3614 107  4146 487  916  929  2452 1409 4132 1877 566  2381 1402 2887 2306 3457 3238 3947 
3024 2185 1404 3157 4128 2075 3584 247  2940 667  630  1007 3450 1313 1900 2709 2440 357  4120 1269 350  1767 1340 2241 2140 2727 3050 3237 4028 4029 2384 873  230  2883 712  201  1222 933  1738 1797 2242 2661 2702 3561 3178 3891 3434 1681 3878 283  292  701  1682 1153 3308 1619 218  2131 982  2663 1874 3187 2846 3697 3758 
3025 4176 1855 3096 539  2064 3725 1044 451  3640 817  2600 1159 1840 1323 1000 2997 3410 861  3904 1551 850  2013 1690 2403 2716 2889 3580 3621 656  153  196  1791 472  4113 986  543  1474 1347 1970 2229 2486 3153 2938 3747 3322 4101 3634 109  4154 491  932  937  2468 1423 4156 1879 586  2383 1418 2897 2326 3461 3242 3967 
2016 2255 1656 3367 1800 2299 3726 155  2988 671  1050 1037 3465 1333 1700 2961 2470 483  4070 1239 460  1809 1372 2337 2150 2703 3124 3243 4018 4035 2416 909  232  2979 730  213  1246 939  1742 1803 2248 2721 2710 3579 3182 3903 3448 1849 3882 293  316  709  1684 1163 3316 1621 226  2137 998  2671 1882 3191 2854 3701 3778 
4225 1344 3245 3132 637  4140 3757 1332 413  1500 851  2580 1189 1040 1449 1160 3321 3560 903  4096 1533 860  2091 1850 2607 2740 2919 3604 3615 688  171  484  1899 488  4149 1010 573  1490 1371 1978 2253 2488 3183 2954 3777 3346 4119 3638 113  4168 499  956  941  2476 1427 4196 1889 614  2389 1438 2903 2342 3463 3254 3989 
3696 2375 1638 3553 2400 2107 2760 217  660  623  1950 1043 3540 1331 2900 3087 2530 399  400  1281 500  1833 1420 2247 2180 2739 3140 3333 4046 4047 2512 927  238  3033 742  219  1256 951  1778 1821 2264 2733 2714 3603 3206 3909 3454 2209 3886 307  332  719  1724 1171 3356 1627 254  2141 1006 2677 1894 3203 2858 3709 3802 
1105 3564 3335 3108 1573 1080 3871 960  427  1530 869  2610 1169 1520 1617 1240 3483 3770 987  160  1581 950  2121 1888 2451 2780 2937 3610 3657 752  207  676  2007 494  4167 994  579  1498 1383 1990 2271 2494 3189 2984 3791 3352 4121 3642 127  4184 503  964  947  2524 1429 4204 1901 622  2393 1454 2909 2362 3467 3274 4001 
2772 2405 1836 3905 4116 2783 3000 253  780  679  2080 1057 3630 1337 2300 3339 2680 561  2500 1311 490  1887 1450 2289 2260 2751 3172 3297 4064 4053 2608 963  248  3123 754  237  1258 993  1784 1839 2266 2757 2726 3611 1542 3973 3126 2809 3890 311  338  727  1732 1181 3362 1637 262  2143 1018 2683 1906 3209 2866 3719 3814 
1235 1728 2065 3348 605  1904 3887 1680 473  1710 889  2720 1211 2000 1701 1430 3807 2030 999  140  1593 940  2109 1892 2553 2788 2595 3616 3699 848  243  1156 2043 506  4203 1016 591  1510 1389 2006 2283 2504 3207 3002 3799 2298 4135 3656 131  4190 509  1004 953  2564 1433 16   1907 626  2399 1466 2917 2374 3469 3314 4003 
3168 805  1716 3395 3072 2225 3792 299  3150 689  2200 2457 3680 3213 2420 3381 2750 621  3430 1353 580  1869 1460 2301 2272 1515 3146 3345 4108 4065 2672 981  250  3141 776  249  1270 1011 1786 1851 2270 2787 2758 3635 1578 3977 3138 3481 3896 313  356  733  1756 1187 3412 1657 274  2153 1042 2687 1934 3217 2878 3727 3826 
2275 2112 2135 3036 725  1782 3775 1116 481  2310 871  3040 2079 2320 1911 1480 441  3880 1023 200  1599 1060 2133 1876 615  2812 2685 3626 3723 944  261  1444 2061 518  81   1022 597  1526 1401 2008 2307 2506 3261 3014 3805 2334 4141 3670 137  4202 521  1028 967  2572 1439 6    1913 634  2411 1478 2927 2386 3491 3326 4007 
2376 875  1944 3451 4092 2303 3952 145  3204 697  1120 2277 4000 3927 3100 3549 2840 429  3710 1419 620  1917 1484 225  2312 1545 3164 3363 4150 4077 2768 1017 266  3177 782  267  1298 1041 1790 1857 2278 2811 2770 3629 1614 3979 3246 3721 3914 317  388  739  1772 1193 3428 1663 278  2161 1046 2689 1942 3221 2894 3733 3862 
2975 4212 2233 2160 833  3900 4067 1452 415  312  893  3200 3003 2480 1827 1640 1089 2170 1107 224  1647 1036 3075 1924 645  2828 2715 3652 3741 976  279  2116 2097 530  21   1030 633  1528 1437 2014 2319 2510 3273 3026 3809 2382 4145 3658 139  4206 523  1052 971  2588 1447 8    1931 662  2417 1486 2939 2402 3499 3334 4013 
3744 1015 2052 3311 2340 2527 3480 259  3042 635  702  1067 1600 693  3380 3717 2920 627  3752 765  644  1935 1504 105  2332 1605 3196 3405 4114 4071 2864 1083 286  3231 790  291  1304 1047 1798 1893 2282 2823 2774 3639 3208 3983 3282 5    3918 331  404  743  1796 1201 3436 1667 298  2179 1082 2693 1954 3229 2902 3739 3866 
1925 2496 2345 3384 847  1560 3971 4160 469  384  815  1032 1177 2560 1953 1720 1521 2590 1131 308  1275 1078 3195 1952 705  2842 2865 3668 3753 1072 333  3364 2151 536  27   1034 669  1534 1461 2054 2361 2522 3279 3032 3811 2406 4151 3674 149  4210 541  1058 977  2612 1451 10   1933 674  2423 1502 2953 2426 3511 3338 4019 
2808 1085 2088 3535 576  2597 3510 287  990  703  714  985  1416 1339 3700 3843 3160 663  3542 855  812  2115 1508 135  2324 1635 3212 3417 4172 4089 2896 1143 290  3303 806  303  1310 1059 1802 1923 2290 2841 2776 3641 1626 3985 3342 7    3922 337  412  751  1828 1213 3452 1669 302  2203 1094 2699 1966 3251 2906 3761 3898 
2695 3264 2093 3366 775  2106 2401 3520 493  3080 899  1122 1165 1674 1411 1880 2601 2744 4185 352  1395 1148 3225 1972 795  2848 2895 3692 3729 1136 363  3844 2169 568  15   1048 681  1544 1473 2056 2391 2534 3291 3034 3817 2454 4163 3678 151  64   547  1076 983  2636 1453 14   1949 694  2437 1514 2957 2434 3517 3386 4021 
3456 1001 3600 3731 2916 2425 3984 301  1140 713  1400 1027 1464 1285 1914 1541 1330 759  3458 1035 748  2175 1564 165  2336 1695 3232 3399 4148 4137 3056 1179 296  3357 808  309  1334 1077 1810 1929 2294 2859 2782 3647 1662 3991 3378 11   3928 347  428  757  1844 1217 3508 1693 314  2207 1114 2707 1982 3253 2918 3767 3902 
3185 3648 2387 3240 931  2256 3925 1476 497  1650 901  2660 1199 1704 1385 2002 459  2870 1161 364  1305 1196 3285 1988 885  2852 2943 3620 3759 1168 369  40   2259 574  33   1054 687  1558 1497 2074 2427 2536 3309 3058 3827 2514 4169 3682 157  12   557  1084 991  2644 1459 22   1951 698  2441 1522 2963 2446 3527 3394 4027 
3672 1295 2208 3619 2700 2873 4048 185  3468 707  2220 1079 3660 1343 1974 1535 2632 741  3976 825  868  2385 1612 255  2356 1905 3268 3423 4192 4155 3088 1233 310  3411 824  321  1336 1101 1816 1941 2314 2901 2786 3649 1686 3997 3414 13   3934 349  436  761  1852 1223 3524 1697 326  2213 1126 2711 1994 3257 2942 3769 3946 
3325 2304 2261 3120 1127 1320 91   1548 445  408  913  2790 1207 2960 1417 2136 1649 2968 3645 392  1425 1204 3525 2044 915  2884 2955 3718 3765 1264 387  56   2313 584  39   1090 699  1562 1509 2086 2433 2542 3327 3064 3829 2526 4171 3688 163  18   563  1108 997  2692 1471 26   1973 706  2447 1538 2969 2458 3529 3398 4049 
3432 1435 2232 3773 3060 2891 3720 319  3492 655  744  1073 3690 1349 450  1561 870  1751 4088 975  928  2325 1628 195  2492 1965 3296 3429 4214 4161 3152 1251 322  3447 814  339  1342 1119 1826 1959 2318 2913 2792 3651 3266 4009 3426 17   3926 353  452  769  1868 1229 3532 1699 334  2221 1138 2713 2018 3259 2962 3779 3958 
4025 1296 2485 3552 1183 1920 77   900  511  456  835  1128 1219 3280 1441 390  1673 1410 1819 532  1665 1274 3555 2048 1005 2888 2967 3650 3783 1250 423  70   2367 590  51   1066 717  1570 1527 2104 2463 2546 3351 3070 3831 3358 4181 3686 167  20   569  1124 1009 2708 1481 34   1979 718  2459 1546 2971 2462 3533 3418 4051 
4104 1309 2484 3605 432  2989 720  323  1170 721  858  995  1482 1351 4100 1577 930  1763 2370 1921 836  2655 1666 285  2366 2055 3424 3441 4220 4173 3184 1341 328  3501 826  327  1358 1137 1832 1977 2330 2931 2794 3653 3262 3921 3464 3    3938 359  508  773  1916 1231 3548 1709 346  2237 1142 2719 2026 3271 2966 3793 3974 
4165 864  2555 3588 925  2288 119  360  517  1740 917  1242 1195 1752 1457 330  1679 1770 1841 3030 2021 1276 3735 2068 1065 2924 2985 3772 3801 1328 477  88   2421 598  57   1070 723  1576 1563 2110 2469 2570 3369 3074 3837 3368 4143 3704 173  28   571  1132 1013 2732 1483 38   1987 734  2467 1574 2999 2474 3539 3442 4057 
4224 1505 2244 3745 528  2525 288  329  1020 737  2250 1099 1518 1315 1938 1589 1110 1769 2490 1927 3210 2119 1652 345  2444 2085 3404 3435 1024 4179 3376 1359 344  3573 830  381  1370 1149 1834 1983 2338 2949 2806 3661 3272 3957 3470 19   3954 367  524  787  1922 1237 3628 1721 358  2239 1154 2729 2038 3299 2974 3797 3986 
1225 792  2639 3762 845  2128 4075 1908 533  3990 923  2820 1241 1722 1405 2214 1687 2010 1843 2958 1991 3534 2167 2108 1095 2948 3009 3796 3813 1424 507  110  2439 602  69   1096 753  1582 1569 2114 2481 2626 3387 3082 3839 3370 4183 3702 179  32   577  1172 1019 2738 1487 46   1993 746  2473 1594 3001 2498 3541 3446 4073 
1584 1547 3960 3689 648  2575 4144 205  3636 731  1470 1111 3870 1357 1992 1555 2346 1781 2670 1937 3270 2101 3810 2231 2516 2235 3476 3477 80   4191 3568 1413 370  3609 854  393  1378 1167 1846 2019 2344 2973 2810 3667 1698 4031 3462 23   3962 373  548  797  1948 1249 3644 1723 362  2243 1174 2731 2042 3301 2978 3803 3994 
455  1056 2737 2640 1421 2544 4175 1692 485  378  943  2850 1243 3440 1469 2226 1655 2478 1853 2982 2033 3576 2173 4170 2321 2996 3021 3820 3819 1552 531  104  2493 610  87   1106 771  1586 1623 2134 2487 2630 3453 3110 3841 2586 4187 3706 181  44   587  1228 1021 2764 1489 58   1997 758  2477 1618 3011 2518 3547 3466 4079 
2448 1645 2508 3913 1980 3211 252  215  3708 685  798  1081 4020 1363 2450 1591 2418 1745 2622 1915 3288 2095 3912 2227 72   2395 3484 3507 176  4209 3632 1467 374  3681 856  411  1384 1191 1864 2031 2354 2991 2822 3669 3278 4033 3490 29   3966 379  556  809  1964 1259 3676 1733 382  2251 1186 2741 2062 3307 2986 3821 3998 
385  936  2765 3816 1519 2040 143  2124 505  462  865  1218 1261 3750 1501 510  1691 2538 1835 3048 1985 3618 2177 4134 2315 198  2455 3916 3855 1616 549  128  2523 632  93   1102 789  1592 1641 2146 2517 2648 3459 3112 3845 2598 4189 3714 191  50   593  1244 1031 2804 1493 62   1999 766  2503 1622 3019 2554 3557 3482 4091 
1872 1463 2652 3815 624  3283 1200 341  3852 695  888  1055 1554 1387 120  1603 1230 1793 2712 1939 3294 2105 3942 2245 84   2407 372  2509 112  4215 3664 1503 376  3771 872  417  1394 1203 1886 2049 2378 3027 2824 3665 1758 4037 3478 31   3970 383  578  811  1996 1277 3698 1741 386  2267 1198 2749 2066 3313 2998 3823 4006 
595  1152 2849 3876 1025 2754 133  480  527  546  895  1254 1205 1794 1477 570  1703 1830 1883 3090 2041 3624 2183 4182 2323 204  2471 636  2573 1648 603  130  2529 638  111  1118 807  1598 1671 2152 2559 2662 3489 3122 3859 2634 4193 3730 193  52   599  1252 1033 2836 1499 74   2003 778  2521 1642 3023 2558 3559 3494 4093 
2592 1715 2784 3955 816  2645 396  343  1350 779  918  1115 1566 1345 1998 1631 1290 1799 2706 1943 3318 2117 3930 2249 90   2413 414  2513 852  2623 3728 1557 406  3789 874  447  1390 1227 1898 2073 2390 3039 2830 3683 1842 4039 3502 37   3982 389  596  821  2012 1279 3716 1747 394  2269 1202 2753 2078 3319 3022 3833 4022 
665  1188 2821 3828 1075 2832 4205 2028 551  2800 949  1272 1253 1896 1415 2262 1717 2130 1891 3066 2005 3666 2189 4218 2327 276  2479 708  2569 1164 2735 136  2547 646  123  1112 813  1606 1689 2158 2571 2666 3497 1146 3865 2658 4195 3736 197  68   601  1268 1039 2876 1511 82   2011 794  2531 1646 3037 2566 3571 3506 4099 
3312 1729 2880 4123 1104 2675 468  235  3872 1989 1540 1121 3740 1379 2046 1565 2442 1807 2814 1945 3306 2123 4002 2263 96   2419 486  2515 876  2629 1422 2813 410  3879 890  453  1406 1257 1910 2103 2398 3057 2872 3679 1866 4045 3512 41   3992 397  604  823  2036 1283 3748 1753 398  2273 1214 2767 2098 3323 3046 3847 4034 
715  1224 3059 4080 1813 2928 625  2156 2565 1288 2223 3220 3159 3760 1513 2322 1685 2562 1865 3102 2045 3738 2195 144  2329 228  2483 666  2581 1206 2743 1788 2881 658  129  1130 831  1630 1707 2162 2577 2674 3503 1158 3869 2694 4207 3782 199  76   607  1324 1049 2908 1523 86   2017 802  2539 1654 3041 2578 3581 3518 4111 
3528 2365 2664 3857 3300 3479 612  265  616  3315 2024 2907 3850 3933 280  1633 2424 1765 2838 1957 3336 2147 4008 2257 108  2429 444  2519 948  2641 1494 2815 2034 2941 902  471  1414 1263 1912 2127 2410 3063 2834 3695 1878 4043 3522 43   4010 409  628  827  2084 1289 3764 1759 422  2281 1226 2777 2102 3329 3062 3851 4054 
935  1764 3289 1440 2009 2280 161  2178 515  1408 4095 2552 3627 700  891  910  1711 2568 1895 3144 2047 3768 2191 324  2335 234  2489 732  2587 1212 2747 1812 2885 2364 2995 1162 843  1634 1713 2168 2589 2678 3505 1182 3883 2742 4213 3766 211  92   613  1348 1051 2932 1531 94   2027 818  2543 1658 3049 2582 3583 3554 4127 
3276 2465 2394 4147 3420 3179 1620 371  3924 745  1496 2835 2584 3663 520  1377 1610 1829 2862 1963 3390 2149 4026 2279 126  2435 492  2533 954  2651 1524 2827 2076 2947 2748 3053 1426 1293 1918 2157 2414 3093 2882 3713 1902 4055 3514 47   4024 401  652  829  2092 1291 3788 1777 446  2287 1234 2789 2122 3331 3086 3853 4058 
1045 504  3355 3402 1859 2520 187  540  553  552  905  1672 2205 3496 2331 2090 351  2926 1909 3162 2051 3774 2197 192  2353 294  2491 726  2599 1236 2759 1818 2893 2388 3005 3114 3103 1670 1731 2198 2631 2686 3513 3130 3893 2766 4223 3786 223  98   617  1388 1061 2956 1543 106  2029 838  2549 1678 3061 2594 3593 3566 4129 
1512 2431 1932 3965 3136 3509 3780 377  1380 749  984  1135 2728 1365 3944 4221 3190 837  4130 1961 3354 2155 4074 2285 132  2449 516  2545 996  2653 1572 2831 2148 2951 2796 3065 3396 3161 1928 2181 2422 3099 2914 3687 3286 4063 3530 53   4038 419  668  839  2164 1297 3812 1783 454  2293 1238 2791 2126 3343 3098 3863 4078 
1265 672  3445 3234 1175 2576 209  1260 559  1760 959  1326 1247 3256 2415 1936 3249 3010 1173 220  2059 3894 2201 1458 2359 306  2495 738  2603 1278 2761 1854 2899 2466 3007 3156 3107 3798 3233 2216 2643 2690 3521 3154 3849 3374 4197 3790 227  116  619  1396 1063 2972 1549 118  2039 842  2551 1706 3067 2602 3607 3574 4133 
2184 2585 2142 4085 4004 3825 1568 391  840  767  2430 1133 240  1391 3968 2625 1088 783  784  1431 550  2159 4110 2291 150  2443 522  2537 1014 2669 1602 2839 2166 2959 2826 3071 3438 3155 4194 3287 2438 3117 2930 3693 3298 3963 3526 59   4042 421  692  853  2188 1301 3868 1787 458  2297 1262 2797 2138 3347 3106 3877 4106 
1375 756  3515 3444 1325 3248 2925 2816 589  3920 979  3180 1267 180  1507 2704 3255 2368 495  416  1653 1150 2219 60   2363 342  2497 804  2605 1284 2771 1884 2911 2502 3013 3222 3113 3804 3235 78   3377 2696 3523 3170 3867 3382 9    3794 229  124  631  1412 1069 3004 1553 122  2053 862  2557 1714 3079 2606 3613 3578 4139 
2688 2635 2436 3995 336  2725 1792 1755 896  3861 1960 1139 4180 1393 270  1639 1216 4125 4186 1125 884  1947 1550 2317 156  2453 558  2561 1062 2681 1644 2845 2172 2965 2868 3073 3474 3173 48   3293 282  3421 822  3707 3302 3981 3538 67   4062 431  716  857  2228 1303 3884 1789 466  2309 1282 2801 2174 3359 3118 3881 4126 
1495 924  3485 3612 1445 3078 55   3332 2145 1624 1287 3500 3393 800  1517 690  1727 3094 675  476  1725 1292 2163 1940 2369 348  2501 774  2611 1308 2773 1926 2921 2532 3017 3174 3127 3972 3239 102  3379 534  3545 1194 3899 3406 25   3806 233  148  641  1436 1087 3028 1559 134  2063 866  2579 1718 3083 2614 3617 3602 4153 
1848 2665 2464 4199 1134 2825 588  295  952  3135 2072 2673 560  4059 640  1643 1190 957  448  1215 968  2535 1696 2343 2350 2461 564  2563 1068 2701 1668 2855 2292 2977 2892 3077 3516 3193 162  3295 318  3427 834  3715 1986 4087 3544 61   4066 433  722  859  2252 1307 3908 1801 478  2311 1286 2803 2182 3361 3134 3889 4138 
1615 1176 3565 3654 1475 2992 65   2196 535  1664 3375 1768 3069 980  1053 770  513  3290 1209 544  735  1312 4005 2132 2619 2890 2507 846  2615 1356 2779 1956 2923 2676 3029 3228 3131 4014 3241 114  3383 582  3551 1266 3901 2778 49   3818 239  164  643  1468 1091 3044 1567 142  2069 878  2591 1726 3089 2638 3623 3622 4157 
3864 2717 2646 4015 912  3125 684  335  4068 755  1144 1575 2944 4131 440  1539 1750 897  320  1407 988  2745 1694 375  2528 2769 3260 2567 1098 2705 1734 2863 2286 2981 2934 3085 3546 3197 36   3305 354  3431 894  3737 2022 4061 3558 71   4072 439  724  863  2276 1319 3932 1811 482  2333 1294 2819 2186 3371 3142 3907 4162 
1595 1428 3625 3808 1525 3216 35   2556 545  594  955  2176 3675 3608 2499 2120 297  3304 1221 260  1659 1352 3975 2144 1245 3038 3051 3836 2627 1314 2785 1962 2929 2682 3031 3252 3133 4044 3247 138  3385 606  3563 1338 3935 2802 121  3830 241  172  647  1492 1093 3076 1571 146  2081 886  2593 1754 3109 2642 3631 3646 4159 
2856 2755 2574 475  1232 3175 768  305  168  785  966  1145 3016 1785 3848 567  2990 969  1856 1491 650  1971 1708 435  2596 2265 3488 3471 272  2723 1746 2867 2316 2983 3006 3091 3582 3199 24   3317 366  3437 906  3743 2082 4069 3590 73   4082 443  764  877  2284 1321 3964 1823 502  2339 1306 2833 2194 3373 3158 3911 4166 
1625 1386 3655 3822 1675 3344 85   2412 565  696  965  1302 1255 3712 1155 832  189  4030 1029 340  1743 1180 2139 2212 1335 3052 3081 3860 3939 1712 2807 2004 2933 2718 3035 3258 3139 4086 3263 174  3397 618  3569 1362 3937 2874 169  3832 251  188  653  1516 1097 3092 1579 158  2083 898  2609 1762 3119 2654 3637 3662 4177 
3192 2795 2604 275  1392 3275 828  355  216  763  1026 1157 1608 1355 4216 3045 1472 609  2624 1443 820  2001 1580 2379 2656 2355 3556 3531 304  729  3824 2869 2358 2987 3012 3095 3684 3205 42   3337 402  3439 942  3749 2094 4097 3586 79   4090 449  772  881  2308 1327 3988 1831 514  2341 1318 2837 2206 3389 3166 3917 4174 
1705 1368 3685 3906 1775 3472 95   2628 581  1860 973  3330 1271 1806 1465 704  3705 1984 3885 608  1677 1210 2187 2020 2613 3104 3111 3892 3945 1744 639  154  2935 2724 3043 3324 3143 4122 3265 186  3401 642  3587 1374 3941 2922 289  3838 257  212  659  1532 1103 3148 1583 166  2087 914  2617 1766 3121 2722 3643 3694 4201 
1008 2875 2912 425  1456 2475 2548 395  264  791  2460 1141 810  1397 2058 1585 2618 2025 2752 315  992  2037 1660 2373 2540 2781 3340 3537 208  45   3856 1587 418  2993 3084 3097 3732 3215 54   3341 426  3443 978  3755 2118 4103 3562 83   4094 457  788  883  2348 1361 4036 1847 526  2347 1322 2843 2218 3391 3194 3919 4178 
1885 1596 3875 3936 1805 3536 1485 3724 611  2070 1003 2860 1273 300  1529 2328 1735 3416 585  736  1815 1376 2211 2050 2679 2950 3129 3940 3993 1808 657  152  2637 664  3047 3372 3149 4164 3269 222  3403 654  3589 1398 3949 2946 361  3842 263  236  661  1556 1109 3188 1597 178  2089 922  2621 1774 3137 2734 3659 3722 4211 
4158 3055 2898 325  1488 3425 3328 2295 1064 781  1820 3519 4060 1403 210  1651 2472 1795 3008 525  1184 3015 1748 2397 2620 2829 3350 3567 368  63   4016 1611 424  3897 904  3101 3756 3223 30   3349 438  3455 1002 3763 2202 4105 3592 89   4098 461  796  887  2372 1367 4052 1861 538  2351 1346 2851 2234 3407 3202 3923 4198 
1955 1824 3835 3948 1825 3408 115  3388 3105 1736 1683 3800 3267 1280 1537 750  1739 2616 1897 572  1845 1316 405  2204 2667 2980 3171 3950 3999 2032 711  170  2763 670  141  1166 3151 4188 3277 246  3409 678  3595 1434 3953 2994 529  3846 269  242  673  1588 1117 3236 1601 194  2099 926  2633 1814 3163 2746 3671 3734 4217 
2268 2915 2952 575  1536 3475 882  365  728  2805 2296 2691 1360 819  680  1661 1590 1817 2886 1967 1012 2775 1804 465  2668 2847 3460 3597 464  75   4112 1629 430  3951 938  489  1432 3227 66   3353 474  3473 1038 3781 2154 4109 3594 97   4102 463  844  907  2396 1373 4076 1867 542  2357 1354 2857 2246 3413 3214 3929 4222 
2015 1632 2905 3978 1975 3504 125  2844 583  1976 3795 2432 3969 1100 2583 2210 1757 2190 1903 3186 2071 1364 1875 2236 1185 3116 3201 3956 4011 2096 747  182  2799 682  159  1178 849  1688 3281 258  3415 762  3599 1446 3959 3018 841  3854 271  244  677  1604 1123 3244 1607 202  2111 934  2647 1822 3167 2762 3673 3742 4219 
2352 2945 2904 175  1776 3703 972  403  1890 799  2408 3915 3128 1197 920  2349 3230 1837 2910 1969 3486 2165 1862 555  2684 2445 3572 3495 496  99   4208 1719 434  3987 946  501  1442 1299 1946 3365 498  3487 1074 3785 2238 4115 3598 101  4118 467  892  911  2404 1381 4084 1871 554  2371 1366 2861 2258 3433 3218 3931 4    
2035 1092 3895 3996 2023 2970 203  600  629  2240 1881 2392 945  3784 2793 1870 273  3910 1919 3198 2077 3834 2215 2254 1455 3068 3165 4012 4017 2192 801  184  2817 686  177  1192 879  1702 1761 2222 3419 786  3601 1506 3961 3054 961  3858 277  268  683  1636 1129 3284 1609 206  2113 958  2657 1838 3169 2798 3677 3746 1    
2736 3145 2976 4081 3840 3577 4050 407  2730 803  2380 2871 3224 1995 4136 1863 3320 651  3392 1981 3498 2171 4152 2305 2756 2505 3596 3585 512  117  100  1737 442  4041 962  519  1448 1317 1930 2199 2456 3493 1086 3787 2274 4117 3606 103  4142 479  908  919  2428 1399 4124 1873 562  2377 1382 2879 2302 3449 3226 3943 2    
