4032 2185 1632 3059 2700 1859 3360 187  2940 559  1050 851  3540 1147 450  1363 390  1561 1590 1739 2478 1943 3198 2165 4008 2369 156  2603 852  2869 1818 3073 2892 3281 4194 3563 438  3805 978  3979 1506 4141 2082 4303 2598 1849 3126 67   3678 179  4334 547  1028 991  2588 1471 4348 1979 626  2467 1478 3001 2402 3547 3338 4091 
3575 3888 1715 2976 539  2040 3751 1680 403  3570 737  2580 1007 240  1271 210  1441 870  1661 2226 1835 2886 2045 3618 2263 4344 2501 516  2747 1284 2981 2316 3161 3516 3415 174  3695 678  3893 1194 4055 1758 4207 2334 49   2802 23   3426 113  3954 337  356  757  1772 1223 3436 1699 262  2237 1042 2729 1942 3301 2902 3821 3898 
3024 2255 1656 3115 3978 2107 720  221  3150 589  1400 869  3450 1157 800  1387 690  1577 1770 1763 2562 1945 3288 2171 4026 2413 198  2605 876  2881 1812 3077 2934 3287 4236 3569 474  3809 1002 3983 1542 4145 2094 4307 2634 2209 3138 71   3702 181  4342 557  1052 997  2612 1481 16   1987 634  2473 1486 3011 2426 3557 3386 4093 
3025 3312 1729 3036 245  912  3577 480  407  3640 1683 3040 1003 810  1273 270  1469 930  1673 2328 1853 2982 2047 3624 2279 144  2507 492  2759 1308 2983 2358 3173 3474 3419 186  3683 786  3899 1266 4063 1842 4213 2382 121  2874 29   3462 127  3966 347  388  761  1796 1229 3452 1709 274  2239 1046 2731 1954 3307 2906 3823 3902 
2016 2365 1836 3395 3996 1825 2992 203  1380 629  1820 2871 4340 1159 980  1391 570  1589 1830 1781 2568 1957 3270 2173 4074 2419 204  2611 948  2885 1854 3085 3012 3293 4302 3587 498  3811 1038 3985 1578 4151 2118 4309 2658 2809 3246 73   3714 191  4346 563  1058 1009 2636 1483 6    1993 662  2477 1502 3019 2434 3559 3394 4099 
4225 4176 1771 2964 425  1104 3425 396  371  1860 779  3220 2907 880  4329 440  1477 1230 1679 2322 1843 3030 2059 3666 2285 324  2509 522  2761 1314 2995 2364 3193 3546 3421 222  3707 762  3901 1338 4069 1864 4223 2406 169  2922 31   3522 131  4038 349  404  769  1828 1231 3508 1721 278  2243 1082 2741 1966 3313 2918 3833 3946 
3696 2375 1944 3157 4056 1975 3078 65   1452 511  2220 871  3850 3933 1100 1827 1870 1591 2010 1769 2616 1939 3294 2177 4134 2429 228  2615 954  2893 1884 3091 3006 3295 4308 3595 534  3817 1066 3997 1592 717  2158 4313 2690 3481 3272 79   3786 193  4354 569  1076 1013 2644 1487 8    1997 674  2503 1514 3023 2446 3571 3398 4111 
1105 3564 1855 3096 475  1134 3475 588  215  2844 679  2610 1027 1360 819  640  2961 2990 1687 2346 1865 3048 2071 3768 2291 192  2513 558  2771 1356 2987 2388 3197 3582 3427 246  3713 808  3879 1370 381  1886 1101 2410 1893 2938 2823 3526 137  4042 353  412  773  1844 1237 3524 1723 298  2251 1094 2749 1982 3319 2942 3847 3958 
2772 2405 1824 3451 4092 2075 3216 55   1476 445  4068 889  3630 1169 1280 1911 2090 567  4030 1793 2622 1961 3318 2183 4110 2443 234  2623 996  2899 1926 3095 3084 3305 4338 3589 568  2799 1070 93   1582 723  2162 1473 2696 2361 3278 3279 3794 4299 64   571  1084 1019 2692 1489 10   1999 694  2521 1522 3037 2458 3581 3418 4127 
1235 1344 3289 3240 637  1392 3703 468  235  2628 655  456  1037 1840 693  680  3087 3160 357  200  1883 2910 2077 3738 2321 1458 2515 564  2779 1422 2993 2466 3199 3684 3431 258  3715 814  3897 1358 393  1898 1119 2414 1923 2954 2841 3530 3777 4066 359  428  787  1852 1249 3532 1733 302  2267 1114 2753 1994 3323 2962 3851 3974 
3168 2465 1596 4147 3060 2299 1200 217  1548 485  4332 835  798  1177 1300 1953 1880 4293 4040 777  820  1963 3306 2189 4152 2435 276  2627 1014 2911 1956 3101 3114 3317 48   3599 574  2817 1090 111  1586 753  2168 1497 2698 2391 3286 3291 3806 4317 20   577  1108 1021 2708 1493 14   2003 698  2531 1538 3041 2462 3583 3442 4129 
2275 1728 3355 2898 1573 2520 3757 540  413  2988 685  462  965  1032 1331 520  3339 3190 273  220  1173 1210 2119 3774 2305 72   2519 636  2773 1494 3005 2502 3205 3732 3437 282  3737 824  3951 1378 411  1910 1137 2422 1929 2984 2859 3538 3831 4072 367  436  797  1868 1259 3548 1741 314  2269 1126 2767 2018 3329 2966 3853 3986 
2376 665  2088 3905 3906 2783 3780 247  1500 553  216  865  858  1135 1302 1397 2210 441  4070 861  860  1443 1550 2191 4182 2449 294  2629 1068 2921 1962 3097 3156 3337 162  3601 582  3827 1096 123  1598 771  2198 1509 2702 2427 3298 3309 3818 4341 28   587  1124 1031 2732 1499 22   2011 706  2539 1546 3049 2474 3593 3446 4133 
2975 4212 2065 3132 325  1488 3887 1260 437  1950 707  552  985  1122 1255 1554 1501 3250 399  260  1221 1220 1653 1940 2317 60   2533 666  2785 1572 3007 2532 3215 3756 3439 310  3743 822  3935 1384 417  1912 1149 2438 1941 3002 2901 3544 3837 4082 373  452  809  1916 1277 3628 1747 326  2273 1138 2777 2026 3331 2974 3863 3994 
3744 805  1716 3535 4128 2023 1620 253  840  649  2250 893  888  1145 1326 1355 1722 1633 4120 903  850  1491 1580 1833 2260 2453 342  2651 1062 2923 2004 3103 3174 3341 36   3611 584  3829 1074 3991 1606 789  2216 1527 2710 2433 3302 3327 3830 4353 32   593  1132 1033 2738 1511 26   2017 718  2543 1574 3061 2498 3607 3466 4139 
1925 2496 2135 3348 575  1536 3871 600  451  3990 767  2790 1043 1128 1285 1566 1415 1914 1691 340  1209 1276 1677 1988 2091 2740 2537 732  2807 1524 3013 2676 3223 3798 3443 318  3749 830  3937 1362 4087 1918 1167 2456 1959 3014 2913 3562 3849 4090 379  508  811  1922 1279 3644 1753 334  2281 1142 2789 2038 3343 2978 3877 3998 
2808 875  2052 3311 4248 2225 3344 259  1530 611  1470 901  3660 1189 1416 1379 1752 1555 2046 1799 928  285  1652 1545 2324 2337 3050 2641 1098 2929 2034 3107 3222 3349 24   3629 590  2853 1102 4033 1614 4163 2222 1563 2714 2463 3310 3351 3832 9    44   599  1172 1039 2764 1523 34   2027 734  2549 1594 3067 2518 3613 3482 4153 
2695 3264 2093 4080 847  1776 3725 612  427  2070 781  2820 1057 2000 1313 330  1513 1974 1655 2418 1895 1274 915  2044 2055 2756 2667 3350 2813 1602 3017 2682 3227 3804 3455 322  1899 826  3987 1390 4097 1866 4237 2482 1977 3026 2931 3586 3867 4094 383  524  821  1948 1283 3676 1759 346  2287 1154 2791 2042 3347 2986 3881 4006 
3456 1001 4320 3619 3420 2303 3408 95   1692 581  2430 899  3690 1199 1700 1393 750  1639 2058 1745 2706 1985 1666 1605 2332 2265 3068 2877 3718 2933 2076 3113 3228 3353 54   3635 598  2883 1106 129  1630 4169 2154 4315 2726 2469 3322 3369 3838 3    50   601  1228 1049 2804 1531 38   2029 746  2551 1618 3079 2554 3617 3494 4157 
3185 3648 2233 3120 833  1320 4067 768  265  3042 721  2850 1067 2320 1197 920  1507 1290 1703 2424 1891 3066 2095 2048 2085 2788 2595 3476 3219 4148 3029 2718 3233 3972 3473 328  2007 854  4041 1394 447  1928 4247 2454 289  3032 2949 3590 3873 4102 389  548  823  1964 1289 3698 1777 358  2293 1174 2797 2062 3359 2998 3889 4022 
3672 1015 2208 3689 3300 2527 4290 287  2028 505  264  917  3870 1207 2300 2331 2120 1603 2130 1807 2670 1969 3336 2195 2336 2343 3052 2889 3772 3495 368  3127 3252 3365 42   3641 602  2979 1112 141  1634 807  2230 4319 2694 3721 3346 3387 3842 197  12   607  1244 1051 2836 1543 46   2039 758  2557 1622 3083 2558 3623 3506 4159 
3325 2112 2261 2640 931  2760 2401 660  469  3204 695  594  1073 2480 1071 760  3381 3230 1711 2370 1897 3090 2101 3834 2315 2812 2685 3484 3201 4172 3753 1552 3235 4014 3487 344  2043 856  4107 1414 453  1930 1191 2486 361  2946 37   3592 3891 4118 397  556  827  1996 1291 3716 1783 362  2297 1186 2801 2066 3361 3022 3907 4034 
3432 1085 2484 3731 3840 2597 4050 299  1650 667  168  895  918  1211 1900 2499 2360 1089 3290 1819 2712 1967 3354 2215 4218 2455 3104 2895 3796 3477 464  4035 3056 3377 30   3647 610  3033 1118 159  1670 813  2242 1569 2758 5    3282 83   3854 199  18   613  1252 1061 2876 1549 58   2053 766  2579 1642 3089 2566 3631 3518 4177 
4025 2304 2345 3366 1127 2280 77   1020 481  2800 793  696  995  1242 1333 1000 3549 3320 561  350  1903 3144 2105 3894 2323 84   2545 3488 3243 4150 3759 1616 4233 100  3493 354  3763 872  4113 1406 471  1946 1203 2488 1983 3034 43   3558 139  4062 401  578  829  2012 1297 3748 1787 382  2309 1198 2803 2078 3371 3046 3911 4054 
4104 1295 2232 3605 3072 2873 960  301  1710 671  1960 913  966  1165 1464 1411 2440 1521 3430 897  868  1991 3486 2197 4170 2461 306  2653 3820 3507 496  4047 3088 243  136  3649 606  3839 1130 177  1688 831  2248 1623 2770 2481 3352 89   3846 211  52   617  1268 1063 2908 1553 62   2063 778  2591 1646 3109 2578 3637 3554 4201 
4165 4356 2485 3384 605  1968 3971 780  473  3920 1881 3400 1079 1218 1315 1608 1517 2030 621  380  1269 1292 2117 3810 2327 90   2561 708  2827 4192 3765 1648 4239 256  657  370  3781 834  3941 1426 489  1958 1227 2494 2019 3058 2973 3598 149  4098 409  596  839  2036 1301 3764 1789 386  2311 1202 2819 2098 3373 3062 3917 4058 
4224 1435 2244 3745 576  2425 3472 319  1890 689  2380 2691 3740 1219 1482 1385 1794 1643 4130 957  884  375  1694 2201 4242 2479 348  2669 1164 2935 512  4053 3152 261  152  1233 632  3841 1086 4009 1702 843  2264 1641 2774 2487 3358 3453 3878 223  68   619  1324 1069 2932 1559 74   2069 794  2593 1654 3119 2582 3643 3566 4211 
1225 1296 2555 3552 725  1232 1755 3332 517  2240 2223 3500 3393 2560 1337 1674 1465 1938 1727 460  1239 1312 885  2068 2329 96   2563 738  2815 1644 3031 1712 4245 484  711  374  2061 890  3949 1374 4103 1970 1257 2504 2031 3064 2991 3614 3903 4142 419  604  853  2084 1303 3788 1801 394  2333 1214 2833 2102 3389 3086 3919 4078 
1584 1505 2508 3815 2916 2525 3584 3105 4352 1287 2720 3069 1600 3003 2900 1403 1806 1565 2136 1829 940  1533 1696 1635 2356 2471 372  2681 1206 2941 2148 3131 3184 279  154  1251 638  3123 1162 4031 1626 4171 2266 1671 2776 2517 3368 3459 3874 227  76   631  1348 1087 2956 1567 82   2081 802  2609 1658 3121 2594 3659 3574 4217 
455  792  2639 3762 775  1456 2475 2548 3795 1624 2277 3800 2457 2960 1323 1160 1529 1992 1685 2442 1909 1340 1659 2108 2121 2780 2567 726  2831 1668 3035 2724 3239 676  747  376  2097 874  4149 1432 4105 1878 4249 2510 2049 3070 3027 3634 3909 4154 421  628  857  2092 1307 3812 1811 398  2339 1226 2837 2122 3391 3098 3923 4106 
2448 1645 2664 3913 432  2575 3536 3135 728  4125 2072 3159 4180 4347 2420 2583 2470 1631 2214 1765 2814 2021 1660 1869 2350 2373 3116 2701 1212 2947 2166 3133 3258 3379 170  1341 646  3141 1166 183  1738 4181 2202 4321 2782 2559 3370 3489 3886 229  92   641  1388 1091 2972 1571 86   2083 818  2617 1678 3137 2602 3671 3578 4219 
4235 864  2387 1440 1183 1782 3775 3328 3915 1664 765  2408 3519 3280 1449 1240 3717 3410 1717 2472 1915 3162 2123 2020 2109 2848 2697 3460 2839 1746 3043 2748 3241 4044 3497 406  2151 902  4167 1442 501  1978 4265 2506 2073 3074 3039 3638 3921 4168 431  652  859  2164 1319 3868 1823 422  2341 1234 2843 2126 3407 3106 3929 4126 
1872 1309 3600 3773 4140 2891 3504 85   3872 2835 2024 855  2002 4131 3100 2541 2680 2601 3710 1817 2838 1981 3390 2219 2444 2355 3124 2919 3860 2951 2172 3139 3324 3383 66   3653 658  3177 1178 201  1730 849  2278 1689 2786 2571 3374 3513 3890 233  98   643  1396 1093 3004 1579 94   2087 838  2621 1706 3163 2606 3673 3602 4229 
385  936  2737 1800 1421 2970 91   684  295  1408 4095 2728 1035 2744 4059 1480 3843 3560 627  490  1919 3102 2149 3912 2335 2828 2679 3550 3237 4214 3047 2796 3247 4086 3503 366  3755 904  4203 1448 537  1990 1263 2522 2103 3082 3057 3656 3957 4184 433  668  863  2188 1321 3884 1831 446  2347 1238 2851 2138 3413 3118 3931 4138 
2592 1463 2880 3857 3900 2989 3520 329  1908 515  2176 1365 3256 975  2968 4257 2840 3249 4250 999  968  2005 3498 2227 4266 2483 3140 2943 3836 3531 592  3143 3372 3385 78   3661 618  3845 1192 213  1742 879  2270 1707 2792 2577 3382 3543 3896 239  116  647  1412 1097 3028 1583 106  2089 842  2633 1714 3167 2614 3677 3622 4231 
595  1152 2821 1980 1519 3000 119  990  493  3492 745  2944 1785 4136 1305 3094 2511 2590 741  500  1281 1352 2147 3942 2353 108  2569 3572 3333 4220 3783 1744 3263 4122 3505 402  3785 894  3953 1462 519  2006 1293 2534 2127 3110 3063 3658 3963 4190 439  692  877  2228 1327 3908 1847 454  2351 1262 2857 2174 3433 3134 3943 4162 
2736 1547 3960 4123 1080 3179 4160 323  2310 697  312  905  3608 3255 704  1725 4088 297  4270 969  992  435  1708 2231 4296 2489 414  2705 3892 3537 656  4065 3376 3397 102  3665 642  3859 1146 4037 1778 921  2282 1713 2794 2589 3406 3561 3914 241  124  653  1436 1103 3044 1597 118  2099 862  2647 1718 3169 2638 3691 3646 4241 
715  1368 3367 2400 1813 3480 133  1170 527  420  799  546  1055 3944 525  1984 2175 3392 663  550  1311 1316 1005 2132 2359 132  2573 774  2845 4228 3819 1808 4251 1156 3521 418  3787 906  3959 1398 4115 2008 1299 2536 2157 3112 3093 3670 3981 4202 443  716  881  2252 1361 3932 1861 458  2357 1282 2861 2182 3449 3142 3947 4166 
3528 2431 2160 4081 1560 3283 900  341  2730 703  1540 943  1026 1195 832  1815 4186 3015 352  987  1060 1581 1748 1695 2516 2491 444  2723 1236 2959 688  4071 3568 333  184  1359 664  3865 1158 4039 1662 4183 2290 1731 2806 2631 3422 3579 3922 251  148  659  1468 1109 3076 1601 122  2111 866  2657 1726 3181 2642 3697 3662 4243 
935  1764 3553 2340 2009 3510 161  1140 583  630  817  2860 1081 1254 1343 3416 2385 3776 3525 544  1353 1372 1065 2144 2133 2842 2587 804  2855 1734 3065 2032 4323 1444 801  410  2169 938  3961 1434 4109 1902 4267 2542 2181 3122 3099 3674 4083 4210 449  722  883  2276 1367 3964 1867 466  2371 1286 2879 2186 3457 3158 3967 4174 
3276 2585 1638 4301 1920 3479 360  343  1740 713  2460 959  4020 1241 2450 1377 784  3075 364  405  988  465  1804 1887 2366 2397 3164 2735 1278 2965 2286 3149 3632 363  182  1413 670  3231 1208 4043 1686 4187 2238 4331 2810 2643 3434 3603 3926 257  164  661  1492 1117 3092 1607 134  2113 878  2659 1754 3187 2654 3701 3694 4253 
1045 504  3485 2912 2057 3720 143  1350 497  2080 749  3180 1099 3440 891  910  2997 3904 3555 572  105  1376 1095 2204 2139 2884 2703 3556 2867 1788 3053 2826 3265 2116 867  424  2259 946  4311 1474 4117 1986 4279 2514 529  3130 3117 3682 4101 4234 457  724  887  2284 1373 3988 1871 478  2377 1294 2887 2194 3461 3166 3989 4178 
4284 2665 1932 3995 3822 3509 4200 377  1760 3213 2600 973  4230 1243 3380 1539 1610 351  392  4335 1012 555  1862 1905 2492 2379 3212 2955 3916 2977 2292 3151 3396 3401 230  1467 682  3303 1222 219  1784 4189 2274 4333 2742 7    3448 3639 3928 263  172  673  1516 1123 3148 1609 142  2129 886  2663 1762 3191 2722 3709 3722 4259 
1265 672  3445 3108 1025 1904 209  2100 533  2200 3591 3680 1111 3750 1349 770  3321 2170 759  608  135  1364 1185 2236 2187 2852 2715 3596 3297 4232 3071 2868 3269 4164 3523 430  2313 962  81   1490 543  2014 4285 2526 841  2994 41   3686 4119 4238 461  764  907  2308 1381 4036 1873 482  2381 1306 2897 2206 3463 3194 4001 4198 
1512 2635 2394 3965 3948 2645 3792 391  3080 1989 3200 2079 1040 1247 3700 1863 1330 429  4280 1023 1036 615  1876 1917 2528 2403 3146 2967 3940 3567 752  3155 3438 3403 114  3679 686  3357 1246 237  1786 933  2294 4343 2766 11   3342 101  3934 269  188  677  1532 1129 3188 1613 146  2131 898  2671 1766 3203 2734 3719 3734 4261 
1375 756  3565 3234 845  2064 3925 882  551  1120 2673 4000 3927 3760 1617 1640 3483 2870 783  644  165  1484 1245 2212 2193 2888 2727 3580 3363 4268 3801 2096 3277 4188 3545 426  3791 970  27   1498 573  2054 1317 2546 961  3018 47   3594 151  4146 463  772  911  2348 1399 4052 1877 502  2383 1318 2903 2218 3467 3202 4003 4222 
2184 2755 2142 4085 4116 2675 3726 125  2124 731  2660 3267 1520 3969 4100 2709 2530 459  400  1107 1184 645  1888 1965 2596 2445 3172 3009 3950 3621 848  4077 3664 3409 138  3667 654  3869 1256 249  1790 939  2314 1761 2822 13   3378 97   3858 271  212  683  1556 1151 3236 1619 158  2137 914  2677 1774 3209 2746 3727 3742 4271 
1595 1092 3515 3402 925  2106 4075 828  305  3636 803  4060 3627 4240 1701 1430 4221 3770 483  580  1407 1504 1335 2254 2235 2924 2739 3610 3399 4292 3813 2192 729  3364 3551 434  3799 942  3973 1510 579  2056 1329 2570 2199 3154 53   3606 157  4206 467  788  919  2372 1409 4076 1879 514  2389 1322 2909 2234 3469 3214 4007 4226 
2688 2875 2436 4015 4256 2725 3952 145  2178 535  378  923  560  3663 4300 2793 2750 189  2500 1029 950  1593 1892 1971 2656 2409 3196 3051 3956 3585 944  4089 3728 369  190  1503 710  3883 1182 4061 1802 951  2318 1779 2824 2649 3454 103  3882 277  236  691  1588 1153 3244 1621 166  2141 922  2683 1814 3217 2762 3733 3746 4273 
1495 924  3655 3444 1075 2128 1485 3724 335  3468 755  714  1121 700  1053 1720 4263 3880 609  620  1419 1420 1743 2050 2163 2890 2751 3604 3345 4316 3855 2224 45   3844 873  442  2367 986  3977 1446 4121 2074 1347 2626 2217 3170 3147 3688 163  4246 479  796  929  2396 1423 4084 1889 526  2393 1346 2917 2246 3491 3218 4013 4258 
1848 2795 2464 4199 4312 2925 4144 2805 1064 545  384  949  4260 1261 280  2349 2920 231  320  1113 1150 1551 1690 1947 2540 2451 3232 2985 4012 3597 976  4137 3824 387  232  1557 712  3411 1258 4045 1698 4193 2330 1797 2830 2661 3464 3651 3938 281  242  701  1604 1163 3284 1627 178  2143 926  2687 1822 3221 2798 3739 3754 4283 
1615 1056 3625 3612 1175 2576 2145 896  3861 1736 785  744  1133 180  1339 1190 3807 3910 651  650  1431 1450 1749 2060 2211 2950 2769 3616 3405 4324 3939 2384 63   40   909  470  2421 994  15   1526 4135 2022 4291 2630 2229 3176 3153 3704 4143 4294 487  844  937  2404 1427 4124 1901 538  2399 1354 2927 2258 3499 3226 4019 4262 
3864 2945 2574 4255 4004 3825 1568 3315 1288 495  2296 955  984  1253 120  1417 1750 513  160  1161 1078 1599 1780 2001 2620 2553 3260 3021 4018 3615 1072 4155 3856 423  238  1587 730  3447 1298 267  1798 4195 2298 4351 2834 2721 3470 3669 3962 293  244  709  1636 1171 3292 1637 194  2153 934  2689 1838 3229 2818 3761 3758 4289 
1625 1176 3875 3654 1325 2288 2295 2156 4185 1768 825  2632 1115 1272 1351 510  1537 3010 837  736  195  1564 1767 2140 2241 2948 2781 3620 3417 1024 3945 2416 75   56   927  472  2439 1010 21   1528 591  2086 4295 2586 1369 3178 3183 3706 4197 4298 491  892  941  2428 1429 4132 1907 542  2411 1366 2939 2302 3511 3238 4021 4274 
2856 2717 2646 4345 3136 4275 4048 3375 616  675  2392 1125 2618 1205 1518 1457 1110 1649 140  1131 1148 705  1924 2013 2650 2619 3268 3081 3980 3633 1136 4161 4016 477  248  1611 742  3501 1270 291  1810 993  2338 25   2778 17   3478 3687 3970 283  268  719  1676 1181 3308 1657 202  2161 958  2693 1858 3251 2846 3767 3778 4297 
1705 1224 3685 3588 1445 3248 2565 2816 2025 1496 2205 3016 1215 2926 1345 1704 1541 1410 1751 740  1479 1612 1455 2272 2247 2980 2829 3626 3429 80   3993 2512 99   70   963  488  2493 1016 33   1534 597  2104 1371 2648 1681 3054 59   3730 4227 4310 499  908  947  2452 1433 4156 1913 554  2417 1382 2953 2306 3517 3242 4027 4282 
3192 2915 2604 275  336  2825 1792 3705 952  585  2432 3465 3712 1275 3304 1405 1896 1651 2190 1837 1180 1647 1972 2037 2668 2607 3296 3111 4028 3699 1168 4173 4112 507  250  1629 754  3573 1304 303  1816 1011 2344 1803 2872 19   3414 107  3982 307  284  727  1682 1187 3316 1663 206  2179 974  2699 1874 3253 2854 3769 3802 4327 
1885 1428 3835 3808 1475 2256 4175 3388 3645 1672 3675 3128 2625 4264 1395 3458 1535 1998 1757 2490 1921 1460 1809 2150 2289 3020 2847 3652 3423 176  3999 2608 117  88   981  494  2529 1022 39   1544 633  2114 1383 2662 2253 3182 61   3642 167  4254 503  916  953  2468 1439 4196 1931 562  2423 1402 2957 2326 3527 3254 4049 4286 
4158 3055 2784 4355 528  3125 3984 115  1144 1575 2552 1995 3784 3885 1088 1845 448  1585 2262 1841 2862 2033 1850 2067 2684 2613 3340 3129 4064 3657 1250 4179 4208 531  266  1719 776  3609 1310 309  1826 1041 2354 1821 2882 2733 3490 109  3918 311  292  733  1684 1193 3356 1667 214  2203 982  2707 1882 3257 2858 3779 3814 4337 
1955 1188 2765 3816 1525 2544 4205 972  355  1976 945  3224 2415 4216 735  2368 2535 4288 1735 2538 1937 3186 2159 2180 2301 2996 2937 3650 3441 112  4017 2672 147  104  1017 506  2523 1030 51   1558 669  2110 1389 2666 2271 3206 3189 3736 173  4314 509  932  967  2476 1447 4204 1933 566  2437 1418 2963 2342 3529 3274 4051 4306 
1008 3145 2904 3955 624  3175 4272 155  2196 565  2584 1155 3848 4305 1216 1935 2624 3195 416  1795 2958 2041 3534 2249 2716 2505 3404 3171 4108 3723 1264 4191 4304 549  286  1737 782  3681 1334 321  1832 1047 2378 1839 2914 2757 3502 3693 3992 313  316  739  1724 1201 3362 1669 218  2207 998  2711 1894 3259 2866 3793 3826 4339 
2015 1386 3895 3828 1675 2754 4325 1044 365  3708 763  3496 3045 1936 1665 3542 2655 4096 3735 748  1927 3210 2167 3930 2363 3038 2865 3692 3435 208  4011 2768 153  110  1083 518  2547 1034 57   1562 681  2134 1401 2674 2283 3208 3207 3766 4269 4318 521  956  971  2524 1451 4244 1949 586  2441 1438 2969 2362 3533 3314 4057 4322 
2268 3335 2652 175  648  3211 252  185  2412 623  2550 979  3968 315  1472 2115 2752 3285 476  1875 1196 2051 3576 2257 4278 2495 3424 3165 4046 3729 1328 4209 4336 603  290  1773 790  3771 1336 327  1834 1059 2390 1851 2930 2787 3512 3711 4010 317  332  743  1732 1213 3412 1693 226  2213 1006 2713 1906 3271 2878 3797 3862 4349 
2035 1248 2849 3876 1775 2832 625  1116 395  3852 791  3330 1139 2704 1425 3752 2745 224  3975 812  255  1508 2155 4002 2395 126  2581 3668 3471 272  4023 2864 171  128  1143 530  2637 1048 69   1570 687  2146 1437 2678 2307 3262 3261 3782 4281 4328 523  964  977  2564 1453 4252 1951 614  2447 1454 2971 2374 3539 3326 4073 4    
2352 3245 2952 4277 816  3275 288  205  2556 635  408  989  4350 1267 1856 2325 3008 3225 532  225  1204 795  1952 2245 4326 2497 486  2743 4114 3741 1424 4215 196  639  296  1791 806  3789 1342 339  1846 1077 2398 1857 2936 2811 3514 3747 4024 331  338  751  1756 1217 3428 1697 254  2221 1018 2719 1934 3299 2894 3803 3866 1    
2125 1404 2905 3936 1805 2928 35   1332 415  3924 815  702  1141 300  1357 3976 2775 308  4005 836  345  1628 1515 2312 2407 150  2599 846  2863 304  4029 2896 207  130  1179 536  2763 1054 87   1576 699  2152 1461 2686 2319 3266 3273 3790 4287 4330 541  1004 983  2572 1459 4276 1973 622  2459 1466 2999 2386 3541 3334 4079 2    
