4368 1265 3192 3335 2904 1325 576  625  3504 485  1044 785  2412 1055 168  1205 702  1379 1254 1585 1974 1795 2622 1985 3354 2215 4296 2489 372  2743 1356 3007 2724 3247 4236 3569 282  3791 834  3973 1362 4109 1878 4247 2406 4379 2946 121  3594 23   4146 373  524  811  1964 1283 3716 1777 302  2297 1126 2803 2026 3373 2978 3919 4006 
3025 4284 2255 1092 4255 3822 2825 1782 295  588  655  1908 905  3204 1145 408  1315 984  1477 1674 1691 2328 1903 3144 2105 3942 2335 96   2587 852  2893 2004 3127 3396 3403 54   3665 582  3883 1074 4043 1614 4181 2118 4313 2694 4427 3342 2809 3846 179  28   593  1228 1039 2836 1531 10   2039 698  2579 1546 3109 2498 3643 3482 4217 
4032 1235 1008 3355 2912 1445 2916 35   3726 505  1116 815  2556 1067 216  1219 714  1385 1326 1591 1992 1799 2670 1991 3486 2227 4326 2491 444  2759 1422 3013 2748 3263 4302 3587 318  3799 894  3977 1374 4115 1902 4249 2454 4381 2994 169  3606 29   4206 379  548  821  1996 1289 3748 1783 314  2309 1138 2819 2038 3389 2986 3923 4022 
3575 1512 2365 1176 4345 3906 3125 2064 305  612  685  2028 955  3468 1147 390  1333 1026 1507 1590 1703 2346 1919 3090 2147 4002 2363 108  2599 876  2899 2034 3131 3438 3409 66   3679 606  3893 1086 4045 1626 4183 2154 4315 2742 4429 3378 3481 3858 181  32   599  1244 1049 2876 1543 14   2053 706  2591 1574 3119 2518 3659 3494 4219 
3024 1375 2268 3445 2898 1475 3136 55   3584 515  1332 835  2628 1079 120  1241 690  1391 1290 1603 1998 1807 2706 2021 3498 2245 4344 2495 486  2761 1494 3017 2796 3265 4308 3589 354  3805 906  3979 1398 4117 1986 4265 2514 4385 3018 289  3642 31   4254 383  556  823  2012 1291 3764 1787 326  2311 1142 2833 2042 3391 2998 3929 4034 
4225 2688 2375 924  4355 3828 3175 2106 335  684  695  2124 965  3492 1157 456  1313 930  1501 1704 1711 2370 1909 3162 2149 4008 2359 132  2603 948  2911 2076 3133 3474 3415 78   3683 618  3899 1146 4055 1662 4187 2202 4319 2766 4435 3414 3721 3882 191  44   601  1252 1051 2908 1549 22   2063 718  2593 1594 3121 2554 3671 3506 4229 
3696 1495 1848 3485 2976 1525 336  85   3792 535  1452 865  2844 1081 210  1243 744  1393 1410 1631 2010 1819 2712 2005 3534 2231 4374 2501 516  2771 1524 3029 2826 3269 4338 3595 366  3809 942  3983 1434 4121 2022 4267 2526 4387 3054 361  3678 37   4294 389  578  827  2036 1297 3788 1789 334  2333 1154 2837 2062 3407 3022 3931 4054 
1105 2772 2405 1386 4465 3936 3275 2128 355  768  745  2178 985  3636 1159 510  1337 1032 1513 1752 1717 2418 1915 3102 2155 4026 2369 126  2605 954  2923 2148 3139 3516 3419 102  3695 642  3901 1158 4061 1686 4189 2238 4321 2778 4439 3426 4489 3918 193  50   607  1268 1061 2932 1553 26   2069 734  2609 1618 3137 2558 3673 3518 4231 
2016 1615 4158 3515 3036 1675 432  65   3984 545  1476 893  2988 1099 264  1247 750  1397 1302 1633 2046 1817 2814 2033 3576 2249 4386 2497 492  2773 1572 3031 2868 3277 4404 3599 402  3811 946  3985 1446 4135 2054 4279 2586 4393 3126 529  3688 41   4298 397  596  829  2084 1301 3812 1801 346  2339 1174 2843 2066 3413 3046 3943 4058 
715  3864 2465 1638 425  3948 3425 2256 365  828  737  4340 1003 3708 1165 462  1339 1110 1529 1722 1735 2424 1921 3186 2159 3930 2407 150  2611 996  2921 2166 3143 3546 3421 114  3707 654  3935 1182 4063 1698 4193 2274 4331 2802 4453 3454 3963 3962 197  52   613  1324 1063 2956 1559 34   2081 746  2617 1622 3163 2566 3677 3554 4241 
3528 1595 2352 3565 3096 1775 528  95   4048 565  1548 901  180  1111 312  1255 798  1403 1416 1639 2058 1829 2838 2041 3618 2257 4422 2507 522  2779 1602 3035 2892 3281 4476 3601 426  3817 962  3997 1506 4141 2056 4285 2598 4399 3138 841  3704 9    4310 401  604  839  2092 1303 3868 1811 358  2341 1186 2851 2078 3433 3062 3947 4078 
935  2184 2585 1428 275  3978 3475 2288 2835 2816 749  240  1007 3852 1169 552  1343 1128 1517 1770 1727 2472 1927 3210 2167 4074 2395 156  2615 1014 2929 2172 3149 3582 3427 174  3713 678  3937 1194 4069 1758 4195 2298 4333 2824 4469 3462 5    3982 199  68   617  1348 1069 2972 1567 38   2083 758  2621 1642 3167 2578 3691 3566 4243 
3276 1705 1344 3625 3108 1805 624  115  3952 1575 1408 917  300  1121 270  1253 858  1405 1464 1643 2130 1837 2862 2047 3624 2263 4482 2513 558  2785 1644 3043 2934 3287 48   3611 430  3829 970  3991 1498 4145 2074 4291 2626 2517 3170 961  3702 43   4314 409  628  853  2164 1307 3884 1823 362  2347 1198 2857 2098 3449 3086 3967 4106 
1045 2856 2665 1596 325  3996 3725 2544 395  3872 4095 2024 1027 3924 1177 570  1351 1122 1535 1794 1739 2478 1937 3270 2171 4110 2413 198  2623 1062 2933 2286 3151 3684 3431 186  3737 682  3789 1246 381  1798 1167 2330 2031 2830 3039 3464 7    3954 211  76   619  1388 1087 3004 1571 46   2087 766  2633 1646 3169 2582 3697 3574 4253 
3744 2035 1764 3655 3132 1825 648  125  4144 2565 1496 945  2432 1115 378  1261 870  1417 1518 1649 2136 1835 2958 2051 3768 2279 4470 2509 564  2807 1668 3047 3006 3293 162  3629 434  2763 986  69   1510 753  2086 1623 2630 2559 3176 3513 3706 47   4318 419  652  857  2188 1319 3908 1831 382  2351 1202 2861 2102 3457 3098 3989 4126 
1925 4176 2635 1932 475  4004 3775 2576 3825 2156 3375 1976 1785 3016 1195 594  1349 1218 1555 1806 1745 2442 1939 3198 2165 4152 2419 204  2627 1068 2935 2292 3155 3732 3437 138  3715 686  3879 1256 393  1790 1191 2338 2049 2834 3057 3470 3981 3970 223  92   631  1396 1091 3028 1579 58   2089 778  2647 1654 3181 2594 3701 3578 4259 
2808 1085 1188 3835 3234 1975 816  145  1568 3105 3388 4185 2552 2415 3608 1267 888  1411 1482 1655 2214 1841 2886 2045 3666 2285 144  2515 636  2813 1734 3053 3012 3295 36   3635 438  3827 994  87   1526 771  2104 1641 2648 2571 3178 3543 3730 3    4328 421  668  859  2228 1321 3932 1847 386  2357 1214 2879 2122 3461 3106 4001 4138 
2695 4212 2485 2244 575  4056 3871 2754 403  3332 3705 616  2025 3224 3885 3968 1345 1242 1537 1896 1751 2490 1943 3288 2173 4218 2429 228  2629 1098 2947 2316 3161 3756 3439 184  3743 710  3897 1258 411  1802 1203 2344 2073 2872 3063 3478 4083 3992 227  98   641  1412 1093 3044 1583 62   2099 794  2657 1658 3187 2602 3709 3602 4261 
3456 1015 1248 3535 3348 2075 912  155  4272 583  896  3315 2072 495  3712 315  4472 1415 1554 1651 2190 1843 2982 2071 3738 2291 324  2519 666  2815 1746 3065 3084 3305 196  981  442  2799 1010 93   1528 789  2110 1671 2662 2577 3182 3561 3736 53   4330 431  692  863  2252 1327 3964 1861 394  2371 1226 2887 2126 3463 3118 4003 4162 
2275 4464 2555 2484 4445 4092 3887 2832 407  3570 767  1288 4125 2632 765  4136 1215 4466 1541 1830 1757 2538 1945 3294 2183 4134 2435 234  2641 1164 2941 2358 3173 3798 3443 190  1791 712  3951 1270 417  1810 1227 2354 2103 2882 3093 3490 4101 4010 229  116  643  1436 1097 3076 1597 74   2111 802  2659 1678 3191 2606 3719 3622 4271 
3168 1295 1368 3605 3366 2225 1134 185  252  589  1400 2223 2296 585  2744 1035 3458 1725 224  1661 2262 1853 3048 2059 3810 2317 192  2533 708  2827 1788 3071 3114 3317 256  1017 470  2817 1016 111  1534 807  2114 1689 2666 2589 3206 3579 3766 59   4334 433  716  877  2276 1361 3988 1867 398  2377 1234 2897 2138 3467 3134 4007 4166 
2975 1728 2765 2508 175  4128 3925 2928 415  882  779  3850 3393 2618 855  3094 1305 448  2655 736  1763 2562 1957 3318 2189 4170 2443 276  2651 1206 2951 2364 3193 3804 3455 232  1899 730  3987 1298 447  1816 1257 2378 2127 2914 3099 3502 4119 4024 233  124  647  1468 1103 3092 1601 82   2113 818  2663 1706 3203 2614 3727 3646 4273 
2376 1435 1404 3745 3384 2299 1104 205  288  611  1470 923  700  4329 2968 825  3752 1815 364  3555 1036 1865 3066 2077 3774 2321 1458 2537 732  2831 1812 3073 3156 3337 484  1083 472  2853 1022 123  1544 813  2134 1707 2674 2631 3208 3603 3782 67   4342 439  722  881  2284 1367 4036 1871 422  2381 1238 2903 2174 3469 3142 4013 4174 
3185 2112 2755 2574 245  4248 3971 3216 413  3450 781  560  3627 280  891  3304 1275 832  2745 748  225  1484 1963 3306 2177 4182 2449 294  2669 1212 2959 2388 3197 3972 3473 238  2007 742  4041 1304 453  1826 1263 2390 2157 2930 3117 3512 4143 4042 239  148  653  1492 1109 3148 1607 86   2129 838  2671 1714 3209 2638 3733 3662 4283 
3672 1505 1632 3815 3552 2303 1530 217  2820 581  4020 913  980  4059 1190 3807 3542 1845 308  3735 1078 465  1876 2095 3834 2305 72   2545 726  2839 1818 3077 3222 3341 1156 1143 488  2883 1030 129  1558 831  2146 1713 2678 2643 3262 3639 3790 61   4346 443  724  883  2308 1373 4052 1873 446  2383 1262 2909 2182 3491 3158 4019 4178 
3325 2496 2875 2652 605  4392 4067 2200 427  3540 763  810  1037 760  1053 1750 663  704  2775 812  135  1504 1245 2212 2195 4242 2453 306  2653 1236 2965 2466 3199 4014 3487 230  2043 754  4107 1310 471  1832 1293 2398 2181 2936 3147 3514 4197 4066 241  164  659  1516 1117 3188 1609 94   2131 842  2677 1718 3217 2642 3739 3694 4289 
3432 1645 1716 3875 3402 2425 1392 247  2790 623  4230 943  450  1133 1330 4293 3430 969  352  3975 1148 555  1888 2085 2528 2315 84   2561 738  2845 1854 3085 3174 3349 676  1179 494  2979 1034 159  1562 843  2152 1731 2686 2649 3266 3651 3794 71   4354 449  764  887  2348 1381 4076 1877 454  2389 1282 2917 2186 3499 3166 4021 4198 
4025 3264 2905 2664 725  4116 4075 2992 437  3630 791  1040 1043 4068 1189 2170 561  2500 1113 836  195  1564 1335 2236 2355 2888 2455 342  2681 1278 2977 2502 3205 4044 3493 248  2061 776  4113 1334 489  1834 1299 2410 2199 2938 3153 3526 4227 4072 251  172  661  1532 1123 3236 1613 106  2137 862  2683 1726 3221 2654 3761 3722 4297 
4104 1625 1656 3685 3444 2525 1232 1755 1792 629  4260 959  1300 1139 330  1273 3710 999  200  1407 1276 615  1892 2091 2596 2667 3172 2563 774  2855 1884 3091 3228 3353 1444 1233 506  3033 1048 141  1570 849  2158 1761 2690 2661 3272 3669 3806 73   4362 457  772  907  2372 1399 4084 1879 458  2393 1286 2927 2194 3511 3194 4027 4222 
4165 3648 2795 2142 775  4256 2925 3248 1485 3724 793  1520 3927 920  1207 546  1357 320  1161 550  1599 1628 1455 2254 2379 2890 2919 3580 2701 1284 2981 2532 3215 4086 3497 250  2097 782  4149 1336 519  1846 1317 2414 2217 2954 3183 3530 4269 4082 257  188  673  1556 1129 3244 1619 118  2141 866  2687 1754 3229 2722 3767 3734 4327 
4224 1715 1824 3905 3588 2575 1904 4455 2548 2805 1064 2277 1900 2499 2360 1271 918  1441 140  1431 950  1809 1924 2133 2540 2697 3196 3237 3860 2863 1926 3095 3252 3365 2116 1251 518  3123 1054 177  1576 879  2162 1779 2696 2721 3278 3687 3818 79   4366 461  788  911  2396 1409 4124 1889 466  2399 1294 2939 2206 3517 3202 4049 4226 
4375 4416 2915 2394 925  4312 4275 3472 2295 728  3795 1624 3663 1000 3843 3230 1363 1230 1577 580  1647 1420 1971 2060 2373 2924 2943 3596 3477 4220 2983 2676 3223 4122 3503 266  2151 790  4167 1342 501  1864 1329 2422 2229 2984 3189 3538 4281 4090 263  212  677  1588 1151 3284 1621 122  2143 878  2689 1762 3251 2734 3769 3742 4337 
4488 1855 1836 3965 3612 2645 1456 2475 3328 3135 952  2145 2408 4131 2470 441  3910 1457 1566 1673 1060 1833 1780 2121 2620 2727 3212 3243 3892 3729 80   3097 3258 3377 3364 1341 530  3141 1066 201  1582 921  2168 1797 2698 2733 3286 3693 3830 83   4376 463  796  919  2404 1423 4132 1901 478  2411 1306 2953 2218 3527 3214 4051 4258 
1225 2304 2945 2436 845  4428 4175 3536 3465 1664 3915 1736 3645 2002 1377 3250 399  1088 1561 1914 1781 1450 2013 2140 2397 2948 2955 3604 3531 4214 4017 976  3227 4164 3505 286  2169 806  4203 1358 537  1886 1347 2438 2253 3002 3207 3544 4287 4094 269  236  683  1604 1153 3292 1627 134  2153 886  2693 1766 3253 2746 3779 3746 4339 
1584 1885 504  3895 3654 2675 1488 215  4352 2205 1672 4485 2584 675  2926 2601 4040 651  220  1679 2226 1891 1690 2139 2650 2751 3232 3297 3940 3753 112  4173 2096 3379 24   3647 536  3177 1070 183  1592 933  2198 1803 2702 2757 3298 3711 3832 97   4378 467  844  929  2428 1427 4156 1907 482  2417 1318 2957 2234 3529 3218 4057 4262 
455  4356 3055 2464 1025 4446 4205 3078 445  1144 3675 2176 1365 3128 975  3416 627  1472 1209 740  1769 2568 1961 2150 2403 2950 2967 3610 3507 4232 4023 1072 4407 3376 3521 222  3749 808  4311 1370 543  1898 1371 2456 2271 3014 3261 3562 4299 4102 271  242  691  1636 1163 3308 1637 142  2161 898  2699 1774 3257 2762 3793 3754 4349 
2448 2015 672  3995 3762 2597 1536 235  396  635  1768 1155 2944 2625 3784 1125 3976 1935 392  1419 1150 1883 2910 2101 2656 2703 3260 3333 3950 3759 176  4179 2192 243  3844 3641 474  3839 1090 213  1586 939  2216 1821 2710 2787 3302 3747 3838 89   4382 479  892  937  2452 1429 4196 1913 502  2423 1322 2963 2246 3533 3226 4073 4274 
4235 1296 3145 2604 1075 3072 4325 3344 469  972  755  2392 1995 3256 3255 4264 1395 1216 3015 868  1653 1460 1967 3336 2191 2980 3009 3616 3537 4268 4029 1136 4431 3568 603  290  3763 762  3941 1378 573  1912 1383 2482 2283 3026 3273 3586 4317 4118 277  244  701  1676 1171 3316 1657 146  2179 914  2707 1814 3259 2798 3797 3758 4357 
1872 1955 756  4015 3808 2725 1776 265  468  649  1692 895  2728 3045 3848 525  1936 2115 416  4005 1196 1869 1850 2117 3894 2323 3268 3345 3956 3765 208  4191 2224 261  40   1359 574  3841 978  4009 1598 951  2222 1839 2714 2811 3310 3777 3842 101  4390 487  908  941  2468 1433 4204 1931 514  2437 1346 2969 2258 3539 3238 4079 4282 
385  864  3245 2646 1175 4452 4475 3408 451  2800 803  2196 995  3496 4305 4216 1425 1856 3075 884  105  1508 2037 2180 2197 4266 2461 3626 3567 4228 4035 1168 729  3632 639  296  2259 814  3953 1338 4087 1910 1389 2486 2307 3032 3279 3590 4341 4142 281  268  709  1682 1181 3356 1663 158  2203 922  2711 1822 3271 2818 3803 3778 4363 
2592 2065 1944 4085 3816 2783 1968 253  2730 667  1820 979  3042 1135 3944 735  2704 2325 476  4365 1292 645  1952 2163 2668 2327 60   2567 3980 3783 272  4209 2384 279  56   1413 568  3231 1096 4031 1542 4151 2230 1851 2726 2823 3322 3831 3854 103  4394 491  916  947  2476 1439 4244 1933 526  2441 1354 2971 2302 3541 3242 4091 4286 
595  792  3115 2784 847  540  4361 2250 473  3920 1683 2000 1057 4332 1199 4408 1665 2624 3195 928  165  1612 1515 2272 2409 2996 2479 348  2723 4292 4047 1250 63   3664 657  310  2313 824  4383 1384 4097 1842 4207 2488 2319 3034 3291 3592 4353 4154 283  284  719  1684 1187 3362 1667 166  2207 926  2713 1838 3299 2846 3821 3802 4373 
2736 2125 2052 3955 3876 2891 1650 259  2850 671  1960 2673 1700 1141 384  1285 4088 2175 532  4335 1204 705  1972 2187 2716 2715 3296 2569 804  2867 368  4233 2416 333  70   1467 584  3303 1102 219  1630 4163 2082 4295 2758 2841 3346 3837 3874 107  4398 499  932  953  2524 1447 4252 1949 538  2447 1366 2999 2306 3547 3254 4093 4306 
805  936  3157 2964 1127 600  2401 2430 481  2240 3861 2320 1197 680  1211 696  1355 1984 3225 968  255  1652 1545 2312 2445 3038 2985 3652 2705 1308 2987 1264 45   3728 711  322  2367 826  4419 1390 579  1918 4213 2334 4343 3058 3309 3598 4359 4168 293  292  727  1724 1193 3412 1669 178  2213 934  2719 1858 3301 2854 3823 3814 4391 
3564 2135 2088 4081 1200 2527 1740 287  3180 697  2660 2691 2420 2583 2210 1331 966  1465 544  4425 1274 795  1988 2211 2756 2739 3404 3363 4018 2869 1956 3101 2512 363  104  1503 590  3357 1106 249  1606 993  2242 4303 2634 4405 3352 3849 3878 109  4402 503  956  967  2564 1451 4276 1951 542  2459 1382 3001 2326 3557 3274 4099 4322 
665  1056 3395 2952 931  660  91   2550 497  3660 799  2480 1071 1160 4221 3320 1387 1272 1565 988  345  1666 1605 2324 2451 3020 3021 3620 3597 4316 2993 2682 3233 3824 747  328  2421 830  81   1394 591  1928 1401 2494 4351 2874 4471 3614 4377 4184 307  316  733  1732 1201 3428 1693 194  2221 958  2729 1874 3307 2858 3833 3826 4397 
3312 2345 2208 4123 4290 2989 1710 299  3200 679  4350 949  2300 2541 2440 1089 4120 1469 1608 1685 1312 885  2044 2193 2684 2769 3340 3399 4012 3801 304  3103 3324 3383 88   1557 598  3411 1112 237  1634 1011 2248 1857 2770 4411 3246 1369 3886 113  4430 509  964  971  2572 1453 4348 1973 554  2467 1402 3011 2342 3559 3314 4111 4358 
875  1152 3311 2760 1421 780  4477 3150 493  3690 817  2560 1323 1240 4263 3560 273  4370 1589 1938 1765 1694 1635 2332 2505 3052 3051 3650 3633 4324 4053 1328 3235 4188 3523 344  2439 854  15   1406 597  1930 1437 2504 2361 3064 4487 3522 11   3966 311  332  739  1756 1213 3436 1697 202  2237 974  2731 1882 3313 2866 3847 3862 4409 
3888 2185 2232 4147 1620 3179 1680 319  3640 703  1540 3159 2900 2709 2530 1521 4070 861  260  1687 2322 1895 2048 2235 2788 2781 3350 3423 4028 3813 464  4215 2608 3385 42   3649 602  3447 1118 267  1670 1041 2264 1893 2774 2859 3358 1681 3714 127  4434 521  1004 977  2588 1459 4364 1979 562  2473 1418 3019 2362 3571 3326 4127 4406 
1001 1224 3289 2520 1573 3780 143  4410 517  420  851  3280 1449 1430 4473 3410 357  2368 1173 620  1793 2616 1969 2336 2553 3050 3081 3772 3585 4384 4065 1424 75   3856 3545 258  3755 856  21   1426 633  1946 1461 2506 2391 3070 3327 3634 13   4038 313  338  743  1772 1217 3452 1699 206  2239 982  2741 1894 3319 2878 3851 3866 4421 
4320 2387 3420 4301 3360 2873 1260 323  4480 689  2380 2871 3100 2793 2680 3249 4280 903  380  1443 1180 1897 3030 2119 2740 2829 3424 3405 4046 3819 496  4239 2672 369  128  3653 498  3845 1166 291  1702 1047 2266 1923 2776 2901 3368 3867 3890 131  4438 523  1028 983  2612 1471 4372 1987 566  2477 1438 3023 2374 3581 3334 4129 4414 
1309 1800 3451 2280 1859 4200 187  840  527  630  869  2960 1617 1480 567  3770 483  3008 1221 820  1659 1550 1981 3390 2201 3068 3111 3668 3615 4396 4071 1552 99   4016 801  370  3781 786  3959 1414 669  1958 1473 2510 2427 3074 3351 3638 4413 4190 331  356  751  1796 1223 3508 1709 214  2243 998  2749 1906 3323 2894 3853 3898 4423 
3600 2431 3840 4277 4050 3211 2100 341  3990 713  3500 3069 3380 2961 2750 189  4250 777  340  1491 1210 1887 1940 2123 3912 2329 3460 3417 4064 3855 512  4245 2768 387  110  1587 610  3859 1002 4033 1688 1059 2270 1929 2782 2913 3370 3873 3896 137  4454 541  1052 991  2636 1481 4388 1993 586  2503 1454 3037 2386 3583 3338 4133 4426 
1463 2400 3553 3000 1183 990  221  1890 533  1050 871  3440 1701 1640 1539 3880 609  2752 1239 650  1743 1580 2001 2260 2219 4278 2471 3692 3657 4444 4077 1616 117  4112 867  376  2493 872  3949 1266 4103 1970 1497 2522 2433 3082 3369 3656 4443 4202 317  388  757  1828 1229 3524 1721 218  2251 1006 2753 1934 3329 2902 3863 3902 4441 
2880 2639 4140 4199 4400 3283 1760 377  2310 731  3220 3267 3700 3087 2840 231  4360 987  460  1479 1220 1917 2020 2241 2780 2353 90   2573 4108 3945 592  4251 2864 423  130  1611 632  3501 1130 4037 1578 4169 2278 1941 2786 2931 3374 3891 3914 139  4456 547  1058 997  2644 1483 4412 1997 614  2521 1466 3041 2402 3593 3386 4139 4442 
1547 1980 3689 2970 1519 1020 133  2460 551  1120 1287 3760 1827 1720 1863 4030 759  3392 1269 860  1749 1660 2067 2350 2607 3104 2483 414  2735 4448 4089 1648 147  4208 873  374  2523 874  27   1432 4105 1866 4223 2534 2463 3110 3387 3658 4449 4210 337  404  761  1844 1231 3532 1723 226  2267 1018 2767 1942 3331 2906 3877 3946 4447 
3960 2737 3900 4403 960  3479 1860 301  2860 2907 4060 3519 4100 3339 2920 297  4130 1023 350  1551 1340 1947 2050 2247 2812 2847 3476 2581 846  2881 656  4323 2896 477  136  1629 646  3573 1162 303  1738 4171 2094 4307 2792 2949 3382 3903 3922 149  4458 557  1076 1009 2692 1487 4418 1999 622  2531 1478 3049 2426 3607 3394 4153 4474 
1729 2700 3619 3480 1813 1140 77   2600 3213 4000 1881 4240 1911 1870 2349 2590 741  3776 1311 850  1677 1696 2109 2444 2595 3116 3129 3718 2747 1314 2995 1712 153  4304 909  406  2529 890  33   1442 681  1990 4237 2382 4369 3112 3453 3670 4461 4234 347  412  769  1852 1237 3548 1733 254  2269 1042 2777 1954 3343 2918 3881 3958 4451 
2160 2717 1080 4433 900  3509 1950 329  3680 3003 1360 4389 4300 3381 3160 351  4270 1107 490  1593 1316 915  2068 2265 2828 2865 3484 3429 4114 2885 1962 3107 3056 507  152  1719 638  3609 1178 321  1730 1077 2282 4309 2658 4415 3406 3909 3926 157  4462 563  1084 1013 2708 1489 4436 2003 626  2539 1486 3061 2434 3613 3398 4157 4478 
1771 4080 3731 4440 2009 1170 119  2580 511  3800 3969 800  1953 1880 2511 2030 837  3904 1353 940  1767 1804 1695 2356 2613 3124 3165 3796 3699 4484 3005 2718 3239 4336 927  410  2547 902  39   1448 687  1978 1509 2536 4367 2922 25   3674 4467 4238 349  428  773  1868 1249 3628 1741 262  2273 1046 2789 1966 3347 2942 3889 3974 4457 
3120 2849 1920 4459 3520 3577 2070 343  3330 707  4420 693  520  3717 2990 459  4186 2385 608  1533 1352 1005 2108 2289 2848 2877 3488 3435 4148 3939 688  3113 3372 3397 154  1737 658  3681 1192 309  1742 1101 2290 1959 2806 4417 3282 1849 3928 151  64   569  1108 1019 2732 1493 4468 2011 634  2543 1502 3067 2446 3617 3418 4159 4486 
2233 2340 3773 3720 2023 1350 203  2720 553  3870 889  1280 2331 2090 2997 2870 783  4288 3285 992  285  1708 1905 2516 2619 3140 3171 3916 3741 4450 4137 1744 3241 4194 3551 418  2637 904  51   1474 699  2006 1527 2542 2469 3130 49   3558 17   4062 353  436  787  1916 1259 3644 1747 274  2281 1082 2791 1982 3359 2962 3907 3986 4463 
3240 3059 1560 539  4160 3703 2080 2079 3400 721  4380 973  440  3549 3190 513  4424 2535 644  405  1364 1065 2132 2343 2842 2889 3550 3441 4150 3993 752  4395 3088 3401 30   3661 664  3771 1208 327  1778 1119 2294 1977 2794 2973 3422 2209 3786 163  12   571  1124 1021 2738 1499 16   2017 662  2549 1514 3079 2458 3623 3442 4177 4    
2093 3060 3857 3510 2057 1500 161  3040 2457 4180 899  3750 1073 2120 3321 3010 897  4096 3525 1012 375  1748 1965 2366 2679 3146 3219 3820 3621 4460 4161 1808 171  4432 3563 246  3785 938  57   1462 717  2008 1563 2546 2481 3122 3459 3682 19   4098 359  452  797  1922 1277 3676 1753 278  2287 1094 2797 1994 3361 2966 3911 3994 4481 
2640 2821 1320 833  360  3751 2220 371  3740 4347 880  989  2450 4257 1610 429  400  1029 572  1875 1372 1095 2144 2337 2852 2895 3556 3471 4172 3999 848  4371 3152 531  170  3667 534  3865 1222 339  1784 1137 2314 1983 2810 2991 3434 3921 3934 167  18   577  1132 1031 2764 1511 6    2027 674  2551 1522 3083 2462 3631 3446 4201 2    
2261 3300 3913 720  2107 1380 209  2610 559  1600 3591 1100 3933 910  3483 3290 957  160  1281 1184 435  1862 2055 2492 2685 3164 3201 3836 3723 1024 4155 2032 207  100  963  424  3787 822  3961 1490 723  2014 1569 2570 2487 3154 3489 3686 4479 4246 367  508  809  1948 1279 3698 1759 298  2293 1114 2801 2018 3371 2974 3917 3998 4483 
1440 3367 2040 637  480  3757 2940 391  3080 1989 1840 819  640  4437 770  621  784  1131 500  1581 1376 1185 2204 2301 2884 2937 3572 3495 4192 4011 944  4401 3184 549  182  1773 670  3869 1038 4039 1786 1149 2318 2019 2822 3027 3448 3957 3938 173  20   587  1172 1033 2804 1523 8    2029 694  2557 1538 3089 2474 3637 3466 4211 1    
