3080 2691 1540 2997 770  1131 3410 2001 160  2431 2520 3553 3780 4433 4080 4543 2400 2023 1080 91   4440 413  1020 721  3450 1099 300  1363 168  1717 1254 2041 2370 2329 3534 2681 60   3043 1164 3383 2868 3791 66   4171 1542 4535 2984 2463 3586 3369 4168 4479 148  641  1388 1097 3028 1601 34   2129 758  2677 1646 3221 2594 3767 3602 4337 
1989 1120 3627 4592 741  2170 1593 4510 2247 580  3289 3360 4199 1680 1859 1800 931  3840 3479 2970 287  960  559  2070 913  1968 1219 2124 1541 696  1865 1806 2189 2982 2515 4182 2893 492  3199 1956 3589 3798 3983 678  4333 2454 1681 3298 2913 3854 3909 4462 421  628  863  2188 1361 3932 1871 358  2383 1198 2917 2102 3511 3106 4049 4162 
4480 2277 2660 3483 1190 1221 3430 2067 200  2607 1220 4147 4200 1573 1260 2299 2700 2107 1320 119  720  407  1050 737  3540 1081 396  1379 216  1727 1272 2033 2418 2363 3576 2701 72   3047 1206 3385 2892 3799 78   4169 1578 4537 2994 47   3590 3387 4184 4497 164  643  1396 1103 3044 1607 38   2131 766  2683 1654 3229 2602 3769 3622 4339 
3861 1400 4059 700  429  2680 1599 4370 2289 620  2769 1780 4301 4560 2057 2100 2873 4140 3577 3000 253  900  583  1950 917  2064 1205 2178 1555 702  1883 1830 2191 3030 2513 4266 2899 516  3205 1962 3595 3972 3985 762  4343 2514 1849 3302 2931 3874 3921 4490 431  652  877  2228 1367 3964 1873 362  2389 1202 2927 2122 3517 3118 4051 4166 
2800 2673 3500 3321 1330 1209 3560 2013 260  2619 1150 3009 2150 3773 3120 2783 2940 3211 1920 133  4590 427  1140 749  3630 1121 468  1385 264  1735 1326 2047 2424 2359 3618 2705 84   3065 1212 3397 2934 3805 102  4181 1614 4541 3014 2469 3592 3453 4190 4533 172  647  1412 1109 3076 1609 46   2137 778  2687 1658 3251 2606 3779 3646 4349 
1287 1960 3933 980  561  2590 1647 400  2343 650  2781 1850 3237 2620 4081 2340 3179 3150 3751 3480 299  360  581  2220 923  2256 1241 2196 1561 744  1895 1896 2195 3048 2519 4218 2911 522  3215 2004 3599 4014 3991 786  4351 2526 2209 3310 2949 3878 3957 4498 433  668  881  2252 1373 3988 1877 382  2393 1214 2939 2126 3527 3134 4057 4174 
3920 2871 4340 3807 910  1269 3710 2091 350  2679 1210 2967 2180 3417 2950 539  3420 3509 4410 143  3570 437  1170 763  3660 1111 450  1387 270  1739 1302 2045 2442 2369 3624 2723 90   3053 1236 3401 3006 3809 114  4183 1626 4553 3002 2481 3598 3459 4202 4569 188  653  1436 1117 3092 1613 58   2141 794  2689 1678 3253 2614 3793 3662 4357 
1683 1820 4131 1568 627  2840 1653 2500 2301 740  2829 1940 3219 2650 3507 3260 1127 3060 3887 840  319  420  589  2250 943  2106 1243 2412 1577 750  1903 1938 2197 3066 2533 4278 2923 558  3223 2034 3601 4044 3997 822  4367 2586 2809 3322 2973 3886 3963 4504 439  692  883  2276 1381 4036 1879 386  2399 1226 2953 2138 3529 3142 4073 4178 
3640 2907 3850 4293 1480 1001 3880 2093 220  2613 1420 3051 2350 3423 2980 3729 3620 2303 2040 209  2730 451  1350 767  3870 1133 588  1391 210  1751 1290 2051 2472 2395 3666 2735 96   3071 1278 3403 3012 3811 138  4187 1662 4555 3018 53   3614 3489 4210 4593 212  659  1468 1123 3148 1619 62   2143 802  2693 1706 3257 2638 3797 3694 4363 
1881 3220 4329 1792 759  2920 1547 3960 2639 820  2847 2020 3297 2740 3531 3340 3993 3950 3703 3510 323  480  611  2430 949  2544 1247 2556 1591 798  1909 1914 2201 3102 2537 4242 2921 564  3227 2076 3611 4086 4009 834  4369 2598 3481 3342 103  3890 3981 4514 443  716  887  2284 1399 4052 1889 394  2411 1234 2957 2174 3533 3158 4079 4198 
2240 3069 4060 1089 1640 1029 4040 2261 4320 2717 1340 3081 2260 3429 3020 3741 3650 4089 4316 161  1200 469  1380 779  4020 1141 612  1393 312  1745 1416 2071 2478 2407 3738 2743 108  3073 1284 3409 3084 3817 174  4189 1686 4559 3026 59   3558 157  4234 9    236  661  1492 1129 3188 1621 74   2153 818  2699 1714 3259 2642 3803 3722 4373 
2223 2380 4257 2450 897  2750 1533 320  2387 3600 2849 2048 3333 2780 3537 3350 3999 3980 4323 1024 301  540  623  2550 959  2754 1253 2628 1565 858  1897 1992 2215 3144 2545 4296 2929 636  3235 2148 3629 4122 4033 894  4379 2634 3721 3346 107  3714 199  4526 449  722  907  2308 1409 4076 1901 398  2417 1238 2963 2182 3539 3166 4091 4222 
4400 3159 560  1521 1720 1113 3770 2037 340  2821 2880 3311 2356 3471 3050 3753 3652 4137 4324 4551 976  473  1500 781  3690 1147 684  1397 378  1763 1410 2059 2538 2413 3768 2747 126  3077 1308 3415 3114 3827 186  4193 1698 4571 3032 2487 3634 163  3954 257  4506 673  1516 1151 3236 1627 82   2161 838  2707 1718 3271 2654 3821 3734 4391 
2457 4600 4437 2156 969  2530 1659 1472 2373 850  3059 2160 3619 2812 3567 3424 4011 4064 4251 80   171  2192 629  2460 973  2832 1255 2844 1585 888  1919 1974 2227 3090 2561 4326 2935 666  3233 2166 3635 4164 4031 906  4381 2658 4489 3352 2991 3896 211  4146 457  724  911  2348 1423 4084 1907 422  2423 1262 2969 2186 3541 3194 4093 4226 
3520 1911 1100 2601 1610 1431 3910 2109 460  2667 1450 3367 3240 3913 3104 3759 3692 4155 4384 4587 1072 531  3632 791  4230 1139 768  1403 384  1757 1464 2077 2490 2419 3774 2759 132  3085 1314 3419 3174 3829 222  4195 1758 4573 3034 2517 3638 3513 4238 263  4542 677  1532 1153 3244 1637 86   2179 842  2711 1726 3299 2722 3823 3742 4397 
3213 1600 3717 520  957  2870 1677 1856 2379 860  2877 2050 3689 2640 4277 3460 4023 4018 4371 112  207  2224 927  256  979  2928 1261 2988 1589 870  1921 1998 2219 3162 2563 4344 2933 708  3239 2172 3641 4188 4037 942  4385 2694 5    3358 3027 3914 4083 4552 461  764  919  2372 1427 4124 1913 446  2437 1282 2971 2194 3547 3202 4099 4258 
4160 1953 1280 441  1880 1311 4070 2121 380  2697 1460 3111 2444 3857 1440 637  3772 4161 4396 4611 1136 549  3664 1413 130  1169 828  1405 408  1781 1518 2095 2568 2429 3810 2761 150  3091 1356 3421 3156 3841 246  4207 1842 4577 3054 61   3656 3543 4246 3    242  683  1556 1163 3284 1657 94   2203 862  2713 1754 3301 2734 3833 3746 4409 
2079 1040 3843 640  483  3160 1729 1984 2397 950  2889 2060 3363 2848 4403 1980 1183 4114 4395 176  243  2384 963  484  1791 290  1267 3042 1603 918  1915 2046 2231 3186 2567 4374 2941 732  3241 2286 3647 4194 4039 978  4387 2742 7    3368 3039 3922 4101 4558 463  772  929  2396 1429 4132 1931 454  2441 1286 2999 2206 3557 3214 4111 4262 
2080 2331 1300 3249 1870 1239 4120 2133 490  2703 1550 3129 2516 2955 3116 833  3300 2527 4444 4623 1168 603  3728 1467 136  2367 430  1411 330  1769 1482 2105 2562 2435 3834 2771 156  3095 1422 3427 3222 3839 258  4213 1866 4579 3058 2559 3658 3561 4294 269  4566 691  1588 1171 3292 1663 106  2207 866  2719 1762 3307 2746 3847 3754 4421 
3591 880  4221 680  609  2990 1743 2368 2403 940  2919 2068 2445 2828 3585 3476 1421 3900 3871 208  261  2416 981  676  1899 266  2817 590  1631 930  1927 2058 2245 3198 2569 4422 2947 726  3247 2316 3649 4236 4043 1002 4393 2766 13   3370 3057 3926 4119 4568 467  788  937  2404 1433 4156 1933 458  2447 1294 3001 2218 3559 3218 4127 4274 
1760 2499 1900 189  2090 1281 4030 2163 500  2727 1580 3171 2528 2985 3124 3765 3718 2597 1560 187  1250 639  3824 1503 152  2421 434  3357 730  1793 1554 2101 2616 2443 3894 2779 198  3097 1494 3431 3228 3845 282  4223 1878 4589 3064 2571 3670 3579 4298 271  4614 701  1604 1181 3308 1667 118  2213 878  2729 1766 3313 2762 3851 3758 4423 
4347 1520 4263 760  651  3190 1809 2624 2409 1060 2937 2108 2485 2852 3605 3484 4029 4150 3971 1890 341  2512 1017 1156 2007 296  2853 598  3897 872  1937 2010 2249 3210 2573 4386 2951 738  3263 2292 3653 4302 4045 1038 4399 2774 2127 3374 3063 3928 4143 4570 479  796  941  2428 1439 4196 1949 466  2459 1306 3011 2234 3571 3226 4129 4282 
2200 2583 1700 231  2120 1407 4216 3325 736  2739 1690 3201 2656 3115 792  4445 3796 4179 4448 221  3990 481  3856 1557 154  2439 442  3411 742  4383 1022 2119 2622 2449 3912 2773 204  3101 1524 3437 3252 3859 318  4237 1902 4595 3074 2577 3674 3603 4310 277  12   709  1636 1187 3316 1669 122  2221 886  2731 1774 3319 2798 3853 3778 4441 
3969 1360 4473 920  777  3224 2655 2752 1875 1204 2943 2132 2505 2888 3745 1404 1075 4108 4401 304  377  2310 667  1444 2043 310  2979 602  3951 874  39   1166 2257 3270 2581 4470 2959 774  3265 2358 3661 4308 4055 1074 4405 2776 2157 3382 3093 3934 4197 4582 487  844  947  2452 1447 4204 1951 478  2467 1318 3019 2246 3581 3238 4133 4286 
2600 2541 2300 273  2360 1309 4264 3555 644  705  1696 1715 2596 3165 3146 4585 2088 2425 4484 729  1264 493  1470 793  170  2493 470  3447 754  4419 1034 177  1358 2453 3930 2807 228  3103 1572 3439 3324 3865 354  4247 1986 4601 3070 2589 3682 3639 4318 281  18   719  1676 1193 3356 1693 134  2237 898  2741 1814 3323 2818 3863 3802 4447 
3927 1840 4557 1000 861  3250 1749 3008 225  1274 1265 2448 2555 2924 3615 3488 1175 2646 3725 272  279  2608 649  2580 1007 322  2883 610  3987 890  51   1178 303  1462 2587 4482 2965 804  3269 2364 3665 4338 4061 1086 4411 2778 11   3406 3099 3938 4227 4610 491  892  953  2468 1451 4244 1973 482  2473 1322 3023 2258 3583 3242 4139 4306 
3040 2709 2420 351  2432 1353 4130 2139 748  645  1708 2015 4608 3355 3164 3783 3668 2525 3108 625  1328 657  4016 799  4260 1157 472  3501 776  4491 1048 159  1342 453  1582 2785 234  3113 1602 3443 3258 3869 366  4249 2022 4607 3082 2631 3686 3651 4328 283  244  727  1682 1201 3362 1697 142  2239 914  2749 1822 3329 2846 3877 3814 4451 
3003 2000 4563 3332 675  3094 1767 3392 1225 1312 1335 2144 2585 3864 3965 3556 4017 4046 3775 3612 185  2672 1083 2116 1003 3078 1271 632  4041 902  57   1192 309  1474 591  1742 2981 846  3277 2388 3667 4404 4063 1146 4415 2782 2181 3422 3117 3962 4269 4616 499  908  967  2476 1453 4252 1979 502  2477 1346 3037 2302 3593 3254 4153 4322 
2720 2793 2900 297  2072 1425 4186 3735 836  795  1748 1855 1728 3445 756  275  3836 4173 4532 65   3948 365  4112 1611 182  985  882  1415 782  4527 1054 183  1370 471  1586 753  1846 3127 1644 3455 3372 3883 402  4265 2082 4609 3110 2643 3688 3669 4330 293  268  733  1684 1213 3412 1699 146  2243 922  2753 1838 3331 2854 3881 3826 4457 
4389 2320 4599 1160 1023 3304 2745 3776 4225 1316 1375 3312 2635 4158 3995 1596 1325 4148 4407 368  205  4392 535  3364 2061 328  1273 3204 1639 904  69   1208 321  1490 597  1778 879  1970 3281 2466 3679 4476 4069 1158 4417 2792 2199 3434 3147 3970 4281 64   503  916  971  2524 1459 4276 1987 514  2503 1354 3041 2306 3607 3274 4157 4358 
3200 2961 3100 357  2440 1419 4408 3575 4032 715  4536 2035 1512 3485 864  325  2142 2575 4556 45   1424 395  4554 695  184  2523 488  1417 456  1765 1066 201  1378 489  1598 771  1864 1047 2110 3473 3438 3893 426  4267 2094 4613 3112 2649 3704 3687 4334 307  284  739  1724 1217 3428 1709 158  2251 926  2767 1858 3343 2858 3889 3862 4463 
693  2480 4617 1240 903  3230 1771 3456 3025 3024 1495 3528 2665 1008 4015 1428 1475 2664 3925 464  333  2768 545  528  835  344  3033 638  1633 984  1939 1222 327  1498 633  1784 921  1978 1167 2222 3683 4518 4087 1182 4427 2794 2217 3448 3153 3982 4287 20   509  932  977  2564 1471 4348 1993 526  2521 1366 3049 2326 3613 3314 4159 4406 
3400 3087 3380 399  2210 1491 4250 2233 3744 935  2016 2125 1848 3515 936  475  2208 2675 3234 85   1552 711  4208 745  1104 995  494  3573 790  1799 1566 2123 1384 501  1592 789  1886 1059 2114 1299 2294 3899 438  4279 2118 4619 3122 2661 3706 3693 4342 311  292  743  1732 1223 3436 1721 166  2267 934  2777 1874 3347 2866 3907 3866 4481 
819  2560 567  1430 987  3256 1833 3904 385  2808 1595 4368 2755 2268 4085 1386 1445 2784 3757 3654 215  2864 1143 3844 865  3216 1285 646  4107 946  1945 2136 2263 1510 669  1786 933  1990 1191 2230 1389 2390 4097 1194 4429 2786 2229 3454 3183 3992 4299 28   521  956  983  2572 1481 4364 1997 538  2531 1382 3061 2342 3617 3326 4177 4414 
3680 3267 3700 459  2470 1479 4270 2187 884  805  1872 2185 4284 3565 924  425  2232 2645 3348 55   3978 415  4304 1587 232  1055 972  1441 806  4581 1096 2117 2670 2461 1606 807  1898 1077 2134 1317 2314 1509 2494 4285 2154 25   3154 2721 3730 3711 4346 313  316  751  1756 1229 3452 1723 178  2269 958  2789 1882 3359 2878 3911 3898 4483 
1071 2960 891  2548 999  3010 1887 4288 105  1352 1435 3564 2795 2352 4255 1638 1525 2904 4067 3816 235  4428 565  56   2097 374  1313 3468 1655 938  87   1246 2279 3288 2599 1790 939  2006 1203 2242 1401 2410 1671 2626 4435 2802 17   3464 3189 4010 4317 32   523  964  991  2588 1483 4372 1999 542  2539 1402 3067 2362 3623 3334 4201 4426 
2860 3339 4100 513  1750 1443 4280 2193 928  875  4488 2065 2112 3625 1056 575  2244 2725 3366 35   3996 445  3072 755  238  2529 506  1457 462  1795 1106 213  1390 2471 3942 2813 1910 1101 2146 1329 2318 1527 2504 1779 2696 49   3126 67   3736 3747 4354 317  332  757  1772 1231 3508 1733 194  2273 974  2791 1894 3361 2894 3917 3902 4493 
1197 3280 1053 3388 1107 3290 1917 4096 135  1364 1505 3888 2765 4416 3815 1632 1519 2952 4075 3762 265  4446 635  624  895  376  3123 664  1643 966  1943 1256 339  1528 2603 4494 2977 2008 1227 2248 1437 2414 1689 2570 1857 2806 19   3378 109  4024 4341 44   541  1004 997  2612 1487 4388 2003 554  2543 1418 3079 2374 3631 3338 4211 4442 
3740 3381 4300 621  2002 1581 4360 2211 812  885  1804 2135 2496 3395 1152 175  2484 2825 3384 115  4056 485  576  785  1134 1115 518  3609 808  1807 1590 2147 1394 519  1630 2827 276  3107 2152 1347 2330 1563 2506 1797 2690 1977 3130 71   3594 167  4366 331  338  761  1796 1237 3524 1741 202  2281 982  2797 1906 3371 2902 3919 3946 4507 
1323 3440 1377 3724 765  3416 1947 4544 165  1372 1455 2204 2875 2304 3955 1656 1675 2898 4175 3822 295  4452 655  648  905  3408 1315 658  4113 970  1957 2130 2291 1526 681  1798 2983 852  3287 2264 1461 2422 1707 2630 1893 2810 2253 3470 113  3786 223  4206 547  1028 1009 2636 1489 4412 2011 562  2549 1438 3083 2386 3637 3386 4217 4474 
3800 3393 2128 3915 2296 1665 4424 3975 868  915  1862 1965 2366 3655 1188 245  2508 3125 3402 95   4092 505  2916 803  1392 1135 1044 1465 814  81   1070 2149 2706 2455 1634 813  1912 3131 1668 3487 2338 1569 2510 1803 2698 1983 3170 2733 3766 173  3966 337  356  769  1828 1249 3532 1747 206  2287 998  2801 1934 3373 2906 3923 3958 4513 
1449 3760 1863 616  855  3542 2535 224  195  1376 1515 2212 2595 2842 4355 1824 1775 2964 4205 3906 305  4512 671  2610 989  3504 1331 3492 1651 986  93   1258 2285 3294 2605 1802 951  2014 3293 2502 3695 2438 1713 2648 1923 2822 2271 3478 3207 4042 227  4254 557  1052 1013 2644 1493 4418 2017 566  2551 1454 3089 2402 3643 3394 4219 4478 
4000 3519 4550 783  2408 1845 4466 4005 968  1005 1888 2055 2492 3345 3196 605  2394 3175 3444 125  4116 515  336  817  4350 1159 1116 1469 510  1817 1090 219  1406 2483 4002 2815 1918 1119 2158 3493 3396 3901 2522 1821 2702 2019 3176 2757 3782 3777 4376 347  388  773  1844 1259 3548 1753 214  2293 1006 2803 1942 3389 2918 3929 3974 4517 
1617 4240 1539 4508 825  3458 2775 308  255  1484 1545 2236 2685 2884 3597 3572 1825 2976 4325 3828 335  4524 685  816  1027 3726 1337 3636 1661 1026 1961 1270 393  1544 2611 4584 2987 2054 1257 2266 3713 4548 4103 2666 1929 2824 2283 3490 3261 4066 4353 50   563  1058 1019 2692 1499 4436 2027 586  2557 1466 3109 2426 3659 3398 4229 4486 
4420 3663 1904 3705 2632 1725 4472 4335 988  1065 1876 2085 2668 3405 3172 3801 3916 2891 3552 155  4128 497  432  815  1488 1145 1332 1477 390  1819 1608 2167 1414 537  1670 2831 294  3139 2162 1371 2344 3935 474  4291 2710 2031 3178 2787 3790 3831 4378 349  404  787  1852 1277 3628 1759 218  2297 1018 2819 1954 3391 2942 3931 3986 4519 
1701 800  2349 896  975  3608 2975 352  345  1504 1605 2254 2715 2948 3621 3580 4047 4192 4361 3876 329  600  679  912  955  3792 1333 3708 1649 1032 1963 2190 2321 1534 687  1810 2993 948  3295 2278 1473 2456 4105 1266 4439 2830 2307 3502 3273 4072 4359 52   569  1076 1021 2708 1511 4468 2029 614  2579 1478 3119 2434 3671 3418 4231 4502 
4180 3549 440  663  2552 525  1936 4025 992  1015 1892 2235 2684 3435 3212 3813 3820 4191 4460 203  1620 511  1530 851  1536 1165 1452 1501 546  1829 1704 2159 2712 2479 1688 831  1928 3143 1734 3497 2354 1623 2534 4295 2202 121  3182 2811 3794 3837 4382 353  412  797  1868 1279 3644 1777 226  2309 1042 2833 1966 3407 2962 3943 3994 4523 
1827 4048 2511 280  1161 3496 2275 3168 455  4104 1625 2272 2865 2996 3657 3550 4053 4220 4503 496  343  660  689  2790 1037 3984 1339 3852 1679 1110 1967 2214 2305 3306 2615 1816 993  2056 3305 2532 3715 2482 1731 2662 4453 2834 2319 3512 3279 4082 4377 68   571  1084 1031 2732 1523 4492 2039 622  2591 1486 3121 2446 3673 3442 4241 4534 
4576 3675 1144 837  2030 1551 4624 4375 3672 1085 1584 2345 2756 3441 3140 3819 3940 4209 4450 63   1616 527  1650 871  4380 1177 1476 1507 570  1837 1674 2155 2814 2491 4008 2845 1946 1137 2168 3503 3474 3937 2536 1839 2714 2049 3206 2823 3806 3849 4390 359  428  809  1916 1283 3676 1783 254  2311 1046 2837 1982 3413 2966 3947 3998 4547 
2835 2816 1785 1976 1173 3320 1869 416  665  3432 1615 4176 2905 3068 3633 3596 4071 4172 4509 512  363  2896 697  2820 1043 3750 1343 3924 1673 1128 1969 2226 2315 3318 2623 4578 2995 2074 1263 2270 3707 4596 4109 2678 1941 2872 2361 3514 3291 4090 4413 76   577  1108 1033 2738 1531 4516 2053 626  2593 1502 3137 2458 3677 3446 4243 4538 
2288 945  1408 3255 3016 1463 4520 2241 1012 1295 2592 2255 3264 3535 3268 3855 3892 4215 4564 75   1648 747  4336 869  240  1189 1548 1513 552  1835 1722 2165 2838 2489 4074 2839 342  3133 2198 1383 2378 3941 498  4307 2726 2073 3208 2841 3818 3867 4394 367  436  811  1922 1289 3698 1787 262  2333 1082 2843 1994 3433 2974 3967 4006 4549 
1575 3328 2415 2176 4305 3712 1971 140  2451 1508 1645 4212 2915 1296 4345 3604 4035 4214 4521 592  369  3056 1179 40   1057 4272 1345 4068 1685 1122 1985 2262 2317 3336 2627 4530 3007 876  3317 2282 1497 2486 4115 1338 4469 2882 2391 3526 3309 4094 4443 92   587  1124 1039 2764 1543 4604 2063 634  2609 1514 3163 2462 3691 3466 4253 4546 
2992 1995 1496 3885 2584 735  2704 2337 550  2737 2736 2365 2184 3685 1092 725  3956 4233 4540 99   1712 801  4432 1629 190  1199 1692 1517 594  1841 1752 2173 2886 2495 4026 2863 306  3149 1746 3505 2398 1641 2542 4303 2238 169  3262 2859 3830 3873 4402 373  452  821  1948 1291 3716 1789 274  2339 1094 2851 2018 3449 2978 3989 4022 4561 
4095 3872 2625 2024 4515 3848 2695 544  2553 1180 3157 4464 3145 1344 4465 1716 1805 4228 4539 656  387  3088 1233 70   2151 370  1349 4572 1687 1230 1981 2322 2323 3354 2641 4602 3005 954  3337 2676 3737 2488 1761 2674 4471 2874 23   3530 3327 4102 4449 98   593  1132 1049 2804 1549 4612 2069 662  2617 1522 3167 2474 3697 3482 4259 4562 
3344 1365 1672 4185 2944 1815 832  4235 1292 2751 1660 3451 3648 3835 1176 775  2436 3275 4588 117  1744 867  4496 1719 230  2547 530  1529 690  1843 1770 2171 2862 2497 4110 2867 348  3151 1788 3521 3516 3949 2546 1851 2758 289  3138 73   3832 3891 4430 379  508  823  1964 1297 3748 1801 278  2341 1114 2857 2026 3457 2986 4001 4034 4567 
2205 4352 3045 2392 315  3944 3015 608  375  1564 3021 2140 3731 4356 4495 1836 1975 3036 4475 688  423  3152 1251 88   2169 406  3141 670  1691 1218 1991 2328 2327 3390 2629 144  3013 996  3341 2682 3743 48   4117 2686 1959 2914 29   3414 127  4118 4461 116  599  1172 1051 2836 1553 16   2081 674  2621 1538 3169 2498 3701 3494 4261 4574 
3536 1155 1768 4125 3128 1925 1088 4365 1036 1045 1924 3243 2540 4123 1224 845  2604 3425 3588 145  1808 873  4528 1737 248  2637 536  3681 824  1853 1794 2177 2910 2501 4134 2855 372  3155 1812 3523 3582 3953 534  4309 2770 2103 3266 79   3606 179  4438 383  524  827  1996 1301 3764 1811 298  2347 1126 2861 2038 3461 2998 4003 4054 4583 
3465 1664 3135 728  1125 3968 3075 364  285  1612 1635 2312 3399 2890 4459 1944 2075 3096 4477 3936 355  3184 1341 104  2259 410  3177 682  4149 962  2005 2346 2353 3486 2651 324  3017 1014 3349 2718 3749 162  4121 1362 4487 2930 2427 3538 131  3846 229  4314 601  1228 1061 2876 1559 6    2083 694  2633 1546 3181 2518 3709 3506 4271 4586 
3952 1485 2576 2025 2618 1935 4522 4425 1078 1095 1952 2265 2716 3477 3232 847  2652 2989 2280 217  4248 517  100  1773 250  2763 568  3771 826  15   1102 2183 2958 2507 4152 2869 414  3161 1818 3545 3546 3959 582  4315 2274 361  3272 2901 3838 181  4038 389  548  829  2012 1303 3788 1823 302  2351 1138 2879 2042 3463 3022 4007 4058 4591 
4455 4256 2145 952  1035 3752 3195 392  435  1628 1695 2324 2895 3038 3699 3610 1813 4500 2401 4290 371  780  703  110  2313 418  3231 686  4167 994  111  1304 2335 3498 2653 192  3029 1062 3353 2724 3755 36   4135 1374 4499 2922 31   3544 3351 4142 233  4362 607  1244 1063 2908 1567 8    2087 698  2647 1574 3187 2554 3719 3518 4273 4594 
2912 2295 3248 4485 2728 2115 784  4545 1148 1105 1988 2355 2788 3495 3296 3939 3860 3283 2760 259  4050 551  1860 889  286  2799 574  3789 830  27   1112 237  1426 2509 4170 2881 444  3173 1854 3551 3684 3961 606  4313 2298 529  3246 83   3842 3903 4454 397  556  839  2036 1307 3812 1831 314  2357 1142 2887 2062 3467 3046 4013 4078 4597 
2475 3136 2805 1064 1215 3784 3285 476  465  1652 1705 2336 2945 3052 3723 3616 4077 4232 77   3720 391  630  731  2850 1073 424  3303 710  4203 1010 123  1298 381  1558 2669 1458 3031 1068 3365 2748 3763 24   4145 1398 4501 2936 37   3426 137  4154 4467 124  613  1252 1069 2932 1571 10   2089 706  2657 1594 3191 2558 3727 3554 4283 4618 
3808 1755 3472 3645 2744 2175 448  4575 1184 1185 1972 2375 2688 3875 3404 3945 4012 4239 4580 247  4620 533  1710 899  810  1207 584  3879 854  33   1118 249  1432 543  1702 2885 486  3193 1884 3563 3732 3973 618  4319 2334 841  3278 89   3642 191  4456 401  578  853  2084 1319 3868 1847 326  2371 1154 2897 2066 3469 3062 4019 4106 4603 
2925 4312 3315 1288 1275 3976 3225 532  615  1666 1905 2332 3055 1764 4505 3626 4065 4268 4431 752  403  990  707  3180 1067 180  1351 712  4311 1016 141  1310 411  1562 699  1826 3035 1098 3377 2796 3781 30   4141 1434 4511 2946 41   3462 139  3858 239  4398 617  1268 1087 2956 1579 14   2099 718  2659 1618 3203 2566 3733 3566 4289 4622 
2464 2565 3584 495  2968 2325 704  405  1196 1245 2044 2405 2856 3895 1248 1025 4028 4245 4598 147  2032 553  1740 893  1776 1211 1908 1535 856  21   1130 267  1442 573  1730 843  1958 3197 1926 3569 3756 3977 642  4321 2382 961  3282 97   3678 193  4062 409  596  857  2092 1321 3884 1861 334  2377 1174 2903 2078 3491 3086 4021 4126 4621 
3825 1232 3375 1624 1395 4088 3525 572  555  1694 1885 2772 3335 504  4565 1932 2225 4292 4605 848  507  3376 713  3330 1079 288  1355 4332 1703 1030 129  1334 417  1570 717  1832 1011 2086 3379 2826 3785 42   4163 1446 4529 2938 43   3522 149  3882 241  4434 619  1324 1091 2972 1583 22   2111 734  2663 1622 3209 2578 3739 3574 4297 4    
4004 3105 4144 585  2926 2385 1216 4165 1276 1235 3696 2465 3192 3905 1368 925  2574 3475 4606 153  2096 909  196  901  1782 1195 2028 1537 714  1891 1162 291  1448 579  1738 849  1930 1149 2216 3587 3804 3979 654  4331 2406 1369 3286 101  3702 197  4098 419  604  859  2164 1327 3908 1867 346  2381 1186 2909 2098 3499 3098 4027 4138 1    
4275 1456 3795 1736 1305 4136 3185 2376 595  4224 1955 3276 3245 672  4615 2052 2009 3132 4525 944  477  3568 1359 128  965  252  1357 120  1711 1242 2021 1336 447  1576 723  1834 1041 2104 1293 2290 3787 54   4151 1506 4531 2954 2433 3562 151  3918 251  4458 631  1348 1093 3004 1597 26   2113 746  2671 1642 3217 2582 3761 3578 4327 2    
