4032 2035 1092 3905 3906 845  2544 4175 1908 511  990  923  2460 1313 240  1589 390  1769 2010 1961 2958 2123 3390 2317 4170 2507 4746 2735 414  2977 1212 3161 2286 3419 3438 3715 42   4009 582  4189 1074 4333 1578 4499 2154 4633 2742 361  3414 31   3858 107  4458 463  722  937  2348 1439 4124 1951 394  2473 1238 3037 2186 3607 3202 4159 4262 
3575 1008 3245 2912 4505 2916 2525 4656 205  3924 721  1530 1133 3660 1417 1100 1687 930  1883 2622 1945 3198 2191 3894 2429 4422 2603 132  2867 774  3071 1734 3287 2868 3569 4194 3865 322  4121 834  4285 1362 4411 1866 4573 2514 4727 3018 4489 3642 71   4098 263  124  691  1516 1181 3244 1669 62   2237 818  2749 1718 3331 2722 3889 3746 4481 
3024 2125 1248 3995 3936 925  2288 4205 2028 515  696  943  2550 1271 560  4329 680  1793 1830 1963 3048 2147 3576 2305 4182 2509 144  2747 444  2981 1236 3173 2292 3421 3474 3737 54   4031 606  4193 1086 4343 1614 4501 2202 4645 2766 529  3426 37   3882 109  4506 467  724  941  2372 1447 4132 1973 398  2477 1262 3041 2194 3613 3214 4177 4274 
4675 2268 3335 2904 4277 432  2575 252  215  4068 737  1400 1147 3740 3933 980  4719 1610 1903 2712 1985 3294 2201 3912 2435 4482 2605 156  2869 804  3073 1788 3293 2892 3589 4236 3869 328  4117 872  4291 1374 4415 1878 4577 2526 4735 3054 5    3678 73   4146 269  148  701  1532 1187 3284 1693 74   2239 838  2753 1726 3343 2734 3907 3754 4483 
4368 2185 1404 3115 3996 1025 2576 4325 2124 517  4480 3861 2660 3627 880  4437 760  2349 3290 1969 3066 2155 3618 2315 4218 2513 4758 2759 486  2983 1278 3193 2316 3427 3516 3743 30   4033 610  2763 1166 4369 1626 4511 2238 4661 2778 841  3454 41   3918 113  4542 479  764  947  2396 1451 4156 1979 422  2503 1282 3049 2206 3617 3218 4201 4282 
3025 2352 3355 2952 4459 528  2675 288  235  4332 767  1960 1287 4000 4641 1280 2961 2470 459  4280 2047 3306 2215 3942 2443 4530 2611 150  2881 846  3085 1812 3295 2934 3595 4302 3883 344  1629 874  3951 1448 4417 1902 4579 2570 4739 3126 7    3702 79   4206 271  164  709  1556 1193 3292 1697 82   2243 842  2767 1754 3347 2746 3911 3758 4493 
4536 2255 1368 3311 4560 1813 2754 4475 2156 527  3080 2223 2720 4347 1520 1449 1000 4599 3410 777  320  2149 3534 2323 4266 2519 324  2761 492  2987 1284 3197 2358 3431 3546 3749 78   4037 598  2799 1162 57   1784 4529 2274 4667 2802 961  3462 43   3954 127  4566 487  772  953  2404 1453 4196 1987 446  2521 1286 3061 2218 3623 3226 4211 4286 
4225 3312 2065 2964 4543 3420 3479 396  265  4508 1989 1540 3393 4180 819  1700 2793 2530 273  4360 1131 220  2219 3930 2453 4494 2615 204  2885 852  3091 1818 3305 3006 3599 4308 3893 354  4135 902  3987 1462 381  2014 4589 2546 4741 3138 11   3706 83   4254 277  172  719  1588 1201 3308 1699 86   2251 862  2777 1762 3359 2762 3917 3778 4507 
3696 2375 1632 3157 1440 2009 1560 119  2178 533  2800 2691 3040 3213 1840 1617 920  567  3880 837  1216 1407 500  2327 4242 2515 192  2773 516  2993 1308 3199 2364 3437 3582 3755 66   4039 618  4195 1178 69   1786 753  2294 1569 2822 1369 3464 3543 3992 131  4614 491  788  967  2428 1459 4204 1993 454  2531 1294 3067 2234 3631 3238 4217 4306 
1105 3564 2093 3600 4669 3300 3577 3720 301  480  779  1760 2457 4600 693  1300 3087 2680 231  4370 1209 340  1491 850  2449 4578 2623 198  2899 948  3095 1854 3317 3012 3601 4338 3899 366  4141 894  4295 1474 393  2054 1167 2626 2019 3170 3027 3730 4119 4342 281  188  727  1604 1213 3316 1709 94   2267 866  2789 1766 3361 2798 3919 3802 4513 
4752 665  1836 3367 2640 2023 2280 77   4050 551  4760 3159 3200 3927 1040 1701 1160 1539 3770 861  1472 1431 550  1743 1210 2533 1458 2771 522  2995 1314 3205 2388 3439 3684 3763 102  4043 632  4207 1146 4351 1778 771  2314 1623 2824 2487 3470 3561 4010 4677 4616 499  796  971  2452 1471 4244 1997 458  2539 1306 3079 2246 3637 3242 4219 4322 
2275 3888 1771 2880 637  3840 3703 4440 329  540  781  2380 2673 4640 1071 1900 3339 2750 357  4472 525  608  1533 860  1917 1580 2627 228  2893 876  3097 1884 3337 3084 3611 4404 3901 370  1719 890  4303 1398 4429 2074 1191 2630 2031 3176 3039 3736 4143 4346 283  212  733  1636 1217 3356 1721 106  2269 878  2791 1774 3371 2818 3923 3814 4517 
3168 805  1824 3451 1800 2107 2040 91   4400 553  1140 949  3220 2907 2000 1827 1240 2997 4030 957  1984 1665 1196 1749 1220 2091 2060 2779 558  3005 1356 3215 2466 3443 3732 3781 110  909  638  2817 1192 4367 1662 4531 2318 1641 2830 2517 3478 3579 4024 4701 4630 503  844  977  2468 1481 4252 1999 466  2543 1318 3083 2258 3643 3254 4229 4358 
2975 4176 2135 2976 4697 3900 3751 4590 343  600  749  1710 1157 3850 3519 2420 3381 2840 399  4520 1173 364  3075 1508 1947 1660 2193 2650 2911 954  3101 1926 3341 3114 3629 4476 3937 374  1737 904  4041 1490 4427 1986 4595 2648 2049 3178 3057 3766 4197 4354 293  236  739  1676 1223 3362 1723 118  2273 886  2797 1814 3373 2846 3929 3826 4519 
3744 875  1656 3395 4056 2299 1680 247  960  559  1350 959  2580 1339 2320 1911 1480 2511 3910 903  1856 1725 1036 4575 1972 2109 2050 2553 3340 3007 1422 3223 2502 3455 3756 3785 114  4045 646  2853 1208 87   1790 4537 2298 4681 2834 2559 3490 3603 4042 4713 4634 509  892  983  2476 1483 4276 2003 478  2549 1322 3089 2302 3659 3274 4231 4406 
1925 4212 2233 3096 4565 3136 3887 4620 377  1890 793  1740 1141 3690 1441 2300 3549 2920 351  4510 1239 748  3195 1564 465  2332 2241 2740 2781 3692 3103 1956 3349 3156 3635 4518 3935 376  1773 938  4107 1498 411  2056 4601 2586 4747 3182 3063 3782 4227 4366 307  242  743  1682 1229 3412 1733 122  2281 898  2801 1822 3389 2854 3931 3862 4523 
2808 1015 1944 3535 4128 1175 2832 299  3150 583  3920 979  2610 1331 810  1591 1640 3483 3416 897  2368 1845 1078 4635 1952 1185 2812 2607 3350 3129 4114 3227 2532 3473 3798 3787 128  927  658  2883 1222 93   1802 789  2330 4687 2872 2571 3502 3639 4066 4737 4642 521  908  991  2524 1487 4348 2011 482  2551 1346 3109 2306 3671 3314 4241 4414 
2695 4464 2261 3036 4585 624  2645 588  391  2730 799  1470 1159 3870 1457 2450 4743 1750 429  4522 825  392  3225 1612 435  2336 2085 3104 2847 3772 3441 4540 3353 3222 3641 4548 3941 410  1791 946  4113 1510 417  2086 1203 2662 2073 3206 3093 3790 4269 4376 311  244  751  1684 1231 3428 1741 134  2287 914  2803 1838 3391 2858 3943 3866 4547 
3456 1001 4320 3689 4248 1075 2928 4525 2196 589  2240 989  2790 1337 2560 4257 910  3321 3430 999  2624 1815 1148 405  1988 1245 2828 2445 3404 3165 4046 3729 272  3487 4014 3799 130  963  664  2979 1246 111  1798 807  2338 1671 2882 2577 3512 3651 4072 4749 4646 523  916  997  2564 1489 4364 2017 502  2557 1354 3119 2326 3673 3326 4243 4426 
3185 4608 2387 2160 539  648  2725 468  295  4572 803  1820 1177 4020 1469 2900 891  2030 513  4466 975  476  3285 1628 615  2356 2211 3116 2865 3718 3477 4556 4017 1552 3647 4596 3949 406  1899 962  4149 1526 447  2104 1227 2666 2103 3208 3099 3794 4281 4378 313  268  757  1724 1237 3436 1747 142  2293 922  2819 1858 3407 2866 3947 3898 4549 
2376 1085 2052 3619 2340 2303 2992 625  2412 535  546  1003 2820 1333 2960 1953 1720 3807 3542 585  2752 2115 1184 1875 2044 1335 2842 2505 3424 3171 4192 3741 368  4215 3056 3791 138  4055 682  3033 1256 123  1810 813  2344 1689 2914 2589 3514 3669 4082 9    4654 541  932  1009 2572 1493 4372 2027 514  2579 1366 3121 2342 3677 3334 4253 4442 
3325 1728 2345 3132 833  4140 3871 612  305  4716 745  1026 1169 4230 1477 3380 3717 2990 783  4648 1035 532  3525 1652 555  2366 2235 3124 2877 3796 3495 4564 4029 1616 4539 4528 3953 418  2007 970  4167 1528 453  2110 1257 2674 2127 3262 3117 3806 4287 4382 317  284  761  1732 1249 3452 1753 146  2297 926  2833 1874 3413 2878 3967 3902 4561 
3432 1295 1716 3605 4092 2527 2760 133  2556 545  702  955  1416 1343 2480 2331 1430 4293 3458 495  3008 1935 1274 225  2048 1455 2848 2595 3476 3219 4148 3753 464  4209 3088 63   136  981  670  3123 1258 129  1816 831  2354 1707 2930 2631 3526 3687 4090 3    4658 547  956  1013 2588 1499 4388 2029 526  2591 1382 3137 2362 3691 3338 4259 4474 
4025 2112 2485 3348 4615 816  3971 720  371  216  755  1032 1135 1722 1501 3100 3843 3160 561  4712 735  736  3555 1666 645  2444 2247 3146 2889 3820 3471 4580 4047 1648 4551 4688 387  424  2043 986  4203 1534 471  2114 1263 2678 2157 3266 3147 3818 4299 4390 331  292  769  1756 1259 3508 1759 158  2309 934  2837 1882 3433 2894 3989 3946 4567 
3672 1435 2088 3731 4392 1325 3216 161  3520 581  744  965  1464 1255 1974 1633 1870 441  4040 987  3392 2175 1204 135  2068 1515 2852 2619 3460 3201 4214 3783 496  4233 3152 75   152  1017 686  3141 1270 141  1826 843  2378 1713 2936 2643 3530 3693 4094 137  4638 557  964  1019 2612 1511 4412 2039 538  2593 1402 3163 2374 3697 3386 4261 4478 
4235 2496 2555 3366 4625 336  2825 684  403  660  763  1122 1145 1752 1385 2226 1691 3190 483  4664 1125 644  3735 1694 795  2492 2265 3164 2937 3836 3531 4588 4035 1712 4587 196  423  430  2061 994  4311 1544 489  2134 1293 2686 2181 3272 3153 3830 4317 4394 337  316  773  1772 1277 3524 1777 166  2311 958  2843 1894 3449 2902 4001 3958 4583 
4104 1309 2208 3745 4428 1445 3078 35   2628 611  1380 973  1482 1285 1998 1555 2424 1799 4070 969  3776 2325 1276 195  2108 1545 2888 2613 3488 3237 4220 3759 512  4239 3184 99   170  1083 710  3177 1298 159  1832 849  2390 1731 2938 2649 3538 3711 4102 139  4670 563  1004 1021 2636 1523 4418 2053 542  2609 1418 3167 2386 3701 3394 4271 4486 
4165 3648 2639 3384 4745 912  3125 768  335  168  817  1860 1189 1794 1405 2322 1655 2538 1897 4730 1269 812  3975 1708 705  2516 2289 2780 2967 3860 3507 4598 4053 1744 4605 256  477  434  2097 1010 4383 1558 501  2146 1299 2690 2199 3278 3183 3832 4341 4402 347  332  787  1796 1279 3532 1783 178  2333 974  2851 1906 3457 2906 4003 3974 4591 
4224 1505 2232 3773 4512 1475 3248 55   2548 565  714  1007 2860 1349 2002 1565 2442 1735 2568 1967 3904 2385 1292 165  2132 1605 2924 2667 3484 3243 4268 3765 592  4245 3376 117  154  1143 712  3231 1304 177  1834 879  2398 1761 2954 2661 3544 3747 4118 149  4696 569  1028 1031 2644 1531 4436 2063 554  2617 1438 3169 2402 3709 3398 4273 4502 
4655 3264 2717 3240 847  1104 3175 828  355  4732 785  1128 1207 4060 4131 2408 1685 2478 1765 2706 2005 836  4005 1696 885  2528 2301 2890 2919 3916 3537 4606 4065 1808 4611 100  507  470  2151 1016 4419 1562 519  2152 1317 2696 2217 3286 3189 3838 4353 4430 349  338  797  1828 1283 3548 1787 194  2339 982  2857 1934 3461 2918 4007 3986 4597 
4488 1645 2484 3857 2400 2597 3344 65   2844 629  728  985  1518 1387 3280 4563 2618 1745 2562 1835 3102 2159 1312 105  2144 1635 2884 2679 3550 3297 4232 3813 688  4251 3568 147  184  1179 730  3303 1310 183  1846 921  2410 1779 2984 2721 3562 3777 4142 151  4706 571  1052 1033 2692 1543 4468 2069 562  2621 1454 3181 2426 3719 3418 4283 4534 
4375 4416 2765 3552 931  4500 4067 972  365  264  815  1064 1165 1806 1507 3700 1053 2926 1795 2814 2045 3318 2227 1748 915  2596 2337 2950 2943 3940 3567 4628 4071 2032 4623 484  531  442  2169 1022 4491 1570 537  2158 1329 2698 2229 3298 3207 3842 4359 4438 353  356  809  1844 1289 3628 1789 202  2341 998  2861 1942 3463 2942 4013 3994 4603 
1584 1547 2508 3815 4524 2783 3000 187  2988 623  858  995  1554 1315 2058 1639 1190 1521 3752 1865 3144 2165 3624 2329 2204 1695 2948 2697 3556 3333 4228 3819 656  4323 3632 153  182  1233 742  3357 1334 201  1864 933  2414 1797 3002 2733 3586 3831 4154 157  4718 577  1058 1039 2708 1549 4492 2081 566  2633 1466 3187 2434 3727 3442 4289 4538 
1225 2304 2737 3762 4715 1134 4477 2100 407  780  791  1242 1195 1896 1415 2328 1703 2170 621  4736 2059 3336 2231 4008 2455 2656 2355 3172 2895 3892 3585 4676 4077 2192 4665 676  549  472  2259 1030 4527 1576 543  2162 1347 2702 2253 3302 3261 3854 4377 4454 359  388  811  1852 1291 3644 1801 206  2347 1006 2879 1954 3467 2962 4019 3998 4621 
1872 1463 4680 4403 4446 1525 3408 253  4410 649  1170 1037 1566 1345 2046 1585 2472 1807 3710 1023 4288 2167 3666 2335 4278 2537 2996 2685 3572 3345 4292 3855 752  4395 3664 171  230  1251 754  3411 1336 213  1886 939  2422 1803 3014 2757 3590 3837 4168 163  4722 587  1076 1049 2732 1553 4516 2083 586  2647 1478 3191 2446 3733 3446 4297 4546 
385  1296 2849 3120 1127 1392 3275 882  437  3570 851  1950 1199 1938 1465 2346 1711 1110 1909 4690 1221 260  2257 4002 2471 4584 2629 3196 2955 3956 3597 4636 4137 2096 4671 1156 603  488  2313 1034 4581 1582 573  2168 1371 2710 2271 3310 3273 3874 4413 4456 367  404  821  1868 1297 3676 1811 214  2351 1018 2887 1966 3469 2966 4021 4006 4637 
2448 1715 2652 4081 2700 2891 3504 85   3042 667  420  1067 2850 1351 2136 1603 510  1817 2130 1991 4544 1479 620  2353 4296 2545 72   2785 3596 3363 4316 3801 848  4371 3728 207  190  1341 776  3447 1342 219  1912 951  2438 1821 3026 2787 3592 3849 4184 167  4726 593  1084 1051 2738 1559 4604 2087 614  2657 1486 3203 2458 3739 3466 4327 4562 
455  4356 2905 3588 1421 1080 4361 1044 395  312  869  2070 1211 4260 1517 4300 1727 1230 1919 2862 2071 350  1599 940  2461 4602 2641 234  2921 3950 3621 4660 4089 2224 4683 1444 639  494  2367 1048 4689 1586 579  2198 1383 2714 2283 3322 3279 3878 4443 4462 373  412  823  1916 1301 3698 1823 218  2357 1042 2897 1982 3491 2974 4027 4022 4639 
2592 1729 2244 3955 4554 2989 2970 217  3204 635  798  1027 3180 1357 3440 2499 1880 1819 2190 1981 3030 2171 580  1767 1340 2563 60   2807 564  3013 4384 3939 944  4401 3824 243  232  1359 782  3501 1358 237  1898 993  2456 1839 3032 2811 3598 3867 4190 173  4738 599  1108 1061 2764 1567 4612 2089 622  2659 1502 3209 2462 3761 3482 4337 4574 
595  792  2821 3816 175  1488 4693 1200 413  384  835  1218 1241 4340 3267 4100 4221 3250 1921 2838 2077 3210 2249 1060 1971 1690 2651 276  2923 996  3107 4708 4155 2384 4695 2116 657  506  2421 1054 4707 1592 591  2216 1389 2726 2307 3346 3291 3886 4449 4490 379  428  827  1922 1303 3716 1831 226  2371 1046 2903 1994 3499 2978 4049 4034 4643 
2736 1855 2664 3913 4692 1675 3472 319  4160 671  888  1055 1608 1363 4240 2541 2120 1089 3976 1895 3186 2173 3738 2363 1420 2121 2140 2813 636  3017 1494 3233 1072 4407 3856 261  238  1413 790  3573 1370 249  1910 1011 2482 1851 3034 2823 3614 3873 4202 179  4744 601  1124 1063 2804 1571 4652 2099 626  2663 1514 3217 2474 3767 3494 4339 4586 
715  864  3059 3960 1183 1536 3425 1116 427  1020 871  1254 1205 1992 1513 4700 4263 3230 759  784  2095 3354 2245 4026 2479 1780 2343 2980 2929 1014 3113 1962 3365 2416 4731 3844 711  518  2439 1066 81   1598 597  2222 1401 2758 2319 3352 3309 3890 4461 4498 383  436  829  1948 1307 3748 1847 254  2377 1082 2909 2018 3511 2986 4051 4054 4649 
2016 2365 2784 4123 1980 3211 3584 95   3468 679  1500 1043 1674 1355 2214 1631 2090 4761 4088 675  4672 2177 3768 2359 4344 2561 2150 2703 3580 3031 1524 3235 2676 3493 4016 333  248  1467 806  3609 1378 267  1918 1041 2486 1857 3058 2841 3634 3891 4210 181  64   607  1132 1069 2836 1579 4684 2111 634  2671 1522 3221 2498 3769 3506 4349 4594 
935  1344 3289 4080 1519 1320 221  1332 415  408  889  2080 1219 1914 1535 2418 1717 2590 627  2704 1215 884  2263 4110 2483 4632 2653 3020 3009 3980 3127 2004 3377 3174 3649 3364 747  530  2493 1070 21   1606 633  2230 1437 2770 2361 3358 3327 3896 4467 4504 389  452  839  1964 1319 3764 1861 262  2381 1094 2917 2026 3517 2998 4057 4058 4651 
3276 2465 1596 4433 3060 3283 3480 287  3492 655  918  1057 3330 1379 2262 1649 570  1829 4120 1029 4096 2655 1316 2369 4374 2567 90   2827 3610 3399 4324 3239 2682 3497 3804 3805 266  1503 808  3681 1384 291  1928 1047 2488 1893 3064 2859 3638 3903 4234 191  12   613  1172 1087 2876 1583 4724 2113 662  2677 1538 3229 2518 3779 3518 4357 4618 
1045 1764 3445 3108 1859 1920 4753 4290 469  456  865  1272 1243 4350 1529 120  1739 1290 1927 4750 1281 928  4335 1804 2489 4686 2669 294  2941 4018 3615 1024 3379 3252 3653 4626 3959 536  2523 1090 27   1630 669  2242 1461 2774 2391 3368 3351 3914 4479 4514 397  508  853  1996 1321 3788 1867 274  2383 1114 2927 2038 3527 3022 4073 4078 4657 
3528 2405 1428 3965 3948 3179 3510 203  900  689  896  1073 3400 1391 3750 1643 690  1837 2370 2021 160  1443 1364 255  2212 2573 84   2815 666  3029 4396 3945 976  3503 3972 3809 174  4061 814  3771 1390 303  1930 1059 2494 1923 3070 2901 3656 3909 4238 193  18   617  1228 1091 2908 1597 4748 2129 674  2683 1546 3251 2554 3793 3554 4363 4622 
1235 504  3515 3234 325  1776 2401 1620 451  3990 899  2200 3591 1600 1537 210  1751 1410 1937 2910 2101 380  1647 1862 1005 2668 2701 306  2933 1062 3131 4756 4161 2512 3661 4668 3961 402  4145 1096 33   1634 681  2248 1473 2776 2427 3370 3369 3922 4497 4526 401  524  857  2012 1327 3812 1871 278  2389 1126 2939 2042 3529 3046 4079 4106 4663 
2772 2635 1638 4085 4116 1775 3536 259  360  697  630  1079 3680 4389 3760 1651 750  1841 2490 2033 3090 2183 650  1809 2236 1905 3038 2831 708  3035 1572 3241 1136 4431 4112 3811 186  4063 642  4213 1394 309  1946 1077 2504 1929 3074 2913 3658 3921 4246 197  20   619  1244 1093 2932 1601 16   2131 694  2687 1574 3253 2558 3797 3566 4373 4666 
1495 672  3485 3402 275  1456 2475 3328 473  3640 893  2220 1247 4420 1197 440  1757 1590 1939 2886 2117 3270 2279 950  2001 2684 2397 3050 2947 1068 3133 2034 3383 2608 4755 56   3973 426  4151 906  4307 1670 687  2264 1497 2782 2433 3374 3387 3926 4533 4552 409  548  859  2036 1361 3868 1873 298  2393 1138 2953 2062 3533 3062 4091 4126 4673 
4284 2585 1932 4015 4256 4455 3952 3465 4352 1881 1120 1081 3500 2871 4720 2583 2210 1843 2616 1915 3162 2189 3774 2407 1460 2133 2180 2727 3604 3047 1602 3247 2718 3505 4208 279  250  4069 654  4223 1158 4379 1958 1101 2506 1941 3082 2931 3670 3957 4294 199  28   631  1252 1097 2956 1607 6    2137 698  2689 1594 3257 2566 3803 3574 4391 4678 
1265 756  3553 3444 425  2128 3825 1664 2835 1768 2277 2600 1683 4550 3663 520  4473 3320 1943 2982 2105 3486 2285 4074 2491 1850 2373 3140 3051 4012 3139 2076 3385 3228 3665 88   801  568  4163 942  4309 1434 4435 2266 1509 2786 2463 3382 3453 3928 4569 4558 419  556  863  2084 1367 3884 1877 302  2399 1142 2957 2066 3539 3086 4093 4138 4679 
4704 2431 2520 4199 4312 2925 4048 4725 3872 1575 1976 2079 3800 3069 700  4617 2360 2601 4130 2041 3288 2195 3834 2395 4326 2581 2350 2739 3620 3423 4444 3263 2724 3521 4044 3827 286  1557 824  4237 1182 4381 1686 4535 2522 1959 3110 2949 3674 3963 4298 211  32   641  1268 1103 2972 1609 8    2141 706  2693 1618 3259 2578 3821 3578 4397 4682 
1375 1152 4147 3360 2873 1232 4275 2816 4095 1496 3675 2176 3003 1360 4059 280  1377 2870 663  400  2119 3498 2291 4134 2495 4674 2681 3232 3021 4064 3633 80   3397 3258 3667 4734 3977 584  2529 1106 4313 1446 4439 2022 4607 2792 2469 3406 3459 3934 4593 4568 421  578  877  2092 1373 3908 1879 314  2411 1154 2963 2078 3541 3098 4099 4162 4691 
1512 2665 2142 1573 3780 3757 4144 1755 1408 2205 1672 1365 2584 3969 800  4653 1330 297  4270 1107 140  2197 3810 2419 4386 2569 96   2839 3616 3405 4448 3993 1168 3523 4086 3817 222  4087 826  3789 1414 4385 1698 4541 2334 4685 3112 2973 3682 3981 4310 223  44   643  1324 1109 3004 1613 10   2143 718  2699 1622 3271 2582 3823 3602 4409 4694 
1595 1176 3565 3612 2057 4200 143  1568 2295 1144 945  2432 1155 2944 1323 640  1863 3010 741  1936 1311 490  2321 4152 2497 4710 2723 342  2935 4028 3699 112  4173 2672 3679 48   3979 438  4169 1102 15   1688 4453 2082 4609 2598 4757 3422 3489 3938 4629 4570 431  596  881  2164 1381 3932 1889 326  2417 1174 2969 2098 3547 3106 4111 4166 4703 
2184 2755 2464 4255 4452 3509 1260 323  3388 2565 2024 1785 2392 1485 3128 2709 2440 3249 4216 4515 352  1581 740  2413 4470 2587 108  2845 726  3043 4450 3999 1250 4503 4304 3829 246  4097 678  4247 1406 321  1970 4553 2382 4699 2874 1681 3686 4083 4318 227  50   647  1348 1117 3028 1619 14   2153 734  2707 1642 3299 2594 3833 3622 4421 4702 
1615 924  3625 3808 475  1904 209  2940 481  616  3315 2552 1995 3016 2625 3608 4557 3560 609  4624 1305 968  1653 1150 2501 4728 2705 348  2951 1098 3143 176  4179 2768 729  40   3983 474  4171 978  4315 1702 699  2270 4613 2634 25   3246 13   3962 4647 4582 433  604  883  2188 1399 3964 1901 334  2423 1186 2971 2102 3557 3118 4127 4174 4721 
1848 2795 2394 4345 4644 1805 3726 341  840  703  1288 3375 2728 2415 3256 3255 3848 189  4250 1113 416  2745 1352 1869 1450 2599 126  2855 732  3053 1644 3265 1264 4509 4336 363  290  4103 762  4249 1194 4387 1978 1119 2510 4709 2922 1849 3522 47   4328 229  52   653  1388 1123 3044 1621 22   2161 746  2711 1646 3301 2602 3847 3646 4423 4714 
1625 1056 3655 3654 575  1782 3475 1476 493  2310 901  1624 3105 3224 3045 3784 3915 4136 651  2500 1353 868  4365 1888 2013 1940 2743 372  2959 1164 3149 2148 3403 2864 45   104  867  574  4181 1002 4319 1506 4469 2278 1527 2794 49   3282 17   3714 89   4314 439  628  887  2228 1409 3988 1907 346  2437 1198 2999 2122 3559 3134 4129 4178 4723 
2688 2875 2436 4301 4662 1825 3792 115  3636 713  1050 1111 1736 2805 3496 3885 3968 4305 4408 1161 200  1551 1372 285  2254 2187 2260 2863 738  3065 1668 3269 2748 3545 4432 369  296  1587 830  4267 1266 4393 1758 4555 2534 1977 3130 2209 3558 53   3966 233  68   659  1396 1129 3076 1627 26   2179 758  2713 1654 3307 2606 3851 3662 4441 4742 
1705 936  3685 3822 605  1968 3725 1452 445  378  913  2250 1261 2072 2145 3712 3705 3944 4485 448  1419 460  1677 1876 1065 2716 2379 3212 2965 1206 3151 2166 3409 3324 3683 70   873  590  2547 1112 4321 1542 4471 2094 4619 2806 2481 3434 19   3786 97   4362 443  652  907  2252 1423 4036 1913 358  2441 1202 3001 2126 3571 3142 4133 4198 4729 
2856 2915 2604 4465 3072 1975 3984 125  3332 685  952  1121 3450 1397 2296 3135 2744 4125 4424 765  224  1593 820  1833 2312 1965 3052 2715 3626 3077 1746 3277 2796 3551 4122 3839 310  1611 854  3879 1426 4399 1842 4559 2406 4705 3122 2991 3688 59   4038 239  76   661  1412 1151 3092 1637 34   2203 766  2719 1658 3313 2614 3853 3694 4447 4754 
1885 1224 3835 3828 245  2064 3775 1548 485  462  895  1302 1273 4380 1541 2632 3795 3094 2025 704  1275 988  1659 1180 2037 2756 2403 3268 2985 4108 3155 2172 3401 3372 3695 162  3991 602  2637 1118 51   1730 4487 2118 4627 2658 121  3448 3513 3970 101  4398 449  668  911  2276 1427 4052 1931 362  2447 1214 3011 2138 3581 3158 4139 4222 4733 
3192 3055 2646 4355 576  2075 4272 145  3708 695  966  1115 1704 1393 180  1661 2968 4185 4186 855  308  2775 1376 1887 1550 2163 2540 2751 3652 3417 4484 3281 2826 3563 4164 3841 258  4105 856  3897 1432 327  1990 4571 2454 4711 2946 2809 3704 4101 4330 241  92   673  1436 1153 3148 1657 38   2207 778  2729 1678 3319 2638 3863 3722 4451 4    
1955 1188 3875 3876 725  2106 3925 1692 497  552  905  1326 1253 4650 1561 270  1763 3304 3645 832  1395 1012 4425 1892 2067 2020 2409 3260 3081 4150 3657 208  3415 3396 3707 36   3985 498  4183 1130 39   1738 717  2290 4631 2694 169  3342 23   3982 4659 4610 457  692  919  2284 1429 4076 1933 382  2459 1226 3019 2174 3583 3166 4153 4226 4751 
4158 2945 2574 4445 4576 2225 4592 155  3852 707  984  1099 3540 1403 300  1673 870  1853 4264 315  544  2535 1484 345  2272 2139 2620 2769 3650 3429 4460 4011 1328 3587 4188 3845 282  4109 786  4279 1442 339  2006 1137 2536 4717 2994 3481 3594 61   4334 251  98   677  1468 1163 3188 1663 46   2213 794  2731 1706 3323 2642 3877 3734 4457 2    
2015 1386 3895 3978 775  2256 4075 1792 505  594  917  2430 1267 4740 1577 330  1781 1770 1957 1088 1425 992  4545 1924 1095 2788 2451 3296 3111 4172 3723 304  4191 2896 3713 24   3997 534  4187 1038 4331 1742 723  2282 1563 2810 289  3378 29   3846 103  4434 461  716  929  2308 1433 4084 1949 386  2467 1234 3023 2182 3593 3194 4157 4258 4759 
3864 3145 2898 4495 4004 2425 4698 185  3724 731  1650 1139 3630 1411 450  1679 770  1891 2670 2051 572  3015 1504 375  2324 2055 3068 2829 3668 3435 4532 4023 1424 4521 4496 3859 318  4115 822  4265 1338 4405 2008 1149 2542 1983 3154 3721 3606 67   4062 257  116  683  1492 1171 3236 1667 58   2221 802  2741 1714 3329 2654 3881 3742 4463 1    
