3696 1235 2856 3515 3132 845  528  4175 4656 355  1908 815  3924 1135 408  1315 702  1465 966  1655 1482 1829 2010 2021 2616 2191 3270 2407 4008 2573 4632 2831 234  3035 1014 3241 2076 3503 3372 3799 4842 4045 786  4313 1986 4559 2526 4685 3018 4819 3678 529  4434 283  242  739  1684 1229 3436 1741 106  2293 886  2833 1822 3433 2858 4001 3898 4591 
4225 2772 2665 924  4505 3948 2645 2754 115  882  655  3042 965  168  1205 462  1385 798  1535 1218 1735 1794 1921 2370 2117 3030 2291 3618 2495 4296 2701 192  2941 564  3139 1572 3383 2748 3661 4164 3941 258  4183 1398 4429 2298 4609 2766 4741 3414 4867 3966 101  4782 503  908  983  2564 1487 4372 2017 466  2579 1322 3137 2306 3697 3326 4271 4442 
4032 1495 3192 3565 3108 1025 648  4205 4816 365  2028 835  4068 1145 456  1333 714  1507 984  1661 1554 1835 2046 2033 2670 2197 3288 2413 4002 2587 4674 2839 228  3043 1062 3247 2148 3505 3396 3805 4878 4055 822  4315 2082 4571 2586 4687 3054 4829 3702 841  4456 293  244  743  1724 1231 3452 1747 118  2297 898  2837 1838 3449 2866 4003 3902 4597 
3575 4284 2365 1176 4495 4116 2675 2576 2925 2156 685  3204 985  264  1219 180  1397 690  1561 1272 1745 1806 1915 2346 2119 2982 2305 3624 2497 4326 2705 1458 2947 636  3133 1602 3385 2796 3653 4188 3949 282  4187 1434 4427 2334 4619 2778 4747 3426 4873 4038 103  4790 509  916  991  2572 1489 4388 2027 478  2591 1346 3163 2326 3701 3334 4273 4474 
3024 1265 4872 3655 3234 925  816  4325 1568 1755 896  865  4332 1141 4740 1337 270  1477 1026 1673 1518 1843 2058 1985 2622 2195 3294 2419 4074 2581 4686 2845 276  3047 1068 3263 2166 3521 3438 3809 48   4063 834  4319 2094 4573 2598 4699 3126 4835 3714 961  4458 307  268  751  1732 1237 3508 1753 122  2309 914  2843 1858 3457 2878 4007 3946 4603 
4675 4704 2585 1596 4615 4256 2725 2832 125  3388 3105 2002 995  312  1241 300  1379 750  1589 1254 1757 1770 1927 2418 2123 3048 2315 3666 2501 4344 2723 72   2951 666  3143 1644 3397 2826 3665 4194 3953 318  4189 1446 4435 2382 4627 2802 4757 3462 4883 4062 107  4792 521  932  997  2588 1493 4412 2029 482  2593 1354 3167 2342 3709 3338 4283 4478 
4368 1375 3864 3625 3348 1075 912  4475 4698 395  952  3375 2632 1147 4770 1339 330  1501 1032 1679 1566 1837 2130 2047 2712 2201 3306 2429 4110 2599 4710 2863 306  3053 1098 3265 2172 3523 3474 3811 162  4069 894  4331 2118 4577 2634 4705 3138 4837 3786 1369 4462 311  284  757  1756 1249 3524 1759 134  2311 922  2851 1874 3461 2894 4013 3958 4621 
3025 4788 2465 1386 4625 4312 2825 2928 155  828  695  2072 3135 3304 1243 450  1393 858  1555 1302 1763 1830 1937 2424 2149 3090 2317 3768 2507 4374 2743 60   2959 708  3149 1668 3401 2868 3679 4236 3959 354  4193 1506 4439 2406 4631 2874 4763 3522 4885 4098 109  4808 523  956  1009 2612 1499 4418 2039 502  2609 1366 3169 2362 3719 3386 4289 4486 
4536 1595 1008 3835 3366 1175 1104 4525 4784 415  2124 893  2744 4125 3752 1343 390  1513 1128 1685 1608 1841 2136 2005 2706 2219 3336 2435 4026 2603 4728 2867 294  3065 1164 3269 2286 3545 3516 3817 36   4087 906  4321 2154 4579 2658 4709 3246 4841 3846 1681 4490 313  292  761  1772 1259 3532 1777 142  2333 926  2857 1882 3463 2902 4019 3974 4637 
715  1512 2635 1932 4745 4392 3125 2992 2835 4864 697  2800 2277 3416 4785 4088 1403 870  1603 1326 1765 1896 1939 2442 2147 3102 2323 3738 2509 4386 2735 84   2965 726  3151 1734 3403 2892 3667 4302 3961 426  4195 1542 4453 2438 4633 2922 4765 3558 4891 4146 113  4814 541  964  1013 2636 1511 4436 2053 514  2617 1382 3181 2374 3727 3394 4297 4502 
2016 1615 4158 3875 3384 1325 1134 4775 2816 1575 1672 1989 1960 3933 3976 4845 4466 1517 1122 1687 1674 1853 2190 2041 2814 2215 3318 2453 4152 2605 4746 2855 342  3071 1206 3277 2292 3551 3546 3827 24   4097 942  4333 2162 1839 2726 4711 3282 4843 3858 1849 4498 317  316  769  1796 1277 3548 1783 146  2339 934  2861 1894 3467 2906 4021 3986 4639 
935  2184 2755 1428 4565 4428 3175 3078 145  1144 3675 2432 2673 4550 4743 4186 3645 784  1565 1416 1769 1974 1943 2472 2155 3066 2321 3774 2513 4422 2759 96   2977 732  3155 1746 3409 2934 3683 4308 3973 366  4207 1578 4469 2456 2319 3058 4769 3594 4897 4202 127  4838 547  1004 1019 2644 1523 4468 2063 526  2621 1402 3187 2386 3733 3398 4327 4534 
3276 1705 2268 3685 3402 1445 1232 4805 4848 445  1768 3465 3016 4059 4880 1377 4648 675  4544 1691 1590 1891 2214 2045 2838 2227 3354 2443 4134 2611 4758 2869 348  3073 1212 3281 2358 3563 3582 3829 30   4103 978  4343 2168 1851 2758 2901 3368 4847 3882 2209 4504 331  332  773  1828 1279 3628 1787 158  2341 958  2879 1906 3469 2918 4027 3994 4643 
1045 2688 2795 2142 4715 4446 3275 3216 185  972  703  2392 1785 3496 1701 4100 2997 448  975  476  1781 1914 1945 2478 2159 3186 2329 3810 2519 4470 2747 90   2981 738  3161 1788 3415 3006 3695 4338 3977 402  4213 1614 4471 2486 2361 3064 3369 3638 25   4206 131  4826 557  1028 1021 2692 1531 4492 2069 538  2633 1418 3191 2402 3739 3418 4337 4538 
3528 1625 2352 3895 3552 1475 1392 4825 252  485  2178 895  2728 1365 4136 3339 1640 513  4672 1305 836  1865 2226 2059 2862 2231 3390 2449 4170 2623 4776 2881 372  3077 1236 3287 2316 3569 3684 3839 42   4105 1002 4351 2198 1857 2770 2913 3370 3909 3896 2809 4506 337  338  787  1844 1283 3644 1789 166  2347 974  2887 1934 3491 2942 4049 3998 4649 
1105 1848 2875 1638 4807 4452 3211 3408 205  1044 713  3468 1043 3608 2625 4712 3483 2170 957  532  1725 1184 1957 2490 2167 3144 2327 3834 2533 4482 2761 108  2983 774  3173 1812 3419 3012 3707 4404 3979 438  4223 1626 4499 2482 2391 3070 3387 3656 4467 4210 137  4854 563  1052 1031 2708 1543 4516 2081 542  2647 1438 3203 2426 3761 3442 4339 4546 
4752 1885 1344 3905 3444 1525 1488 625  288  505  2196 905  4572 1157 4216 3885 832  561  3710 1419 868  2115 1652 2071 2886 2245 3486 2455 4218 2615 4794 2885 414  3085 1278 3293 2364 3587 3732 3841 54   4109 1038 4367 2202 4589 2774 2931 3374 3921 3914 3481 4514 347  356  797  1852 1289 3676 1801 178  2351 982  2897 1942 3499 2962 4051 4006 4651 
2275 4464 2915 2394 4895 4512 3425 3344 215  1116 721  3492 1037 4260 1247 4862 315  2368 969  4690 1833 1204 2775 2108 2165 3162 2335 3894 2515 4494 2785 126  2987 804  3193 1818 3421 3084 3713 4476 3983 474  4237 1662 4487 2454 4645 3074 3453 3658 4479 4234 139  4856 569  1058 1033 2732 1549 4604 2083 554  2657 1454 3209 2434 3767 3446 4349 4562 
3168 1295 1248 3995 3588 1675 1456 3825 1792 515  2412 901  1540 1159 240  1349 1088 735  4096 1431 550  2241 1666 3975 2528 2249 3498 2461 4182 2627 4806 2893 444  3091 1284 3295 2388 3589 3756 3845 66   4115 1074 4369 2216 4595 2694 4735 3382 3957 3922 3721 4526 349  388  809  1868 1291 3698 1811 194  2357 998  2903 1954 3511 2966 4057 4022 4657 
2975 4176 2485 2508 4445 4524 3475 3472 4275 4508 731  3920 3159 560  1261 4300 3807 2624 1035 544  1809 1210 2553 2132 225  3038 2353 3912 2537 4530 2771 150  2993 846  3197 1854 3427 3114 3715 4518 3985 498  4247 1686 4501 2488 4661 2946 4771 3674 4497 4238 149  4858 571  1076 1039 2738 1553 4612 2087 562  2659 1466 3217 2446 3769 3466 4357 4574 
3744 1085 1368 3535 3762 1775 1536 55   2548 2295 1064 3861 2380 4257 700  1539 1190 621  224  1395 884  2247 1660 2877 2596 645  3488 2471 4266 2629 144  2899 486  3095 1308 3305 2466 3595 3798 3859 78   4117 1086 4379 2222 1893 2776 4717 3342 4849 3928 4489 4542 353  404  811  1916 1297 3716 1823 202  2371 1006 2909 1966 3517 2974 4073 4034 4663 
1925 4212 2555 2574 4585 4554 3479 3504 235  4732 2805 2296 2871 1360 4797 4700 4293 2590 1023 608  1815 1292 2607 2050 3021 3052 1545 4012 2545 4578 2773 132  2995 852  3199 1884 3431 3156 3737 4548 3997 534  4249 1698 4511 2494 2427 3082 4777 3606 49   4246 151  4866 577  1084 1049 2764 1559 4652 2089 566  2663 1478 3221 2458 3779 3482 4363 4586 
4896 1435 1404 3605 3816 1805 1776 35   396  535  1288 2145 2968 4329 800  3381 1720 627  3770 1407 928  2325 1696 2769 2540 3237 3556 2595 4384 2641 4818 2911 516  3097 1314 3317 2502 3599 3804 3865 102  4121 1146 4381 2230 1923 2782 2949 3406 4853 3918 5    4552 359  412  821  1922 1301 3748 1831 206  2377 1018 2917 1982 3527 2978 4079 4054 4673 
2695 4608 2765 2652 4795 4576 3577 3536 265  1332 737  2408 3795 3712 1911 440  4779 2840 987  4730 1869 1276 3015 2204 3051 2890 3441 4018 3585 4708 2779 156  3005 876  3205 1956 3437 3174 3743 4596 3991 582  4265 1758 4529 2504 2433 3110 3459 3670 121  4254 157  4870 587  1108 1051 2804 1567 4684 2099 586  2671 1486 3229 2462 3793 3494 4373 4594 
2808 1505 1632 3745 3828 1813 3520 3591 3328 545  2556 913  3094 4185 4408 3549 1870 273  3880 1443 580  2193 1694 4005 2656 3243 3340 3597 4396 4047 592  2921 492  3101 1356 3337 2532 3601 3972 3869 114  4135 1158 4385 2238 4601 2786 2973 3422 3963 3926 7    4558 367  428  823  1948 1303 3764 1847 214  2381 1042 2927 1994 3529 2986 4091 4058 4679 
3325 1728 2905 2664 4823 3480 3703 1760 3213 1408 745  3636 1055 3458 2025 1936 441  2750 999  400  1887 1220 2613 2212 135  3068 3423 3620 3753 4756 4371 2096 3007 948  3215 1926 3439 3222 3749 4626 4031 606  4267 1842 4531 2506 2463 3112 3489 3682 4533 4294 163  4886 593  1124 1061 2836 1571 4724 2111 614  2677 1502 3251 2474 3797 3506 4391 4618 
2376 1645 1656 3815 3876 1859 900  203  2080 4347 1976 917  216  1165 3542 4875 1216 483  4030 1479 620  2211 1708 4335 2668 705  3596 3621 3980 4071 656  4767 3856 3103 1422 3341 2676 3611 4014 3883 138  4145 1182 4387 2242 1929 2792 2991 3434 3981 3934 3    4568 373  436  827  1964 1307 3788 1861 218  2383 1046 2939 2018 3533 2998 4093 4078 4691 
3185 2112 2945 2784 4865 4644 3509 1170 341  2600 4851 3680 1057 384  1255 4424 495  2752 1029 4810 1917 1274 3075 2144 105  3104 1605 4028 3759 4768 4401 2192 261  3844 3223 1962 3443 3228 3755 4668 4009 618  4279 1866 4535 2522 2469 3122 3513 3686 4569 4298 167  4898 599  1132 1063 2876 1579 4748 2113 622  2683 1514 3253 2498 3803 3518 4397 4622 
3456 1715 1716 3955 3936 1825 1904 209  1680 551  3200 2079 4420 1169 552  1345 4522 825  416  1491 650  2337 1876 4365 2684 795  3572 2685 4444 4065 688  4809 4016 873  250  3349 2682 3629 4044 3893 174  4141 1194 4393 2248 1941 2794 3027 3448 4083 3938 13   4566 379  452  829  1996 1319 3812 1867 226  2389 1082 2953 2026 3539 3022 4099 4106 4703 
4025 2496 3059 2904 175  4692 3725 3584 377  4410 767  3800 693  1520 1253 594  1405 3008 1125 572  1971 1316 3195 2236 255  3116 1635 4046 3615 4796 4407 2224 279  40   1587 470  3473 3252 3763 4734 4033 642  4285 1878 4537 2510 2481 3130 3543 3688 4593 4310 173  64   601  1172 1069 2908 1583 4772 2129 626  2687 1522 3257 2518 3821 3554 4409 4666 
3432 1855 1836 3913 3996 1975 1782 65   588  533  3080 2691 4640 4641 1100 1351 744  1529 364  1425 968  2175 1748 4425 2716 885  3604 2715 4448 4077 752  4773 4112 909  266  2421 664  3635 4086 3899 186  4151 1266 4399 2264 1959 2806 3039 3454 4101 3962 11   4570 383  508  839  2012 1321 3868 1871 254  2393 1094 2957 2038 3541 3046 4111 4126 4721 
4165 3648 3055 2952 245  4824 3757 3726 295  1452 779  2240 3069 1840 1827 520  1411 888  1585 644  1845 1352 3225 2254 165  3164 1905 4108 3765 4828 4431 2384 333  56   1611 472  3177 854  3781 4764 4037 654  4291 1902 4541 2534 2487 3154 3561 3704 4629 4318 179  12   607  1228 1087 2932 1597 4804 2131 634  2689 1538 3259 2554 3823 3566 4421 4678 
4104 1955 1764 3965 4092 2009 360  143  612  553  2860 2907 1820 4131 1280 3717 1880 1537 1242 1703 992  2385 1804 4545 2756 915  3616 2865 4484 4089 848  4833 4208 927  286  2439 670  4041 1048 3901 222  4163 1338 4405 2266 1977 2810 3057 3464 4119 3970 19   4582 389  524  853  2036 1327 3884 1873 262  2399 1114 2963 2042 3547 3062 4127 4138 4723 
4235 2304 3145 2436 325  4884 3871 1350 403  2550 749  4000 3267 2000 1953 640  1089 2870 1639 1290 1793 1312 3285 2272 285  3124 1965 4064 3783 4780 4503 2416 363  70   1629 488  3231 856  15   1246 4043 678  4295 1958 1497 2536 2517 3170 3579 3706 4647 4328 181  18   613  1244 1091 2956 1601 4852 2137 662  2693 1546 3271 2558 3833 3574 4423 4682 
3672 2015 504  4015 3612 2075 1968 187  1260 559  3040 3003 1600 4389 1300 3843 2120 663  4040 1711 1704 1883 1888 4575 2788 1005 3626 2895 4532 4137 944  4887 4304 963  290  2493 682  4107 1054 183  1432 4169 1362 4415 2278 1983 2822 3063 3470 4143 3982 17   4610 397  548  857  2084 1361 3908 1877 274  2411 1126 2969 2062 3557 3086 4129 4162 4729 
4655 3264 3245 2604 275  4662 3751 3360 391  840  781  4600 3927 2320 2331 680  1521 2920 1107 2500 1799 1938 1961 2312 195  3196 1695 4114 3801 4820 4509 2512 369  88   1719 494  3303 872  21   1258 417  1586 4307 1978 1509 2542 2559 3176 3603 3730 4659 4330 191  20   617  1252 1093 2972 1607 4868 2141 674  2699 1574 3299 2566 3847 3578 4441 4694 
4224 2065 1824 4147 3808 2225 2064 221  4620 589  3640 1683 1040 1071 1900 4221 2090 609  3910 1533 740  1897 2262 2051 2812 1065 3652 2955 4556 4161 976  4893 4336 981  296  2523 686  4113 1066 201  1442 687  1802 1227 2270 2019 2824 3093 3478 4197 3992 23   4614 401  556  859  2092 1367 3932 1879 278  2417 1138 2971 2066 3559 3098 4133 4166 4733 
4375 4416 3115 2976 475  4836 3775 3792 437  1890 799  4900 3519 880  2499 760  2601 2990 1113 320  1947 1340 1967 2538 2171 3212 2055 4148 3813 4832 4521 2608 387  104  1737 506  3357 874  27   1270 447  1592 939  1970 1527 2546 2571 3178 3639 3736 4677 4334 193  28   619  1268 1097 3004 1609 4892 2143 694  2707 1594 3301 2578 3851 3602 4447 4702 
4488 2135 1944 4081 3978 2107 2106 85   468  583  3990 923  2660 4437 2300 4263 2360 399  4070 1581 820  2289 1690 2077 2910 2257 3668 2985 4564 4155 1072 4899 4432 1017 310  2529 710  4149 1070 213  1448 699  1810 1257 2282 2031 2830 3099 3490 4227 4010 29   4616 409  578  863  2164 1373 3964 1889 298  2423 1142 2999 2078 3571 3106 4139 4174 4751 
1225 4356 3335 2964 539  4440 3971 3984 305  1476 793  420  1067 2480 2541 920  3249 3160 1131 140  2001 1364 2619 2060 2173 3210 2363 4172 3819 4844 4539 2672 423  110  1773 518  3411 890  33   1304 453  1598 951  1990 1563 2570 2577 3182 3651 3766 4701 4342 197  32   631  1324 1103 3028 1613 16   2153 698  2711 1618 3307 2582 3853 3622 4451 4714 
1584 2125 672  4255 4056 2023 4160 217  684  565  2628 943  3500 4563 1700 4473 2210 651  4120 1551 850  2301 1780 2829 2620 2263 3576 2479 4150 4173 1136 729  4496 1083 322  2547 712  4167 1090 219  1462 717  1816 1263 2290 2049 2834 3117 3502 4269 4024 31   4630 419  596  877  2188 1381 3988 1901 302  2437 1154 3001 2098 3581 3118 4153 4178 4759 
455  1296 3289 2646 425  3072 4067 1380 407  1548 755  3708 1073 2560 2583 1000 4761 3190 1161 160  2013 1372 2679 2140 3081 2950 2359 3930 2561 4850 4551 2768 477  128  1791 530  3447 902  39   1298 471  1606 993  2006 1569 2626 2589 3206 3669 3782 4713 4346 199  44   641  1348 1109 3044 1619 6    2161 706  2713 1622 3313 2594 3863 3646 4457 4742 
2448 2035 756  4085 3654 2057 480  247  2100 611  2844 949  3220 4617 2420 4557 2440 741  4130 1599 860  2343 1850 2847 2650 3297 3350 2483 4242 2651 1168 45   4528 1143 328  2637 730  4203 1096 237  1474 723  1826 1293 2294 2073 2872 3147 3512 4281 4042 37   4634 421  604  881  2228 1399 4036 1907 314  2441 1174 3011 2102 3583 3134 4157 4198 4783 
385  864  3355 2898 605  576  3887 3780 451  3570 803  630  1079 2960 2709 1160 189  3320 1173 200  2037 1376 2667 2150 3111 3020 3471 3650 2563 4584 2807 2864 507  136  1899 536  3501 904  51   1310 489  1634 1011 2008 1623 2630 2631 3208 3687 3790 4737 4354 211  50   643  1388 1117 3076 1621 8    2179 718  2719 1642 3319 2602 3877 3662 4463 4754 
1872 2185 1092 4345 3822 2299 2520 253  2940 649  4480 979  3870 1177 2900 4599 2470 759  4270 1593 940  2373 1892 2889 2740 3333 3460 3657 4220 2653 4890 2923 4688 1179 344  2763 742  4311 1102 249  1490 753  1832 1299 2314 2103 2882 3153 3514 4287 4066 41   4638 431  628  883  2252 1409 4052 1913 326  2447 1186 3019 2122 3593 3142 4159 4222 4787 
595  792  3485 2912 575  2916 4477 4200 473  2730 817  1050 1081 4350 1267 1240 231  3230 1209 220  2067 1420 2697 2180 3129 3050 3507 3820 3939 4876 2813 198  3013 130  2007 568  3573 938  69   1336 519  1630 1041 2014 1641 2648 2643 3262 3693 3794 4749 4366 223  52   647  1396 1123 3092 1627 10   2203 734  2729 1646 3323 2606 3881 3694 4481 4762 
2592 2261 2088 4301 3906 2425 2128 299  3150 629  4830 1003 3850 1207 810  1357 2680 777  4250 1647 950  2379 1862 2937 2780 3363 3550 3633 4450 4179 1250 2929 558  3113 370  2799 754  4383 1106 267  1498 771  1834 1317 2318 2127 2914 3183 3526 4299 4072 43   4642 433  652  887  2276 1423 4076 1931 334  2459 1198 3023 2126 3607 3158 4177 4226 4789 
665  936  3157 3420 1573 3136 4455 4144 493  2310 871  1120 3393 3280 1273 120  1417 3410 1239 260  2091 1450 2703 2260 3171 3140 3477 3860 3993 1024 4587 2896 3017 954  3227 584  3609 946  57   1334 501  1688 1047 2054 1671 2662 2649 3266 3711 3806 4791 4376 227  68   653  1412 1129 3148 1637 14   2207 746  2731 1654 3329 2614 3889 3722 4483 4766 
3312 2255 2052 4277 2040 2783 3248 2475 3724 667  4760 1287 4340 4653 980  1363 510  1541 4280 1653 1012 2397 1924 2919 2848 3399 3580 3699 4460 4191 1264 63   100  3107 1494 3353 776  4419 1112 291  1510 789  1846 1329 2330 2157 2930 3189 3530 4317 4082 47   4646 439  668  907  2284 1427 4084 1933 346  2467 1202 3037 2138 3613 3166 4201 4258 4793 
875  1152 3311 4140 637  4590 4693 4592 1485 728  1881 1400 3663 3440 891  280  1441 918  1631 340  2109 1460 2727 2332 345  3172 3531 3940 3999 80   4611 3056 531  152  3233 2004 3455 962  87   1342 537  1670 1059 2056 1689 2666 2661 3272 3747 3818 4803 4378 229  76   659  1436 1151 3188 1657 22   2213 758  2741 1658 3331 2638 3907 3734 4493 4778 
2736 2345 2208 4123 1320 2303 540  319  3332 2565 1624 2223 4060 4719 2450 1863 1330 1591 1230 1727 1060 2403 1940 2943 2828 1095 3692 3723 4540 4209 1328 75   4802 1233 374  3365 2718 3641 1118 303  1526 807  1864 1347 2338 2181 2936 3207 3538 4341 4090 53   4654 443  692  911  2308 1429 4124 1949 358  2473 1214 3041 2174 3617 3194 4211 4262 4799 
805  1056 3367 3300 4879 4290 4361 1500 481  616  3315 2552 3627 3760 1053 770  351  3290 1643 1410 1807 1484 2739 2336 375  3146 2085 4192 4011 176  4605 3088 549  154  2043 574  3487 3258 3785 1358 543  1702 1077 2074 1707 2674 2721 3278 3777 3830 4821 4382 233  92   661  1468 1153 3236 1663 26   2221 766  2749 1678 3343 2642 3911 3742 4507 4786 
3564 2375 2232 4199 2760 2527 600  259  2070 689  1736 3705 3128 1197 3100 2349 1610 783  4360 1717 1722 1895 1952 4635 2842 1185 3718 3165 4588 4215 1424 99   196  1251 376  2817 782  3647 4122 3935 1528 813  1886 1371 2344 2199 2938 3261 3544 4353 4094 59   4658 449  716  919  2348 1433 4132 1951 362  2477 1226 3049 2182 3623 3202 4217 4274 4801 
1015 1188 3395 3036 833  720  4753 1530 413  2580 851  2618 3915 3784 2793 1430 459  3010 1221 350  1817 1992 1963 2324 465  3232 2235 4214 3855 112  4623 3152 603  170  2061 590  3681 970  3787 4812 4039 1730 1101 2086 1713 2678 2733 3286 3831 3832 4827 4390 239  98   673  1492 1163 3244 1667 34   2237 778  2753 1706 3347 2654 3917 3746 4513 4798 
3888 2405 2244 4355 4128 2597 660  287  2200 581  3180 989  2926 4485 4664 567  2530 837  4370 1677 1036 1903 2322 2095 2884 1245 3772 3345 4598 4233 1552 117  256  1341 406  2853 790  4491 1130 3937 246  4171 1898 1383 2354 2217 2954 3273 3562 4359 4102 61   4670 457  722  929  2372 1439 4156 1973 382  2503 1234 3061 2186 3631 3214 4219 4282 4813 
1001 1224 3445 2464 725  432  2401 1650 427  2610 763  3630 1139 3968 3045 4888 357  3250 1269 380  2133 1504 1969 2562 2183 3268 2265 4232 3945 208  4665 3184 639  182  2097 598  3771 986  93   1370 4061 762  4309 2104 1731 2686 2757 3298 3837 3838 4839 4394 241  116  677  1516 1171 3284 1669 38   2239 794  2767 1714 3359 2722 3919 3754 4517 4822 
4320 2387 2484 4465 4004 2525 2256 301  2220 623  3330 959  4180 1449 4264 4515 1472 861  4520 1659 988  2655 1972 2101 2958 2285 3796 3405 4606 4239 1616 147  484  1359 410  2883 808  4527 1162 309  1534 4181 1374 4411 2378 2229 2984 3279 3586 4377 4118 67   4696 461  724  937  2396 1447 4196 1979 386  2521 1238 3067 2194 3637 3218 4229 4286 4817 
1309 3120 3451 3096 775  336  3925 3952 469  2720 791  3660 1099 4240 2961 2704 525  3392 1281 460  2121 1508 3525 2356 2177 3198 2369 4228 4017 272  4671 3376 657  184  2151 602  3789 994  111  1378 573  1738 4303 2022 4555 2696 2787 3302 3849 3842 4857 4402 251  124  683  1532 1181 3292 1693 46   2243 802  2777 1718 3361 2734 3923 3758 4519 4834 
4680 2737 1980 4403 4248 2575 2288 4725 3872 2457 3400 973  4020 1189 3380 2511 1856 765  352  1743 1150 2409 1988 4815 2852 2279 3534 2491 4580 4251 1648 153  676  1413 418  2979 806  4581 1166 321  1544 831  1910 4417 2274 4607 3002 3291 3590 4413 4142 73   4706 463  764  941  2404 1451 4204 1987 394  2531 1262 3079 2206 3643 3226 4231 4306 4831 
1463 3240 3689 3900 847  624  4075 4048 4095 1496 3969 3740 1121 4380 1271 910  297  3776 1215 736  2163 1550 2781 2366 435  3296 2395 3942 2567 304  4683 3632 711  190  2169 610  3879 1010 123  1384 591  1742 1119 2110 4553 2514 4667 3310 3867 3854 4863 4430 257  148  691  1556 1187 3308 1697 58   2251 818  2789 1726 3371 2746 3929 3778 4523 4846 
3600 2431 2400 4543 2280 2891 2544 95   4352 2205 2024 819  4840 1211 3750 1387 1750 897  308  1665 1196 2451 2020 2967 2888 1335 3836 2489 4278 2669 1712 171  1156 1467 424  3033 814  4689 1178 327  1558 843  1912 1389 2390 4613 2742 4727 3592 4443 4154 71   4718 467  772  947  2428 1453 4244 1993 398  2539 1282 3083 2218 3659 3238 4241 4322 4861 
1547 4560 3619 4500 1127 1200 77   4272 335  1664 945  2584 1323 4720 1313 210  1457 3430 1311 748  1935 1564 2751 2350 3201 3404 2355 4268 2569 4602 2815 3568 747  230  2259 632  3897 1016 129  1390 579  1778 1137 2114 1761 2690 4681 2994 4781 3874 4881 4438 263  164  701  1588 1193 3316 1699 62   2267 838  2791 1754 3373 2762 3931 3802 4547 4874 
3960 2639 2700 4433 3000 2873 1140 329  768  635  2176 1155 3224 1617 3700 1391 570  1633 4510 1767 1078 2535 2048 3009 2980 3417 3892 3435 4628 2681 324  2933 1444 1503 430  3123 824  4707 1192 339  1562 849  1918 1401 2398 2253 3014 4739 3378 4855 4168 79   4722 479  788  953  2452 1459 4252 1997 422  2543 1286 3089 2234 3671 3242 4243 4358 4871 
1729 2640 3731 4860 931  1620 91   1710 497  1692 785  2944 1995 3848 3087 1480 1469 930  1649 490  2139 1628 3555 2444 3219 3260 3537 4292 4023 368  2827 204  3029 232  2313 638  3951 1022 141  1394 597  1784 1149 2134 1779 2698 2811 3322 4811 3642 169  4314 269  172  709  1604 1201 3356 1709 74   2269 842  2797 1762 3389 2798 3943 3814 4549 4882 
2880 2821 3060 4459 2970 2989 990  343  2250 671  2988 955  3256 2415 4472 3321 2030 1577 1110 1751 1148 2745 2044 405  2924 3429 3610 3729 4636 4245 1744 2935 522  3127 434  3141 826  4869 1208 381  1570 879  1928 1437 2410 2271 3026 3309 3598 4859 3954 83   4726 487  796  967  2468 1471 4276 1999 446  2549 1294 3109 2246 3673 3254 4253 4406 4877 
1771 4080 3773 1080 1183 4050 119  1740 511  2790 869  3852 1115 3944 3255 4624 429  3560 1651 1464 1795 1612 3735 2492 555  3424 3567 3950 4053 464  4695 3664 3031 996  3235 646  3987 1030 159  1406 633  1786 1167 2146 1797 2702 2823 3346 3873 3878 289  4362 271  188  719  1636 1213 3362 1721 82   2273 862  2801 1766 3391 2818 3947 3826 4561 4894 
4800 2717 3840 4669 3720 3179 780  323  2430 679  3450 1007 4716 1195 4736 4305 1984 903  4750 1739 1752 1909 2068 1875 2948 1455 3916 3741 4660 4323 1808 207  3364 3131 1524 3377 830  81   1222 393  1576 921  1930 1461 2414 2283 3032 3327 3614 4449 4184 89   4738 491  844  971  2476 1481 4348 2003 454  2551 1306 3119 2258 3677 3274 4259 4414 4889 
2093 1440 3553 1560 1421 960  133  1860 517  2850 889  3690 1111 378  1285 704  585  3904 1353 500  1819 1998 1981 2516 615  3476 2445 4316 4029 496  4731 3728 801  238  3239 2034 3493 1034 177  1414 669  1790 1191 2152 1803 2710 2841 3352 3891 3886 9    4454 277  212  727  1676 1217 3412 1723 86   2281 866  2803 1774 3407 2846 3967 3862 4567 4    
2160 2849 2340 4697 3510 3283 1020 371  2460 707  3540 1027 4230 1199 546  1355 4774 855  392  1749 1180 1919 2328 2105 2996 1515 3956 3495 4676 4395 2032 243  2116 1557 442  3379 2724 3649 1256 411  1582 933  1946 1473 2422 2307 3034 3351 3634 4461 4190 97   4744 499  892  977  2524 1483 4364 2011 458  2557 1318 3121 2302 3691 3314 4261 4426 1    
2233 1800 3857 1920 1519 4400 161  1950 527  2820 899  1470 1133 4650 1331 696  1415 4288 1275 812  2187 1580 1991 2568 2189 3484 2505 4324 4035 512  4755 3824 867  248  2367 658  3497 3324 3791 1426 681  1798 1203 2158 1821 2714 2859 3358 3903 3890 361  4398 281  236  733  1682 1223 3428 1733 94   2287 878  2819 1814 3413 2854 3989 3866 4583 2    
