4032 2015 1152 3157 3120 847  1080 4693 4410 473  4830 781  2220 1157 4340 3663 1900 4653 2030 513  4930 1443 928  4575 1876 1185 2852 3081 3860 3993 4820 4773 3088 981  266  3231 826  183  1414 993  2006 1959 2630 3093 3278 3867 3682 4265 642  4613 2406 5017 4362 163  4966 599  932  1069 2612 1597 4436 2137 466  2699 1346 3301 2342 3853 3386 4457 4502 
3575 3864 2915 2652 4543 2700 2527 3000 319  2730 629  1350 949  3450 1331 2560 2961 1160 4293 3560 1029 352  3225 1372 345  2332 2445 3424 3537 4396 4251 1072 243  676  2097 574  4491 1106 543  1730 1461 2314 2517 2930 3669 3530 4063 42   4427 1506 4819 3426 23   4654 373  268  829  1756 1321 3532 1873 106  2411 898  2971 1858 3571 2894 4153 3974 4783 
3024 2035 936  3311 3240 637  4950 4753 720  493  2800 793  2250 1159 4350 1417 2300 4719 2170 561  4750 1533 884  4635 1892 1245 2888 3111 3892 3999 4850 4809 3152 1017 286  3303 830  177  1426 1011 2008 1977 2662 3099 3286 3873 3688 4267 654  4619 2454 5027 4376 167  4974 601  956  1087 2636 1601 4468 2141 478  2707 1354 3307 2362 3863 3394 4463 4534 
4675 4872 3145 2784 4277 3060 2597 3480 217  900  649  1380 1003 3500 1333 2960 3087 1240 4779 3710 1107 416  3285 1376 375  2336 2505 3476 3567 4444 4371 1136 261  1156 2151 584  4527 1112 573  1738 1473 2318 2559 2936 3687 3562 4083 3830 4429 1542 4829 3462 29   4658 379  284  839  1772 1327 3548 1877 118  2417 914  2999 1874 3581 2902 4157 3986 4787 
4368 2125 1092 3905 3876 1127 1320 4949 1200 427  780  791  2430 1177 4380 1441 2900 4797 2530 663  4970 1551 988  4815 1924 1335 2924 3129 3916 4011 4876 4833 3184 1083 290  3357 854  201  1432 1041 2014 1983 2666 3117 3298 3883 3704 4269 3922 4627 2514 5029 4378 173  4978 607  964  1091 2644 1607 4492 2143 482  2711 1366 3313 2374 3877 3398 4481 4538 
3025 4914 3245 2646 4715 4824 2891 3510 203  360  623  1500 989  3540 1337 3280 3339 1480 4941 3880 1131 350  1917 1484 435  2356 2595 3484 3585 4448 4323 1168 279  2116 2169 590  4581 1118 579  1742 1497 2330 2571 2938 3693 3590 4069 3832 4359 4010 4837 3522 31   4670 383  292  853  1796 1361 3628 1879 122  2423 922  3001 1882 3583 2906 4159 3994 4789 
4536 2185 1176 3965 3828 245  1782 2401 1620 469  990  799  2460 1169 4650 1469 2420 4743 2470 609  400  1581 940  2139 1952 1455 2948 3165 3956 4017 4964 4887 3376 1143 296  3411 856  213  1442 1047 2054 2019 2674 3147 3302 3891 3706 4279 3914 4479 4142 5033 4390 179  4982 613  1004 1093 2692 1609 4516 2153 502  2713 1382 3319 2386 3881 3418 4483 4546 
4225 4158 3335 2508 4403 4836 2645 3792 259  480  667  1470 1007 3630 1339 3440 3381 1430 441  3910 1113 460  1869 1420 2373 2444 2685 3488 3531 4450 4401 1250 333  1444 2259 598  4689 1130 591  1778 1509 2338 2577 2954 3695 3586 4087 54   4435 4024 4659 4294 4971 4696 389  316  857  1828 1367 3644 1889 134  2437 926  3011 1894 3593 2918 4177 3998 4793 
3696 2375 1188 3451 4560 1421 1968 4325 768  481  3920 803  2550 1189 4740 1457 3380 4959 2680 627  2500 1593 950  2163 1940 2667 3068 3171 3940 4023 4972 4893 3568 1179 310  3447 872  219  1448 1059 2056 2031 2678 3153 3322 3893 4236 4285 678  4631 4154 4803 4382 181  4990 617  1028 1097 2708 1613 4604 2161 514  2719 1402 3323 2402 3889 3442 4493 4562 
1105 1008 3445 2664 4459 3300 2989 3984 95   2196 689  1530 1027 3660 1349 3750 1589 1640 1089 3770 1161 392  1947 1450 2343 2350 2751 3340 3597 4460 4431 1264 363  3364 2313 602  4707 1162 597  1784 1527 2344 2589 2984 3711 3592 4097 66   4439 1578 4835 4298 4989 4718 397  332  859  1844 1373 3676 1901 142  2441 934  3019 1906 3607 2942 4201 4006 4799 
4752 2405 1224 3535 3936 931  1560 4961 828  335  3924 817  2610 1199 4550 1501 3100 4977 2840 621  320  1599 992  2187 1972 2613 2890 3201 3950 4047 4988 4899 3632 1233 322  3501 874  237  1462 1077 2074 2049 2686 3183 3310 3899 4302 4291 762  4633 2526 25   4394 191  4994 619  1052 1103 2732 1619 4612 2179 526  2729 1418 3329 2426 3907 3446 4507 4574 
2275 2592 2093 2904 4445 4692 3283 3720 287  2556 565  378  1037 3690 1343 3760 3549 1720 1521 4040 1173 490  1971 1504 465  2492 2769 3350 3621 4532 4395 1328 369  3844 2367 610  4869 1166 633  1786 1563 2354 2631 3002 3707 3324 4103 78   4453 1614 4841 3558 37   4706 401  338  863  1852 1381 3698 1907 146  2447 958  3023 1934 3613 2962 4211 4022 4801 
3168 805  1368 3605 3978 925  2064 4901 4050 511  4332 785  744  1207 4770 1477 3700 567  2750 651  2624 1647 968  4905 1988 1515 2996 3219 3980 4029 5012 4917 3664 1251 328  3573 890  249  1474 1101 2086 2073 2690 3189 3346 3901 4308 4295 786  4645 2586 49   4398 193  5002 631  1058 1109 2738 1621 4652 2203 538  2731 1438 3331 2434 3911 3466 4513 4586 
2975 2736 2135 2952 4585 3072 2675 4048 301  540  671  408  955  1026 1351 4240 3717 1870 3249 4070 1209 476  3525 1508 555  2366 2715 3556 3657 4484 4407 1424 387  40   2421 632  4923 1178 669  1790 1569 2378 2643 3014 3713 3372 4105 102  4469 1626 4843 3594 41   4722 409  356  877  1868 1399 3716 1913 158  2459 974  3037 1942 3617 2966 4217 4034 4813 
3744 875  1248 3619 3996 1025 1904 1755 3872 497  1020 851  798  1115 1272 1507 4100 5031 2590 741  2752 2385 1012 5025 2044 1545 3038 3237 4012 4035 5024 4929 3728 1341 344  3609 902  267  1490 1119 2104 2103 2696 3207 3352 3935 4338 4303 822  4661 2598 121  4402 197  5014 641  1076 1117 2764 1627 4684 2207 542  2741 1454 3343 2446 3917 3482 4517 4594 
1925 3312 2233 2880 4669 4884 2725 4144 3105 1144 679  1650 1073 1032 1205 1554 1633 770  2601 4120 1221 532  3555 1564 615  2516 2781 3460 3699 4556 4503 1552 423  56   2439 638  5013 1192 681  1798 1623 2390 2649 3026 3715 3396 4109 114  4471 1662 4847 3606 43   4726 419  388  881  1916 1409 3748 1931 166  2467 982  3041 1954 3623 2974 4219 4054 4817 
4896 1001 4320 3689 1440 1183 2256 4475 1792 3915 1408 871  2580 1211 1326 1355 1806 1679 2870 759  1984 2535 1036 405  2048 1605 3052 3243 4018 4065 1024 4953 3824 1359 370  3681 904  291  1498 1137 2110 2127 2698 3261 3358 3937 4404 4307 834  4667 2634 169  4430 199  5018 643  1084 1123 2804 1637 4724 2213 554  2749 1466 3347 2458 3919 3494 4519 4618 
5005 3888 2261 3960 4823 3420 3179 4272 115  3388 3315 1736 1067 3800 1357 1566 1535 1992 1751 4030 1239 544  3735 1612 645  2528 2829 3550 3723 4564 4509 1616 477  70   2493 646  81   1208 687  1802 1641 2398 2661 3032 3737 3438 4115 138  4487 1686 4849 3642 47   4738 421  404  883  1922 1423 3764 1933 178  2473 998  3049 1966 3631 2978 4229 4058 4831 
3456 1015 1404 3857 4080 1519 1920 77   972  355  616  4485 2296 3267 4940 1513 1794 1655 2136 1837 3008 2655 1078 1875 2068 1635 3104 3297 4028 4071 5020 4947 3856 1413 374  3771 938  303  1510 1149 2114 2157 2702 3273 3368 3941 4476 4309 894  4681 2658 289  4434 211  5026 647  1108 1129 2836 1657 4748 2221 562  2753 1478 3359 2462 3923 3506 4523 4622 
2695 4212 2345 2976 4697 3840 3211 4440 323  2412 635  1496 4875 2632 3519 4720 1591 2046 1735 2262 1835 572  3975 1628 795  2596 2847 3572 3615 4588 4521 1648 507  88   2523 658  15   1222 699  1810 1671 2410 2721 3034 3743 3474 4117 174  4499 1698 4853 3678 53   4744 431  412  887  1948 1427 3788 1949 194  2477 1006 3061 1982 3637 2986 4231 4078 4861 
2808 1085 1632 3731 1800 1813 2040 91   4400 527  4716 815  2408 4845 2744 3933 2450 1691 2214 1765 2346 1915 1148 225  2108 1695 3116 3333 4046 4077 80   4983 4016 1467 376  3789 946  309  1526 1167 2134 2181 2710 3279 3370 3949 4518 4313 906  4685 2694 361  4438 223  5030 653  1124 1151 2876 1663 4772 2237 566  2767 1486 3361 2474 3929 3518 4547 4666 
3325 3564 2485 3036 4879 3900 3479 4590 329  600  697  456  965  2002 2025 2968 4257 910  1769 2322 1865 2538 2045 1652 705  2656 2865 3596 3729 4540 4539 1712 531  104  2529 664  21   1256 717  1816 1689 2414 2733 3058 3747 3598 4121 186  4501 1758 4855 3702 59   4782 433  428  907  1964 1429 3812 1951 202  2503 1018 3067 1994 3643 2998 4241 4106 4871 
2376 1295 1656 3745 4056 2009 2280 143  960  517  2240 869  888  1135 2618 3645 3094 891  2920 1829 2424 1945 2838 2155 2132 1905 3124 3345 4064 4053 176  4965 4112 1503 406  3879 962  321  1528 1191 2146 2199 2714 3291 3374 3903 3730 4319 942  4687 2742 529  4454 227  5034 659  1132 1153 2908 1667 4804 2239 586  2777 1502 3371 2498 3931 3554 4549 4678 
3185 4176 2387 2964 4795 576  3509 2100 341  3640 1683 1820 1081 1122 1255 2926 675  3458 4761 4250 1927 2562 2059 3102 2195 2668 2877 3604 3633 4580 4551 1744 549  110  2547 670  27   1246 723  1826 1707 2422 2757 3064 3749 3614 4101 3838 4511 1842 4859 3714 61   4790 439  436  911  1996 1433 3868 1973 206  2521 1042 3079 2018 3659 3022 4243 4126 4877 
3672 1435 1824 3773 4128 1175 2106 187  840  551  4900 2277 2660 1219 1302 1385 3304 765  4424 783  3392 1969 2862 2149 3294 2305 3146 3363 4108 4089 112  5037 4208 1557 410  3897 970  327  1534 1203 2152 2217 2726 3309 3382 3909 3736 4281 3928 4699 2766 841  4456 229  64   661  1172 1163 2932 1669 4852 2243 614  2789 1514 3373 2518 3943 3566 4561 4682 
4025 4464 2555 3096 4745 4956 2825 4592 377  3080 2223 1960 2871 4000 1363 1608 1555 3542 1215 4774 1845 608  2051 3090 2201 3576 2369 3580 3741 4598 4605 1808 603  128  2637 682  39   1258 753  1832 1713 2438 2787 3070 3763 3634 4119 3842 4377 4042 4867 3786 67   4792 443  452  919  2012 1439 3884 1979 214  2531 1046 3083 2026 3671 3046 4253 4138 4889 
3432 1505 1716 3815 4092 1075 2288 2565 2156 1989 1120 2673 2720 3003 1600 1517 1896 1685 4186 1305 3776 2745 1184 2159 3306 2315 3894 2471 4114 4137 208  5019 4304 1587 418  3951 986  339  1544 1227 2158 2229 2758 3327 3406 3921 3766 4287 3926 4497 4168 961  4458 233  5038 673  1228 1171 2956 1693 4868 2251 622  2791 1522 3389 2554 3947 3574 4567 4694 
4165 4608 2737 3132 4865 2916 3125 4784 3375 4508 1287 2380 3069 4600 4641 4880 1603 1998 1745 4984 1935 644  4005 1694 2215 3618 2395 4152 2515 4628 4587 2032 639  130  2763 686  33   1270 771  1834 1731 2456 2811 3074 3755 3638 4135 3854 4413 4066 4677 4310 71   4808 449  508  929  2036 1447 3908 1987 218  2539 1082 3089 2038 3673 3062 4259 4162 4903 
4104 1309 4680 4081 4248 1325 2576 4455 2548 3135 952  2691 3040 3927 1520 1827 4300 1661 2226 1795 3904 2775 1196 135  2144 2291 3912 2479 4326 2603 272  729  4336 1611 424  3987 994  393  1558 1257 2162 2253 2770 3351 3422 3957 3782 4299 3934 4533 4184 4821 4462 239  12   677  1244 1181 2972 1697 4892 2267 626  2797 1538 3391 2558 3967 3578 4583 4702 
4235 1728 2849 4800 4921 432  3175 4816 1485 4732 4125 2072 3159 4640 819  5000 3843 1880 1763 2328 1895 736  4335 1696 885  2684 2407 4110 2533 4578 2701 2096 657  136  2799 710  51   1298 789  1846 1761 2482 2823 3082 3777 3656 4141 3874 4443 4072 4701 4318 5001 4814 457  524  937  2084 1451 3932 1993 226  2543 1094 3109 2042 3677 3086 4261 4166 4909 
4968 1463 3600 3913 1980 2023 2544 4525 3332 3795 1064 4785 2584 693  1360 1953 4700 1053 3160 1841 2418 1967 1276 105  2204 1965 3164 2483 4344 2605 4746 2813 4432 1629 430  4041 1010 381  1562 1263 2168 2271 2774 3369 3434 3953 4548 4315 3938 4569 4190 4827 4490 241  18   683  1252 1187 3004 1699 4916 2269 634  2801 1546 3407 2566 3989 3602 4591 4714 
4655 2496 3059 2160 4991 4500 3577 4656 125  728  4185 1768 3675 3224 1449 800  4221 2090 189  4280 1919 2568 2071 1804 915  2716 2889 3610 2537 4584 2705 324  2885 152  2817 712  57   1304 807  1864 1779 2486 2841 3110 3781 3516 4145 222  4529 4082 4713 4328 5007 4826 461  548  941  2092 1453 3964 1997 254  2549 1114 3119 2062 3691 3098 4271 4174 4919 
4224 1645 1836 4123 2340 2107 2760 119  1044 365  1288 4995 2552 1785 3968 2331 440  1377 2990 777  4288 1981 2886 2165 2212 2055 3172 3399 4148 2611 4776 2807 132  2965 434  4107 1016 411  1570 1293 2198 2283 2776 3387 3448 3959 4596 4321 978  4705 4202 4839 4498 251  20   691  1268 1193 3028 1709 4924 2273 662  2803 1574 3413 2578 4001 3622 4597 4742 
4375 2112 2639 2640 833  4140 3751 4920 343  2844 655  1976 945  3496 3045 4472 4263 2120 231  4360 1269 500  2077 3144 2231 2756 2895 3616 3753 4636 2723 192  2899 294  3029 730  69   1310 813  1886 1797 2488 2859 3112 3785 3546 4151 246  4531 1866 4883 4330 9    4838 463  556  947  2164 1459 3988 1999 262  2551 1126 3121 2066 3697 3106 4273 4178 4931 
4488 1715 1944 4199 2400 1859 4200 209  4160 581  4572 835  2728 2625 4136 4305 4888 1539 3250 837  4544 1653 1060 2167 3318 2321 3196 3405 4172 4155 304  2815 126  2959 516  3097 1022 417  1576 1299 2216 2307 2782 3453 3454 3961 4626 4331 1002 4709 2778 1369 4504 257  28   701  1324 1201 3044 1721 4948 2281 674  2819 1594 3433 2582 4003 3646 4603 4754 
1225 3264 2765 3348 539  4860 3757 2940 391  660  703  462  985  3608 3255 4664 525  704  357  4370 1281 550  2001 1460 2227 3624 2413 3626 3765 4606 4611 2192 2893 306  3031 738  3151 1336 831  1898 1803 2494 2901 3122 3799 3582 4163 258  4535 1878 4873 3846 73   4854 467  578  953  2188 1471 4036 2003 274  2557 1138 3137 2078 3701 3118 4283 4198 4933 
4992 1771 2052 3955 4392 2299 1680 221  1890 533  420  893  858  1145 3944 4935 1936 855  1472 861  4672 1659 1180 2193 2020 2317 3930 2491 4192 4161 368  45   4496 2977 522  3095 1014 3233 1582 1317 2222 2319 2786 3459 3464 3973 4668 4333 1038 4711 2802 1681 4506 263  32   709  1348 1213 3076 1723 4996 2287 694  2833 1618 3449 2594 4007 3662 4621 4762 
385  3648 2821 3366 4945 4998 3887 4620 403  3990 713  1540 1121 1128 1285 4712 585  3752 1275 1216 2115 748  2037 1550 2379 2540 2419 4170 2561 4660 4671 2224 711  154  3035 774  3155 1284 3293 1910 1821 2504 2913 3130 3787 3684 4169 282  4537 1902 4885 3858 79   4856 479  596  967  2228 1481 4052 2011 278  2579 1142 3163 2098 3709 3134 4289 4222 4937 
1872 1855 2088 4085 3822 1475 2754 247  2310 559  630  899  2820 1241 1416 1405 3416 975  4466 1665 4096 3015 1292 2211 2050 2619 2980 2489 4374 2623 464  63   4528 1719 442  3101 1062 3235 1644 3379 2230 2361 2792 3489 3470 3977 4734 4343 1074 4717 2874 1849 4514 269  44   719  1388 1217 3092 1733 5036 2293 698  2837 1622 3457 2602 4013 3694 4637 4766 
595  4416 2905 3384 4895 336  3275 4698 437  4480 731  1710 1043 3870 1379 1674 1565 3976 1395 784  2175 836  4365 1666 2403 2620 2919 3620 2563 4602 2735 2384 747  170  2853 754  3173 1308 3295 1854 3427 2506 2931 3154 3791 3732 4171 318  4541 1986 4891 3882 83   4858 487  604  971  2252 1483 4076 2017 298  2591 1154 3167 2102 3719 3142 4297 4226 4943 
5016 1547 2208 4015 3906 1445 2832 4775 882  583  1050 901  2790 1243 4980 1529 1938 1703 4522 1725 224  3075 1204 165  2236 2679 2950 3417 4150 2627 4794 2827 4688 1737 470  4113 1030 3239 1602 3383 2076 3497 2794 3513 3478 3979 4764 4351 1086 4727 2922 2209 4526 271  50   727  1396 1223 3148 1741 16   2297 706  2843 1642 3461 2606 4019 3722 4639 4778 
455  2304 3115 3552 5015 528  3425 4848 145  2628 737  1740 1057 4020 1387 180  1631 330  1781 448  2325 812  4425 1708 1005 2788 2937 3650 3759 4708 2743 1458 2911 182  2883 742  87   1342 3305 1884 3431 2358 3587 3170 3809 3756 4181 354  4553 2022 4897 3918 89   4866 491  628  977  2276 1487 4084 2027 302  2593 1174 3169 2122 3727 3158 4327 4258 4951 
1584 1729 2232 3995 4004 1525 2992 4805 1332 395  4932 889  2850 1247 240  1537 120  1673 750  1843 308  3195 1274 255  2254 2085 3232 3423 4220 4179 496  2831 150  2981 472  4149 1034 447  1586 3385 2148 3503 2676 3641 3084 3983 4812 4367 1146 4735 2946 2809 4542 277  52   733  1412 1229 3188 1747 6    2309 718  2851 1646 3463 2614 4021 3734 4643 4786 
665  4356 3367 3762 425  624  3475 4944 155  2988 695  552  1079 3850 1391 300  1639 390  1757 1410 1921 868  4545 1748 1065 2812 2943 3652 3783 4756 4623 2416 2921 342  3043 776  93   1334 843  1912 3437 2364 3589 2826 3805 3798 4183 366  4555 2082 4907 3954 97   4870 499  652  983  2284 1489 4124 2029 314  2609 1186 3181 2126 3733 3166 4337 4262 4957 
2448 2065 2244 4255 3948 1675 2928 4825 1452 445  4851 865  918  1261 560  1541 210  1711 930  1853 2190 1991 1312 195  2312 2235 3212 3429 4214 4173 512  75   4802 2987 558  3103 1048 453  1592 1329 2242 3505 2682 3647 3114 3985 4842 4369 1158 4739 2994 3481 4552 281  68   739  1436 1231 3236 1753 8    2311 734  2857 1654 3467 2638 4027 3742 4649 4798 
715  1296 3395 3816 275  648  3703 5022 185  3042 685  546  995  1218 1397 450  1643 510  1793 1590 1937 2616 2095 1862 1095 2828 2955 3668 3813 4676 4665 2512 801  184  3047 804  3161 1358 849  1918 1839 2522 3595 2868 3811 3804 4187 402  4559 2094 4913 3966 101  4886 503  668  991  2308 1493 4132 2039 326  2617 1198 3187 2138 3739 3194 4339 4274 4967 
2016 2255 2484 4147 4116 1775 3078 4925 1116 415  5004 895  966  1165 1464 1561 270  1687 870  1883 2370 2021 2958 2171 2272 2265 3268 3435 4228 4191 592  99   4912 1773 488  3107 1068 3247 1606 1347 2248 2391 2806 3649 3156 3991 4878 4379 1182 4741 3018 3721 4558 283  76   743  1468 1237 3244 1759 10   2333 746  2861 1658 3469 2642 4049 3746 4651 4822 
935  2268 3355 2898 5035 816  3725 252  205  3204 707  594  1055 1242 1315 1704 1649 570  1799 1770 1939 2622 2101 3162 2219 2848 2985 3692 3819 4768 4683 2608 867  190  2979 782  3193 1314 3317 1928 1851 2510 2949 3176 3817 3972 4189 438  4571 2118 4915 4038 103  4898 509  692  997  2348 1499 4156 2053 334  2621 1202 3191 2174 3761 3202 4349 4282 4969 
3276 2365 1428 4345 4428 1805 3216 4975 1548 485  216  905  984  1195 1482 1415 1914 1717 1110 1891 2442 1985 2982 2173 3336 2323 3296 3441 4232 4215 656  117  4976 1791 494  4167 1066 3241 1668 3397 2264 2427 2810 3543 3490 3997 4908 4381 1194 4747 3054 4489 4566 293  92   751  1492 1249 3284 1777 14   2339 758  2879 1678 3491 2654 4051 3754 4657 4834 
1045 2352 3289 3108 325  1104 3775 288  235  3468 721  696  1099 1254 1345 1722 1585 2058 1807 2010 1957 2706 2105 3186 2245 3666 2429 3718 3801 4796 4695 2672 873  230  3033 790  111  1370 3337 1926 3439 2536 2973 3178 3827 4014 4193 426  4573 2154 4927 4062 107  4904 521  716  1009 2372 1511 4196 2063 346  2633 1214 3203 2182 3767 3214 4357 4286 4973 
3528 2431 5040 4301 4256 1825 3248 625  1476 505  264  917  2860 1253 1518 1465 1974 1727 1230 1897 2490 2033 3048 2177 3354 2329 3942 2495 4268 4209 688  147  5008 1899 506  4203 1054 471  1630 3401 2286 3521 2822 3561 3502 4009 4986 4385 1266 4757 3126 5041 4568 307  98   757  1516 1259 3292 1783 22   2341 766  2887 1706 3499 2722 4057 3758 4663 4846 
1235 1344 3553 2520 1573 912  3925 396  215  3492 745  702  1139 4180 1393 1752 1651 690  1819 1830 1943 2670 2117 3198 2257 3738 2435 4182 2545 4828 4731 2768 909  232  3123 806  123  1378 879  1930 3443 2388 3599 3182 3829 4044 4195 474  4577 2202 4939 4098 109  4906 523  722  1013 2396 1523 4204 2069 358  2647 1226 3209 2186 3769 3218 4363 4306 4987 
2772 2465 1638 4807 3360 2783 3408 35   1692 515  168  913  3180 1267 810  1577 280  1739 1290 1903 2472 2041 2910 2183 3390 2327 4002 2497 4386 2615 752  153  100  2007 518  4311 1070 489  1598 1371 2270 3523 2718 3653 3174 4031 5028 4387 1338 4763 3138 5    4582 311  116  761  1532 1277 3308 1787 26   2347 778  2897 1714 3511 2734 4073 3778 4673 4874 
1495 4928 3485 2912 2057 3780 3971 468  265  3636 755  714  1111 4230 1403 700  4329 1190 1817 2130 1961 2712 2119 3210 2249 3768 2443 4218 2569 4632 2747 2864 927  238  3141 808  129  1384 921  1946 1857 2534 3601 2892 3839 4086 4207 498  4579 2238 4955 4146 113  4910 541  724  1019 2404 1531 4244 2081 362  2657 1234 3217 2194 3779 3226 4373 4322 4993 
4284 2665 1386 4465 4452 2873 1260 253  2028 535  312  943  3200 1271 880  4131 640  1863 3010 1909 2478 2005 3066 2189 3486 2335 4008 2501 4422 2641 4806 2839 196  2043 530  4383 1090 501  1634 1383 2266 2433 2824 3661 3222 4033 48   4393 1362 4765 3246 7    4570 313  124  769  1556 1279 3316 1789 34   2351 794  2903 1718 3517 2746 4079 3802 4679 4882 
1265 1764 3515 3234 475  1134 4477 3150 407  3708 749  1860 1133 4060 3627 980  4437 1330 297  4130 1963 2814 2123 3270 2263 3774 2449 4242 2567 4686 2771 60   2923 248  3177 814  141  1390 933  1958 1893 2542 2991 3208 3841 4122 4213 534  4589 2274 4963 4206 127  4922 547  764  1021 2428 1543 4252 2083 382  2659 1238 3221 2206 3793 3238 4391 4358 4999 
4704 2585 1932 4355 4512 1975 3472 299  3570 589  1170 959  3330 1273 1840 4059 520  2349 3230 897  140  2047 3030 2191 3498 2353 4026 2507 4470 2653 4818 2863 156  2983 536  4419 1096 519  1670 1389 2278 2463 2830 3579 3512 4037 162  4399 1374 4769 3282 11   4610 317  148  773  1588 1283 3356 1801 38   2357 802  2909 1726 3527 2762 4091 3814 4691 4894 
1375 504  3625 3402 575  1232 4275 1568 451  4760 779  1950 1141 4260 1411 1280 4473 2210 483  4510 1311 580  2147 3288 2285 3834 2455 4266 2573 4674 2759 72   2929 372  3053 824  159  1394 939  1970 1923 2546 3027 3206 3831 3658 4223 582  4595 2298 4981 4254 131  4926 557  772  1031 2452 1549 4276 2087 386  2663 1262 3229 2218 3797 3242 4397 4406 5003 
4788 2635 1596 4433 4644 2075 3536 2475 3724 3861 1400 979  3400 1313 2000 2499 760  2511 3190 903  160  1677 1150 2197 3534 2359 4134 2513 4530 2629 4890 2867 198  2993 564  3113 1102 537  1688 1401 2282 2469 2834 3603 3514 3963 3790 4411 1398 4771 3342 13   4614 331  164  787  1604 1289 3362 1811 46   2371 818  2917 1754 3529 2798 4093 3826 4703 4918 
1595 672  3565 3444 605  1392 3871 3328 2805 896  1881 2080 2079 4960 1071 1100 4557 2360 273  4520 1353 620  2013 1580 2279 3810 2453 4278 2581 4710 2761 84   2935 348  3065 846  3197 1406 951  1978 1929 2570 3039 3262 3837 3670 4143 3878 4601 2334 4979 4314 137  4936 563  788  1033 2468 1553 4348 2089 394  2671 1282 3251 2234 3803 3254 4409 4414 5009 
1512 2717 2142 4495 4446 2225 3344 4725 4864 2145 1624 2907 3680 4389 1040 2583 680  2997 3320 957  200  1743 1340 2241 2060 2363 4074 2509 4482 2651 4902 2845 204  2995 636  3131 1098 3263 1702 1437 2290 2481 2872 3639 3526 3981 3794 4317 3962 4777 3378 17   4616 337  172  797  1636 1291 3412 1823 58   2377 838  2927 1762 3533 2818 4099 3862 4721 4934 
1615 756  3685 3588 175  1488 4067 2816 4095 2176 3705 2024 3591 4420 1617 1300 4599 2440 351  4270 1419 650  2091 1690 2397 2650 2461 4296 2587 4728 2773 96   2933 414  3071 852  3199 1356 3341 1990 1941 2626 3057 3266 3845 3674 4197 3886 4449 4090 4997 4334 3    4942 569  796  1039 2476 1559 4364 2099 398  2677 1286 3253 2246 3821 3274 4421 4426 5011 
1848 2755 2604 4505 4524 2303 2970 133  4352 3465 2944 1575 3016 1197 2320 2541 920  3321 3290 969  260  1749 1220 2247 2150 2697 3020 2519 4494 2669 5010 2869 234  3005 708  3133 1164 3265 1734 3403 2294 2487 2882 3651 3538 4039 3806 4341 3970 4593 4210 4857 4630 347  188  809  1676 1297 3428 1831 62   2381 842  2939 1766 3539 2846 4111 3866 4723 4946 
1625 792  3655 3654 775  1536 4361 4290 371  1664 2835 2392 1155 3712 1701 1700 4563 1610 429  4690 1431 740  2067 1660 2409 2740 2967 3796 2599 4758 2779 90   2941 444  3073 876  3205 1422 3353 1956 3455 2648 3063 3272 3849 3686 4227 3890 4461 4094 4737 4342 139  4938 571  844  1049 2524 1567 4372 2111 422  2683 1294 3257 2258 3823 3314 4423 4442 5021 
2688 2795 2394 4565 4662 2425 3504 161  3520 3213 1672 2205 3128 1995 4216 2709 1000 3483 3430 999  220  1767 1210 2289 2140 2703 3050 3507 4292 2681 144  2881 228  3007 666  3127 1206 3269 1746 3409 2166 3545 2914 3665 3544 4043 3818 4353 3982 4629 4234 4863 4634 349  212  811  1682 1301 3436 1847 74   2383 862  2953 1774 3541 2854 4127 3898 4729 4954 
1705 864  3835 3612 725  1456 4075 612  413  1760 2457 2432 1365 3784 3885 4862 4617 1750 459  4730 1407 820  2109 1780 2451 2780 3009 3772 3855 4832 2785 108  2947 486  3077 948  3215 1494 3349 1962 3473 2466 3611 2934 3859 4164 4237 3896 4467 4102 4749 4346 149  4952 577  892  1051 2564 1571 4388 2113 446  2687 1306 3259 2302 3833 3326 4441 4474 5023 
2184 2875 2436 4615 4554 2525 3584 55   1908 553  2200 4347 3256 2415 4264 315  2704 3807 3410 987  340  1809 1316 2301 2180 2727 3140 3471 4324 4233 848  2855 276  3017 726  3139 1212 3277 1788 3415 2172 3551 2724 3667 3228 4045 36   4405 3992 4647 4238 4881 4642 353  236  821  1684 1303 3452 1861 82   2389 866  2957 1814 3547 2858 4129 3902 4733 5006 
1955 924  3875 3808 845  1776 4175 588  295  3852 763  2600 3969 3848 4515 4736 735  1088 399  4810 1491 850  2133 1850 2607 2842 3021 3820 3939 4780 4767 2896 2951 492  3085 954  3223 1524 3365 2004 3487 2502 3629 3006 3865 4188 4247 606  4607 4118 4791 4354 151  4958 587  908  1061 2572 1579 4412 2129 454  2689 1318 3271 2306 3847 3334 4447 4478 5039 
3192 3055 2464 2925 3136 2575 3726 65   2178 545  384  973  3740 1323 4408 495  4624 1035 1856 1023 380  1833 1364 2337 2260 2739 3260 3477 4384 4239 944  171  256  3013 732  3143 1236 3281 1812 3419 2292 3563 2748 3679 3252 4055 24   4415 1434 4781 4246 4911 4646 359  242  823  1724 1307 3508 1867 86   2393 878  2963 1822 3557 2866 4133 3946 4751 4    
1885 1056 3895 4312 3825 2128 4205 684  305  4068 767  2070 1147 4840 1911 5032 825  4088 1425 2368 1479 860  2121 1888 2553 2884 3051 3836 3945 4844 4755 3056 963  250  3091 996  3227 1572 3377 2034 3493 2532 3635 3012 3869 4194 4249 618  4609 2382 4985 4366 157  4962 593  916  1063 2588 1583 4418 2131 458  2693 1322 3299 2326 3851 3338 4451 4486 1    
2856 2945 2574 4625 4576 2295 3952 85   2124 611  1140 923  3220 3393 2480 2793 832  1125 4648 1815 364  1887 1352 285  2324 2355 3404 3495 4316 4245 976  207  484  2061 568  3149 1278 3287 1818 3421 2316 3569 2796 3683 3258 4061 30   4417 1446 4811 3414 19   4638 367  244  827  1732 1319 3524 1871 94   2399 886  2969 1838 3559 2878 4139 3958 4759 2    
