4032 1885 924  3875 3822 775  912  3475 4944 125  2556 545  456  995  1242 1349 2480 3339 920  3807 3320 987  460  1947 1660 2613 2650 3081 3620 3993 4756 4767 1808 711  110  2853 682  51   1310 843  1910 1857 2534 3039 3208 3859 3798 4249 318  4627 2094 5053 4206 71   4898 409  356  881  1916 1423 3764 1949 142  2503 958  3079 1942 3671 2974 4259 4058 4909 
3575 2856 2795 2484 5015 4884 2075 2928 4805 1044 335  4068 835  888  1195 1554 1501 1700 4617 2170 513  4730 1491 1220 2247 2060 2847 3050 3507 4232 4215 208  45   4304 1719 418  4149 1010 417  1582 1347 2248 2463 2824 3651 3526 4045 4878 4417 1146 4837 3126 841  4558 193  5144 641  1076 1123 2804 1657 4748 2237 526  2777 1438 3373 2446 3947 3494 4583 4622 
3024 2015 1056 3451 3936 637  1104 3725 5136 155  2628 635  462  1055 1254 1355 1806 1651 770  4293 3410 1029 500  2001 1690 2619 2740 3129 3650 3999 4768 4773 2032 747  130  2883 710  69   1336 849  1918 1893 2536 3057 3262 3865 3804 4265 354  4631 2118 5057 4254 73   4904 419  388  883  1922 1427 3788 1951 146  2521 974  3083 1954 3673 2978 4261 4078 4919 
4675 3192 3055 2508 4403 4560 2597 3078 4825 1332 355  4332 865  918  1205 1566 1507 1900 4743 2360 399  4810 1533 1180 2289 2140 2919 3140 3477 4228 4245 272  63   4336 1737 424  4167 1016 447  1586 1371 2264 2469 2830 3667 3012 4055 4908 4429 1158 4841 3138 961  4566 197  5146 643  1084 1129 2836 1663 4772 2239 538  2789 1454 3389 2458 3967 3506 4591 4666 
4368 2035 1176 3965 3828 833  4500 4949 5022 145  2844 565  546  1073 1272 1357 2560 3381 1000 4941 3560 1023 580  2013 1748 2667 2788 3171 3692 3855 4796 4809 2096 801  136  2979 712  87   1342 879  1928 1923 2542 3063 3266 3869 3972 4267 366  4633 2154 5063 4298 79   4906 421  404  887  1948 1429 3812 1973 158  2531 982  3089 1966 3677 2986 4271 4106 4931 
3025 3864 2915 2604 4715 4836 2527 2970 287  1116 365  4572 895  966  1199 4650 1517 2420 4797 2530 609  4750 1551 1274 255  2236 1695 3196 3495 4214 4371 80   99   4432 1773 430  4203 1022 453  1592 1383 2266 2481 2834 3669 3530 4061 4986 4435 1182 4843 3246 1369 4568 199  5154 647  1108 1151 2876 1667 4804 2243 542  2791 1466 3391 2462 3989 3518 4597 4678 
4536 2125 936  3895 3906 925  1392 5047 5130 469  2988 655  552  1079 3690 1363 3440 3549 1160 4779 3880 1107 490  2091 1694 915  2812 2895 3718 3945 4828 4833 2192 867  152  3033 730  93   1334 921  1930 1929 2546 3093 3272 3867 3682 4279 402  4645 2202 5065 4314 83   4910 431  412  907  1964 1433 3868 1979 166  2539 998  3109 1982 3691 2998 4273 4126 4933 
4225 4158 2945 2574 4945 4956 2225 3216 301  900  623  4932 901  2460 1219 4740 1529 2300 4719 2440 483  4930 1593 1210 2337 2254 1905 3212 3537 4268 4251 304  75   4496 1791 434  4311 1030 471  1598 1389 2270 2487 2872 3679 3538 4063 5028 4439 1194 4847 3282 1681 4570 211  5162 653  1124 1153 2908 1669 4852 2251 554  2797 1478 3407 2474 4001 3554 4603 4682 
3696 2185 1092 3995 3996 845  1134 3775 288  493  660  707  1650 1081 3630 1379 2960 3717 1240 441  3770 1113 550  2037 1780 2679 2828 2955 3772 4011 4780 4887 2224 873  154  3123 742  111  1358 933  1946 1941 2570 3099 3278 3873 3686 4285 426  4661 2238 5069 4310 4971 4922 433  428  911  1996 1439 3884 1987 178  2543 1006 3119 1994 3697 3022 4283 4138 4937 
1105 4872 3145 2646 4745 4998 2425 3408 4925 1452 581  990  917  2550 1247 4770 1541 2900 4977 2210 627  5080 1581 1276 2373 2150 2889 3232 3531 4292 4323 368  117  4528 1899 442  4383 1034 489  1606 1401 2278 2517 2882 3683 3544 4069 5046 4453 1266 4855 3342 1849 4582 223  5174 659  1132 1163 2932 1693 4868 2267 562  2801 1486 3413 2498 4003 3566 4621 4694 
4752 2375 1188 4085 3948 1025 1456 3925 252  185  3042 749  1710 1099 4020 1387 3280 3843 1430 3249 3430 1131 740  2067 1804 2697 2780 3111 3796 4023 4820 4893 2384 909  170  3141 754  123  1370 939  1958 1959 2626 3117 3286 3883 4014 4291 474  4667 2274 5071 4318 4989 4936 439  436  919  2012 1447 3908 1993 194  2549 1018 3121 2018 3701 3046 4289 4162 4943 
2275 2592 2261 2664 5035 5076 2525 3472 4975 1476 395  4716 913  2580 1241 4980 1537 3100 4959 2590 561  4690 1599 1292 345  2272 2877 3260 3567 4316 4401 464  147  4688 2007 470  4419 1048 501  1630 1437 2282 2559 2914 3687 3562 4087 5052 4469 1338 4849 3378 2209 4610 227  5176 661  1172 1171 2956 1697 4892 2269 566  2803 1502 3433 2518 4007 3574 4637 4702 
3168 875  1248 3535 3978 5159 1488 4075 396  215  3204 685  696  1111 3870 1391 3750 1673 1480 1089 3710 1161 620  2121 1888 1005 2848 3201 3820 4029 4832 4899 2416 927  182  3177 776  129  1378 951  1970 1977 2630 3147 3298 3891 3688 4295 438  4681 2298 5089 4328 5001 4942 443  452  929  2036 1451 3932 1997 202  2551 1042 3137 2026 3709 3062 4297 4166 4951 
2975 2736 2345 2784 4081 2400 2891 3504 625  1692 415  5004 905  984  1243 5180 1577 3380 567  2470 759  4970 1647 1312 285  2312 1965 3268 3597 4324 4395 496  153  4802 2043 472  4491 1054 519  1634 1461 2290 2571 2930 3693 3586 4083 3794 4471 1362 4853 3414 2809 4616 229  5178 673  1228 1181 2972 1699 4916 2273 586  2819 1514 3449 2554 4013 3578 4639 4714 
3744 1015 1224 3605 3876 539  4860 4961 468  205  3388 745  594  1115 1302 1397 3760 4059 1720 2601 4030 1173 650  2109 1708 1065 2842 2985 3836 4017 4844 4917 2512 963  184  3231 782  141  1390 993  1978 1983 2648 3153 3302 3893 3704 4227 3886 4685 2334 5093 4330 5007 4952 449  508  937  2084 1453 3964 1999 206  2557 1046 3163 2038 3719 3086 4327 4174 4957 
1925 3312 2387 2952 4445 5088 2989 3000 319  1548 445  168  923  1026 1255 1608 1561 3700 891  2680 777  5170 1653 1316 375  2324 2055 3296 3585 4384 4407 512  171  4912 2061 488  4527 1066 537  1670 1473 2294 2577 2936 3695 3084 4097 3818 4341 3962 4859 3426 3481 4630 233  64   677  1244 1187 3004 1709 4924 2281 614  2833 1522 3457 2558 4019 3602 4643 4742 
4896 1001 4320 3619 4056 847  5100 2401 720  497  3468 695  714  1133 1326 1385 1896 1679 910  4761 4040 1209 820  2133 1862 1095 2852 3165 3892 4035 4876 4947 2608 981  190  3303 790  159  1384 1011 1990 2019 2662 3183 3322 3899 4044 4303 3890 4449 4082 5095 4334 5079 4958 457  524  941  2092 1459 3988 2003 214  2579 1082 3167 2042 3727 3098 4337 4178 4967 
5005 3888 2639 2880 4543 2700 3283 3480 323  360  667  216  943  2610 1253 1674 1535 2046 1763 2750 651  400  1659 1340 2343 2356 2085 3404 3615 4396 4503 592  207  4976 2097 494  4581 1070 543  1688 1497 2314 2589 2938 3711 3590 4103 5058 4487 3970 4569 4184 4803 4634 239  12   683  1252 1193 3028 1721 4948 2287 622  2837 1538 3461 2566 4021 3622 4649 4754 
5184 1085 1368 3689 3120 931  4950 91   1200 511  780  763  1740 1121 4230 1393 1914 1655 2226 1843 3910 1221 850  2139 1850 2703 2884 3237 3916 4047 4850 4929 2672 1017 230  3357 806  177  1394 1041 2006 2031 2666 3189 3310 3901 4086 4307 498  4687 4090 4701 4342 5091 4966 461  548  947  2164 1471 4036 2011 218  2591 1094 3169 2062 3733 3106 4339 4198 4969 
2695 4176 2485 2904 4669 1980 3479 3720 329  480  679  1170 959  2790 1261 5060 1589 2136 1745 2424 1927 5110 1677 1372 2379 2180 2937 3340 3621 4444 4431 656  243  5008 2151 506  4689 1090 573  1702 1509 2318 2631 2954 3707 3114 4105 5094 4499 1374 4867 4190 4821 4642 241  18   691  1268 1201 3044 1723 4996 2293 626  2843 1546 3463 2578 4027 3646 4651 4762 
2808 1295 1404 3745 4092 1127 1080 77   1620 517  1020 791  1860 1139 3850 3393 4240 1687 2322 1835 2562 1969 928  5085 1876 2727 2888 3219 3860 4071 4964 4953 2768 1083 232  3411 808  183  1406 1047 2008 2049 2674 3207 3346 3935 4122 4309 534  4699 2382 5111 4346 5097 4978 463  556  953  2188 1481 4052 2017 226  2593 1114 3181 2066 3739 3118 4349 4222 4973 
3325 3564 2555 2964 4585 5112 3577 3510 341  2730 703  1350 949  2820 1271 5120 2499 4100 1769 2442 1909 1830 2071 1352 435  2332 2235 3424 3633 4448 4509 688  261  5072 2169 518  4707 1096 579  1730 1527 2330 2643 2984 3713 3156 4109 5172 4501 1398 4873 3462 3721 4646 251  20   701  1324 1213 3076 1733 5036 2297 634  2851 1574 3467 2582 4049 3662 4657 4766 
5148 1435 1632 3773 4128 1175 1536 119  4050 527  3080 793  1540 1147 4060 3627 4720 4221 1640 1841 1230 1981 2670 2167 1924 1185 2924 3243 3940 4053 4972 4965 2864 1143 238  3447 814  201  1414 1059 2014 2073 2678 3261 3352 3937 4164 4313 582  4705 2406 5105 4354 5127 4982 467  578  967  2228 1483 4076 2027 254  2609 1126 3187 2078 3761 3134 4357 4226 4987 
4025 4212 2765 2976 4459 3072 2575 3726 343  540  689  630  989  2850 1313 1600 2541 4300 1053 2840 1921 2010 2101 3066 2227 2336 2265 3476 3657 4450 4551 752  279  100  2259 530  4869 1102 591  1738 1563 2338 2649 3002 3715 3174 4115 48   4511 1434 4883 3522 4489 4654 257  28   709  1348 1217 3092 1741 5108 2309 662  2857 1594 3469 2594 4051 3694 4663 4778 
2376 1505 1656 3731 3240 1183 1776 4175 612  533  2800 799  1820 1177 4260 1403 5000 4263 1870 1521 4070 2021 2814 2165 3294 2317 2948 3297 3950 4077 4988 4983 2896 1179 248  3501 824  213  1426 1077 2054 2103 2686 3273 3358 3941 4188 4315 606  4709 2454 5123 4362 89   4926 479  596  971  2252 1487 4084 2029 262  2617 1138 3191 2098 3767 3142 4363 4258 4993 
3185 4464 2849 4800 4697 3060 3703 3792 35   1908 697  1050 979  3180 1267 5070 1591 4700 5031 2870 663  2500 2117 3102 2219 3534 2419 3350 3699 4460 4521 848  333  196  2313 536  4923 1106 597  1742 1569 2344 2661 3014 3737 3222 4121 162  4529 1446 4885 3558 5041 4614 263  32   719  1388 1223 3148 1747 5116 2311 674  2861 1618 3491 2602 4057 3722 4673 4786 
3456 1309 4680 3857 4080 1421 1320 133  768  235  3492 803  1950 1141 4180 1411 4880 4257 1190 297  4120 1239 860  2171 3270 2321 3810 2489 3956 4089 5012 5037 3056 1233 250  3573 826  219  1432 1101 2056 2127 2690 3279 3368 3949 4194 4319 618  4711 2514 5129 4366 97   4938 487  604  977  2276 1489 4124 2039 274  2621 1142 3203 2102 3769 3158 4373 4262 4999 
4165 4608 2737 2160 4823 3300 3757 4440 371  2028 505  312  973  3330 1333 240  1603 520  1539 2920 741  320  1743 1364 2231 3576 2429 4110 2561 4484 4539 944  363  256  2367 568  5013 1112 633  1778 1623 2354 2721 3026 3743 3228 4117 36   4531 1506 4891 3594 5    4638 269  44   727  1396 1229 3188 1753 5132 2333 694  2879 1622 3499 2606 4073 3734 4679 4798 
3432 1645 1716 4123 1440 1519 1920 143  960  551  3708 755  702  1159 4350 1417 180  1691 1610 351  4130 1269 884  405  1892 2323 3894 2491 4296 2605 5024 5019 3088 1251 266  3609 830  237  1442 1119 2074 2157 2696 3291 3370 3953 4236 4321 642  4717 2526 5131 4376 101  4962 491  628  983  2284 1493 4132 2053 278  2633 1154 3209 2122 3779 3166 4391 4274 5003 
4655 1728 2905 3036 4879 3420 3751 3150 377  4620 713  264  955  1032 1273 560  1633 2450 1377 3010 783  140  1749 1376 465  2366 2413 4152 2545 4494 2735 976  369  484  2421 574  5067 1118 669  1786 1641 2378 2733 3032 3747 3592 4135 24   4535 1542 4897 3606 7    4658 271  50   733  1412 1231 3236 1759 5156 2339 698  2887 1642 3511 2614 4079 3742 4691 4822 
3672 1463 1836 3815 4248 1813 1560 187  1890 559  3920 817  744  1135 1416 1441 300  1703 1330 429  4250 1311 940  2163 1952 1245 2996 2495 4326 2615 4746 2827 3152 1341 286  3681 854  249  1448 1137 2086 2181 2698 3309 3374 3903 3706 4331 654  4727 2586 5137 4390 5163 4990 503  652  991  2308 1499 4156 2063 298  2647 1174 3217 2126 3793 3194 4397 4282 5009 
4235 2496 3059 3096 4795 576  3871 4920 391  2310 731  1380 1003 1128 1285 1704 1631 120  1781 3160 837  160  1767 1420 2397 2492 2355 3484 2563 4578 2743 5010 2911 676  2439 584  5043 1130 681  1784 1671 2390 2757 3034 3749 3598 4101 3830 4537 1578 4907 3642 11   4670 277  52   739  1436 1237 3244 1777 5164 2341 706  2897 1646 3517 2638 4091 3746 4703 4834 
4104 1715 1944 3905 4392 1075 1782 161  4400 589  2240 869  2070 1157 1464 1405 1938 1711 330  1853 4270 1353 1036 2187 1940 2739 3038 3333 3980 2627 4776 2831 90   2981 290  3771 856  267  1462 1149 2104 2199 2702 3327 3382 3909 3730 4269 3896 4735 2598 5141 4382 5169 4994 499  668  997  2348 1511 4196 2069 302  2657 1186 3221 2138 3797 3202 4409 4286 5011 
5075 2112 2821 3132 4865 2916 2645 3952 3213 1760 1989 1400 1007 3220 1331 1722 1555 2058 1807 750  1937 200  1809 1450 2403 2260 2943 3460 3723 4532 2747 5106 2929 228  3043 590  5121 1162 687  1790 1689 2398 2787 3058 3755 3614 4119 3832 4353 3982 4913 3678 13   4696 281  68   743  1468 1249 3284 1783 16   2347 718  2903 1654 3527 2642 4093 3754 4721 4846 
4224 1547 3960 3913 4428 1325 1904 5175 2816 2457 2200 2691 2380 2871 4340 1469 1974 1685 2328 1837 1290 1991 950  2193 1988 2781 2890 3363 4018 4065 5044 2839 96   2987 444  3103 872  291  1474 1167 2110 2217 2710 3351 3406 3921 3736 4281 3914 4461 4094 5143 4378 9    5002 509  692  1009 2372 1523 4204 2081 314  2659 1198 3229 2174 3803 3214 4421 4306 5021 
4375 3648 3367 2640 4921 432  2675 3584 2565 1408 3591 2720 1881 3500 2907 880  1643 2214 1765 2472 1939 2130 2119 1460 2451 2350 2967 3488 3729 4556 4587 1072 2921 234  3047 708  3173 1166 699  1798 1707 2410 2811 3064 3763 3634 4141 3842 4359 3992 4593 4202 4827 4706 283  76   751  1492 1259 3292 1787 6    2351 734  2909 1658 3529 2654 4099 3758 4723 4874 
4488 1855 1824 4277 1800 2009 2064 4205 1568 3105 1768 4347 3400 3069 4550 3933 700  1717 2418 1865 2568 2041 2862 2177 1972 2751 2950 3399 4012 4137 5020 5061 3184 2983 486  3107 948  3241 1490 1191 2114 2229 2714 3369 3422 3957 3766 4287 3922 4467 4102 4713 4394 3    5014 521  716  1013 2396 1531 4244 2083 326  2663 1202 3251 2182 3821 3218 4423 4322 5023 
1225 3264 3115 3348 5083 3840 3887 3984 55   4732 3915 2432 3003 3800 3519 1040 3663 280  1793 2478 1915 2706 2045 3144 2245 2444 3021 3550 3741 4540 4611 1136 387  1156 3053 726  3161 1206 3317 1802 1713 2414 2823 3070 3777 3638 4143 3838 4377 4010 4629 4210 4839 4718 293  92   757  1516 1277 3308 1789 8    2357 746  2917 1678 3533 2722 4111 3778 4729 4882 
4968 1729 2088 3955 4512 2023 2280 203  684  265  616  4485 3712 693  4640 1617 800  4437 1750 1891 2616 1985 2886 2173 3306 2329 2980 3417 4028 4173 5050 5073 3376 1359 296  3127 996  3239 1494 3385 2134 2253 2726 3387 3434 3963 3782 4299 3926 4479 4118 4737 4402 103  4974 523  722  1019 2404 1543 4252 2087 334  2671 1214 3253 2186 3823 3226 4441 4358 5039 
385  4416 3157 3384 4991 3900 4067 4290 413  2178 485  2072 4875 3496 819  1360 2583 440  1863 3190 1957 2712 2095 3162 2249 3618 2443 3572 3753 4564 4623 1168 423  1444 2493 598  3193 1212 3295 1734 3427 2422 2841 3074 3781 3656 4145 3854 4413 4024 4647 4234 4857 4726 307  98   761  1532 1279 3316 1801 10   2371 758  2927 1706 3539 2734 4127 3802 4733 4894 
4992 2065 2052 4015 4446 2107 2040 217  3520 553  3636 785  2408 5115 4408 1911 1100 4473 1880 189  4280 2047 2958 2183 3318 2327 3912 2497 4046 4155 5054 5055 3568 1413 310  3789 874  3247 1422 3401 1926 3497 2758 3453 3448 3959 4302 4333 3928 4497 4142 4749 4430 107  5018 541  724  1021 2428 1549 4276 2089 346  2677 1226 3257 2194 3833 3238 4447 4406 5051 
595  2304 3245 2898 5125 528  4361 4590 403  600  721  384  965  2968 675  4664 2709 640  2349 2990 861  220  2147 3090 2257 3624 2435 4134 2573 4598 4605 1264 477  2116 2523 602  5139 1178 3305 1746 3431 2148 3569 3082 3785 3252 4151 30   4541 4042 4659 4238 4863 4738 311  116  769  1556 1283 3356 1811 14   2377 766  2939 1714 3541 2746 4129 3814 4751 4918 
5016 2093 2232 4199 4116 1445 1968 209  3570 583  1140 851  798  1145 3416 855  4888 4557 2090 357  4360 1281 968  2191 3336 2335 3942 2501 4344 2653 5084 5109 3632 1467 322  3879 890  303  1498 3383 1956 3503 2358 3635 2748 3961 4308 4343 678  4739 4154 4791 4438 109  5026 547  764  1031 2452 1553 4348 2099 358  2683 1234 3259 2206 3847 3242 4451 4414 5059 
455  4356 3335 3108 5135 5082 2725 4144 437  3640 737  1470 1027 1122 1315 3976 1215 4624 2511 3250 903  260  1869 1504 2263 3666 2449 4170 2567 4584 2761 1250 507  3364 2529 610  81   1192 717  1810 3437 2166 3587 2676 3787 3258 4169 42   4553 1614 4915 4246 4881 4744 313  124  773  1588 1289 3362 1823 22   2381 778  2953 1718 3547 2762 4133 3826 4759 4934 
1584 2135 2244 4355 4256 1475 2106 4325 588  629  4900 871  2220 1169 1482 1415 4186 1665 1856 231  4370 1407 988  1875 2048 2359 3930 2507 4374 2629 4758 2863 3664 1503 328  3897 902  309  1510 1203 2146 3505 2364 3641 2796 3973 4338 4351 762  4741 2634 5149 4454 113  5030 557  772  1033 2468 1559 4364 2111 362  2687 1238 3271 2218 3851 3254 4457 4426 5077 
665  1296 3395 3366 325  5124 2825 4048 65   2124 779  1500 1037 3450 1337 1752 1565 784  2325 4288 957  340  1917 1484 555  2528 2453 4182 2569 4602 2759 144  2923 3844 2547 632  15   1208 723  1816 1731 2438 3589 2532 3791 3324 4163 54   4555 1626 4927 3702 19   4722 317  148  787  1604 1291 3412 1831 26   2383 794  2957 1726 3557 2798 4139 3862 4783 4946 
1872 1771 2652 4255 4312 1675 2128 1755 1792 305  3852 889  2250 1189 4380 1457 1992 1727 2368 3075 364  1419 992  225  2044 1335 3052 2509 4386 2641 4794 2845 108  2993 344  3951 904  321  1526 1227 2152 2271 2770 3647 2826 3977 4404 4367 786  4747 2658 5155 4398 127  5034 563  788  1039 2476 1567 4372 2113 382  2689 1262 3299 2234 3853 3274 4463 4442 5081 
805  864  3311 3816 425  5096 4455 4592 2145 4508 515  408  1043 3540 1339 810  1639 210  1817 4544 3525 608  4575 1508 615  2516 2445 3556 2581 4632 2779 324  2933 276  3065 638  21   1222 753  1826 1761 2456 2859 3110 3799 3372 4171 78   4559 1662 4939 3714 17   4782 331  164  797  1636 1297 3428 1847 34   2389 802  2963 1754 3559 2818 4153 3866 4787 4954 
2448 2233 3600 4301 4452 1525 2576 1485 3332 3375 952  815  858  1207 4600 1477 450  1739 510  1883 416  4335 1012 105  2068 1455 3068 3345 4064 2651 4806 2855 132  2995 492  3131 946  327  1528 1257 2158 2283 2774 3459 3454 3979 4476 4369 822  4757 2742 5161 4434 131  5038 569  796  1049 2524 1571 4388 2129 386  2693 1282 3301 2246 3863 3314 4481 4474 5087 
715  1152 3289 2520 1859 5152 2475 4784 3135 728  4125 2296 985  1218 1343 1520 1649 270  1799 870  1961 644  4635 1564 645  2596 2505 3596 3759 4580 2771 192  2935 294  3071 732  3197 1246 771  1832 1779 2482 2901 3112 3805 3396 4181 66   4571 1686 4955 3786 23   4790 337  172  809  1676 1301 3436 1861 38   2393 818  2969 1762 3571 2846 4157 3898 4789 5006 
2016 2255 1428 4433 3780 2873 3248 2295 2548 3795 1624 4845 2632 1165 1518 1513 980  1751 570  1897 1410 2033 1078 135  2108 1515 3104 3405 4108 4161 5068 2867 126  3005 516  3113 954  3263 1544 1263 2162 2307 2776 3489 3464 3983 4518 4379 834  4763 2694 5165 4456 137  5048 571  844  1051 2564 1579 4412 2131 394  2699 1286 3307 2258 3877 3326 4483 4478 5099 
935  4914 3355 3402 2057 1680 3971 4816 2805 896  4185 2002 2025 2926 1345 1794 1661 390  1819 930  1943 2190 2159 1612 705  2656 2595 3604 3765 4588 4665 1328 2941 342  3073 738  3199 1236 3337 1834 1797 2486 2913 3122 3809 3438 4183 102  4577 1698 4963 3846 29   4792 347  188  811  1682 1303 3452 1867 46   2399 838  2971 1766 3581 2854 4159 3902 4793 5042 
3276 2365 1596 4345 4524 3179 2100 221  3724 3315 1288 4995 2618 585  3542 1465 1998 1757 690  1903 1590 2051 2910 2189 2132 1545 3116 3423 4114 4179 5092 5133 3728 3007 522  3133 1062 3265 1524 3397 2168 2319 2782 3513 3470 3991 4548 4381 894  4765 2766 5173 4458 139  5066 577  892  1061 2572 1583 4418 2137 398  2707 1294 3313 2302 3881 3334 4493 4486 5101 
1045 1008 3445 3444 275  5166 4477 4410 407  1064 4785 2392 3645 3304 765  4088 1585 2262 1829 1110 1963 2370 2123 3186 2279 2668 2685 3616 3783 4636 4671 1424 531  40   3077 774  3205 1278 3341 1788 3439 2488 2931 3130 3811 3474 4187 114  4573 1758 4979 3858 31   4808 349  212  821  1684 1307 3508 1871 58   2411 842  2999 1774 3583 2858 4177 3946 4799 5062 
3528 2405 1386 4465 4644 1775 2256 247  4480 3861 1736 5049 2744 495  3458 1035 4522 1735 2346 1919 1770 2059 3030 2197 3390 2353 3124 3429 4148 4191 5140 5151 3824 1557 370  3143 1014 3269 1572 3403 1962 3521 2792 3543 3490 3997 4596 4385 906  4769 2778 5177 4462 149  5074 587  908  1063 2588 1597 4436 2141 422  2711 1306 3319 2306 3889 3338 4507 4502 5107 
1235 2268 3485 2912 475  3136 3125 4272 451  4760 1287 1960 2277 3094 825  4424 1305 448  1795 2538 1967 2490 2149 3210 2291 3738 2455 3626 3813 4606 4731 1552 549  56   2637 646  3215 1284 3349 1812 3443 2172 3595 3154 3817 3516 4189 138  4579 1842 4981 3882 37   4814 353  236  823  1724 1319 3524 1873 62   2417 862  3001 1814 3593 2866 4201 3958 4801 5078 
2772 2465 1638 4495 4004 3825 3344 4475 828  611  1120 1683 2660 3267 3752 975  4648 1815 2624 1895 2622 2077 3048 2201 3354 2363 4002 2515 4172 4209 5150 5157 3856 1587 374  3987 938  3277 1602 3409 2004 3523 2388 3649 2868 3985 4626 4387 942  4771 2802 5183 4490 151  5090 593  916  1069 2612 1601 4468 2143 446  2713 1318 3323 2326 3907 3386 4513 4534 5113 
1495 2352 3515 3234 575  1232 2925 5104 85   2156 2223 3200 2673 4000 3159 4466 1275 832  2385 4672 1945 2838 2105 3198 2285 3768 2471 4218 2587 4660 4683 1616 603  70   2763 658  27   1256 3353 1818 3455 2286 3599 2682 3827 3546 4193 174  4589 1866 4985 3918 41   4826 359  242  827  1732 1321 3532 1877 74   2423 866  3011 1822 3607 2878 4211 3974 4813 5086 
4284 2585 1932 4505 4576 4275 2992 4095 3872 3705 2024 4641 3680 4389 4960 4131 4774 1845 2752 3015 392  2005 2982 2195 3486 2369 4008 2513 4422 2669 1024 5181 4016 1611 376  4041 962  339  1534 3415 2034 3545 2466 3653 2892 4009 4668 4393 978  4777 2874 25   4498 157  5118 599  932  1087 2636 1607 4492 2153 454  2719 1322 3329 2342 3911 3394 4517 4538 5119 
1265 1344 3553 3552 5117 2288 4725 5168 2835 1496 945  2552 3969 4420 1449 2000 4329 704  2535 5056 3735 736  2155 3288 2305 3774 2461 4266 2599 4674 2773 1648 639  88   2799 664  33   1258 789  1846 3473 2292 3601 2718 3829 3582 4195 186  4595 1878 4997 3954 43   4838 367  244  829  1756 1327 3548 1879 82   2437 878  3019 1838 3613 2894 4217 3986 4817 5098 
4704 2431 5040 4807 2340 2303 3536 3465 4352 2205 1672 1365 3128 1197 4840 1827 1280 4563 3008 3195 476  4365 1148 2215 3498 2395 4026 2533 4482 2681 4818 2869 4112 1629 406  4107 970  381  1558 1293 2198 3551 2502 3661 2934 4031 4734 4399 1002 4781 2922 49   4504 163  5122 601  956  1091 2644 1609 4516 2161 458  2729 1346 3331 2362 3917 3398 4519 4546 5147 
1375 1764 4147 3360 2299 4140 4753 3328 1575 1144 1785 2728 1995 3608 1071 1840 2793 680  2997 4096 3555 748  4815 1628 2315 3834 2479 4242 2603 4686 2785 1458 2947 104  2817 670  39   1298 807  1864 1803 2494 3611 2724 3839 3684 4207 222  4601 1902 5017 3966 47   4854 373  268  839  1772 1361 3628 1889 86   2441 886  3023 1858 3617 2902 4219 3994 4831 5102 
4788 2635 2208 1573 4200 3211 2760 259  4864 3675 1976 2415 3016 3885 3968 2331 1300 4599 2120 273  544  4425 1184 195  2144 2407 4074 2519 4470 2701 4902 2885 156  3013 410  4113 986  393  1562 1299 2216 2361 2786 3665 3006 4033 4764 4405 1038 4811 2946 121  4506 167  5126 607  964  1093 2692 1613 4604 2179 466  2731 1354 3343 2374 3919 3418 4523 4562 5153 
1595 504  3625 3612 2783 1260 4693 5160 427  1664 1155 2584 3255 3784 4935 4472 2961 760  3321 3230 897  812  4905 1652 795  2684 2483 4278 2611 4710 2807 72   2959 306  3091 686  57   1270 813  1886 1821 2504 2949 3176 3845 3732 4213 246  4607 1986 5027 4038 53   4856 379  284  853  1796 1367 3644 1901 94   2447 898  3037 1874 3623 2906 4229 3998 4861 5114 
1512 2665 2142 4565 4662 3509 2940 253  4160 4851 2176 2625 3256 4305 4216 525  5032 4653 2030 621  4510 1431 1196 165  2204 1605 3164 2537 4530 2723 4890 2881 150  3017 558  3139 994  411  1570 1317 2222 2391 2794 3561 3478 4037 4812 4415 1074 4819 2994 169  4514 173  5128 613  1004 1097 2708 1619 4612 2203 478  2741 1366 3347 2386 3923 3442 4547 4574 5167 
1615 4928 3565 3654 605  336  4901 840  473  2080 2079 2944 3045 3848 5145 4712 1725 1088 3483 3290 969  350  1887 1696 885  2716 2715 3652 2623 4728 2813 60   2951 348  3085 804  3223 1304 831  1898 1839 2506 2973 3170 3831 3658 4223 258  4609 2022 5029 4062 59   4858 383  292  857  1828 1373 3676 1907 106  2459 914  3041 1882 3631 2918 4231 4006 4871 5158 
1848 2755 2464 4615 4692 1805 2544 299  3990 649  2600 3927 3224 4515 4136 735  1936 1935 3392 459  4520 1443 1060 2211 2212 1635 3146 3435 4192 2705 5064 2893 204  3029 564  3151 1068 3281 1576 1329 2230 2427 2806 3579 3502 3981 3790 4411 1086 4829 3018 289  4526 179  5134 617  1028 1103 2732 1621 4652 2207 482  2749 1382 3359 2402 3929 3446 4549 4586 5171 
1625 672  3655 3762 175  624  3175 4656 481  4830 781  3040 5103 3944 315  4736 1395 1216 2655 224  999  380  1833 1550 2409 2756 2865 3668 3819 4628 2815 84   2965 372  3095 846  3227 1308 3365 1912 1851 2510 2991 3178 3837 3670 4197 3874 4613 2082 5033 4098 61   4866 389  316  859  1844 1381 3698 1913 118  2467 922  3049 1894 3637 2942 4241 4022 4877 5182 
2688 2717 2436 4625 4554 1825 2754 4525 882  671  420  899  2860 1323 4264 1125 4984 2115 3904 3225 532  1479 1150 2241 2020 2829 3172 3441 4150 4239 112  2899 198  3031 636  3155 1098 3287 1644 3419 2242 2433 2810 3603 3512 4039 3806 4317 3938 4835 3054 361  4542 181  5138 619  1052 1109 2738 1627 4684 2213 502  2753 1402 3361 2426 3931 3466 4561 4594 5179 
1705 756  3685 3588 245  648  3275 4698 95   2412 767  1530 1057 3740 1701 4862 1425 1472 2775 308  3975 836  1971 1580 2553 2540 3009 3580 3801 4708 4695 1712 2977 414  3097 852  3235 1314 3377 1854 3487 2522 3027 3182 3841 3756 4237 3878 4443 4066 5045 4146 67   4870 397  332  863  1852 1399 3716 1931 122  2473 926  3061 1906 3643 2962 4243 4034 4889 4    
2184 2875 2394 4895 4824 1975 2832 4775 972  295  3924 893  2430 1211 4940 1953 2704 2175 3776 3285 572  4545 1204 2301 2050 2769 3020 3471 4220 4233 176  729  4208 3035 666  3149 1164 3293 1668 3421 2076 3563 2822 3639 3514 4043 4842 4427 3934 4533 4168 529  4552 191  5142 631  1058 1117 2764 1637 4724 2221 514  2767 1418 3371 2434 3943 3482 4567 4618 1    
1955 792  3835 3808 725  816  3425 4848 115  2196 535  378  1067 3660 1351 2320 3087 1984 2745 352  4005 868  5025 1666 2607 2620 3051 3610 3939 4676 4755 1744 657  128  3101 876  3233 1356 3379 1884 3493 2316 3629 3206 3849 3674 4247 282  4619 4072 4677 4294 4911 4886 401  338  877  1868 1409 3748 1933 134  2477 934  3067 1934 3659 2966 4253 4054 4903 2    
