4032 1705 672  3685 3612 605  3136 5265 5104 4725 4864 3465 1768 1995 3016 4347 3760 2709 1870 1539 4270 783  350  1551 1420 2037 2350 2607 3572 3441 4598 4239 1168 5253 3364 1587 658  4203 1310 489  1930 1509 2570 2649 3272 3837 3842 4213 4734 4607 894  5029 2778 1681 4790 229  64   677  1252 1193 3044 1723 5036 2297 562  2857 1502 3491 2554 4073 3602 4691 4754 
3575 2856 2795 2436 4745 4452 2425 2992 4095 3872 1575 1664 1155 2944 3213 880  1197 4700 4329 3010 351  1984 1311 860  1767 2020 2211 2890 2967 4064 3855 5194 4833 3632 531  344  2853 986  93   1592 1011 2278 2073 2882 3273 3586 4033 3546 4405 114  4819 1842 5213 3882 97   5048 449  524  941  2164 1471 4052 2017 178  2609 1018 3191 2026 3769 3086 4391 4178 5009 
3024 1885 756  3875 3654 775  336  4175 5168 2835 1144 3675 1976 1785 3224 3969 4240 3087 2090 1863 4280 861  500  1533 1450 2067 2528 2613 3580 3471 4606 4245 1264 5271 3844 1611 664  4311 1334 519  1946 1527 2626 2661 3278 3841 2724 4223 4764 4609 906  5033 2802 1849 4792 233  12   683  1268 1201 3076 1733 5108 2309 566  2861 1514 3499 2558 4079 3622 4703 4762 
4675 3192 2875 2244 4945 4576 2525 2832 91   4352 2205 1496 2415 2432 3885 3784 1323 4300 4557 3160 189  2368 1209 940  1869 1940 2241 2950 3021 4114 3939 5216 4809 3728 549  370  2883 994  111  1598 1041 2282 2103 2914 3279 3590 4037 3582 4411 138  4829 1866 5219 3918 101  5066 457  548  947  2188 1481 4076 2027 194  2617 1042 3203 2038 3779 3098 4397 4198 5011 
4368 1955 792  3535 3762 245  528  4205 4848 365  1408 945  2176 2457 3496 4641 4720 2961 2120 891  4360 837  380  1581 1460 2091 2540 2619 3596 3477 4660 4251 1250 5289 40   1629 670  4383 1336 537  1958 1563 2630 2721 3286 3839 2748 4237 4842 4613 942  5045 2874 2209 4808 239  18   691  1324 1213 3092 1741 5116 2311 586  2879 1522 3511 2566 4091 3646 4721 4766 
5225 2184 2945 2484 4445 4644 2527 2928 115  1116 623  1672 1365 2552 3255 4136 1449 5300 4563 3230 231  2624 1239 950  1833 2044 2301 2980 3009 4108 3993 5140 4887 3664 603  374  2979 1010 123  1606 1047 2290 2127 2930 3291 3592 4039 3684 4415 174  4835 1878 5221 3954 103  5074 461  556  953  2228 1483 4084 2029 202  2621 1046 3209 2042 3793 3106 4409 4222 5021 
4536 2035 936  3605 3816 725  624  4325 4944 371  1020 791  2024 2625 3256 5145 4264 3381 2360 2349 4370 903  460  1593 1550 2109 2620 2667 3610 3507 4628 4323 1328 5295 56   1719 682  4419 1342 543  1970 1569 2648 2733 3298 3845 2796 4247 4812 4619 978  5057 2922 2809 4814 241  20   701  1348 1217 3148 1747 5132 2333 614  2887 1538 3517 2578 4093 3662 4723 4778 
3025 3864 2915 2652 4543 4692 2575 3078 119  900  583  1710 973  2584 4305 3944 315  4712 4599 2990 357  3008 1281 1060 1887 2050 2247 3020 3051 4148 3945 5252 4893 3824 639  376  3033 1016 129  1630 1059 2294 2157 2936 3309 3598 4043 3756 4417 222  4837 1902 5245 3966 107  5090 463  578  967  2252 1487 4124 2039 206  2633 1082 3217 2062 3797 3118 4421 4226 5023 
2016 2015 1176 3895 3978 847  648  4361 1200 413  1140 799  1950 1169 3712 4389 4472 735  5032 2511 4510 897  544  1599 1580 2121 2596 2679 3604 3495 4636 4371 1424 5307 70   1737 686  4491 1358 573  1978 1623 2662 2757 3302 3849 3854 4249 4878 4627 1002 5053 2946 3481 4826 251  28   709  1388 1223 3188 1753 5156 2339 622  2897 1546 3527 2582 4099 3694 4729 4786 
4225 4158 3055 2604 4807 3840 2597 3720 133  360  649  630  1003 2850 1337 1360 1617 4736 1215 4984 459  2752 3195 1036 1917 2060 2289 3050 3081 4172 3999 5150 4899 3856 657  406  3123 1022 141  1634 1077 2314 2181 2938 3327 3614 4045 3732 4427 186  4841 1986 5249 4038 109  5118 467  596  971  2276 1489 4132 2053 214  2647 1094 3221 2066 3803 3134 4423 4258 5039 
3696 2125 924  3965 3808 1573 1920 4693 1620 427  1170 803  2070 1177 4020 1469 4880 3339 5192 1665 448  2535 532  4575 1564 2133 2650 2697 3616 3531 4676 4401 1552 5319 88   1773 710  4527 1370 579  1990 1641 2666 2787 3310 3859 2826 4265 4908 4631 1038 5063 2994 3721 4838 257  32   719  1396 1229 3236 1759 5164 2341 626  2903 1574 3529 2594 4111 3722 4733 4798 
1105 4872 3145 2508 5125 4662 2873 4620 247  480  667  1050 1007 3330 1339 4770 1649 440  4617 4774 2115 3392 3225 1078 195  2068 2337 3124 2985 4192 4017 5260 4917 4016 711  410  3141 1030 159  1670 1101 2318 2199 2954 3351 3634 4055 3798 4429 246  4843 2022 5251 4062 113  5122 479  604  977  2284 1493 4156 2063 218  2657 1114 3229 2078 3821 3142 4441 4262 5051 
4752 2185 1056 3689 3828 845  912  4901 2940 437  4760 817  2220 1159 3850 1501 3750 1763 910  2997 4624 2655 572  4635 1628 915  2656 2685 3626 3567 4708 4407 1616 729  104  1791 712  4581 1384 591  2006 1671 2674 2811 3322 3865 2868 4267 4986 4645 1074 5065 3018 4489 4854 263  44   727  1412 1231 3244 1777 5188 2347 634  2909 1594 3533 2602 4127 3734 4751 4822 
2275 2592 2261 4800 4459 4824 2645 3216 299  2310 689  1120 1027 3180 1343 4980 1651 2450 4653 3250 399  3904 3285 1148 255  2132 1965 3116 3111 4150 4011 5290 4929 4112 747  418  3177 1034 177  1688 1119 2330 2217 2984 3369 3638 4061 3804 4435 258  4847 2082 5255 4098 127  5126 487  628  983  2308 1499 4196 2069 226  2659 1126 3251 2098 3823 3158 4447 4274 5059 
3168 1015 1188 3857 1440 833  1392 4475 5022 481  3990 851  2250 1189 4180 1477 5000 3393 1190 3321 4520 957  608  4815 1612 1005 2668 2703 3620 3537 4756 4431 1648 45   128  1899 730  4689 1378 597  2008 1689 2678 2823 3346 3867 3874 4279 5028 4633 1086 5069 3054 5041 4856 269  50   733  1436 1237 3284 1783 5204 2351 662  2917 1618 3539 2606 4129 3742 4759 4834 
2975 2736 2485 2574 4669 3900 2891 3344 125  1452 697  1400 1037 3450 1351 5060 1701 640  4719 3290 429  3776 3525 1184 165  2108 2055 3146 3129 4220 4023 5324 4947 4208 801  424  3231 1048 183  1702 1137 2338 2229 3002 3387 3656 4063 3972 4439 282  4849 2094 5257 4146 131  5128 491  652  991  2348 1511 4204 2081 254  2663 1138 3253 2102 3833 3166 4451 4282 5077 
3744 1085 1224 3745 3876 1127 1320 4753 5136 395  2988 869  2430 1199 4230 1513 800  3549 2440 3483 4690 969  644  4905 1652 1065 2684 2715 3652 3621 4780 4503 1712 63   110  2007 742  4707 1390 633  2014 1707 2686 2841 3352 3869 2892 4285 5046 4661 1146 5071 3126 5329 4858 271  52   739  1468 1249 3292 1787 5212 2357 674  2927 1622 3541 2614 4133 3746 4783 4846 
1925 3312 2387 2664 4585 4836 2989 4290 161  1332 635  4716 1043 3540 1349 5070 1661 680  4797 3190 513  4288 3555 1196 285  2144 2085 3164 3165 4214 4029 1024 4953 4304 867  430  3303 1054 201  1730 1149 2344 2253 3014 3453 3658 4069 4014 4453 318  4853 2118 5263 4206 137  5134 499  668  997  2372 1523 4244 2083 262  2671 1142 3257 2122 3847 3194 4457 4286 5081 
4896 1001 4320 3619 3936 925  816  4949 4050 451  3042 815  408  1211 4350 1517 180  1769 1330 3807 4730 987  736  5025 1666 1095 2716 2727 3668 3585 4768 4395 1744 75   152  2043 754  4869 1394 669  2054 1713 2690 2859 3358 3873 3878 4295 5052 4667 1158 5089 3138 5    4866 277  68   743  1492 1259 3308 1789 5228 2371 694  2939 1642 3547 2638 4139 3754 4787 4874 
5005 3888 2639 2160 4697 5076 2675 3408 203  540  671  4572 985  858  1357 240  1673 120  1853 3320 273  4544 3735 1204 345  2204 2235 3172 3201 4228 4035 112  4965 4336 873  434  3357 1066 213  1738 1167 2354 2271 3026 3459 3670 4083 3982 4469 354  4855 2154 5267 4254 139  5138 503  692  1009 2396 1531 4252 2087 274  2677 1154 3259 2126 3851 3202 4463 4306 5087 
5184 1295 1368 3773 1800 931  1104 4525 5232 469  1350 871  378  1165 1128 1529 300  1781 330  1927 4750 999  748  5085 1694 1185 2756 2739 3650 3597 4828 4509 1808 99   130  2061 776  4923 1406 681  2056 1731 2696 2901 3368 3883 3886 4227 4094 4681 1182 5093 3246 7    4870 281  76   751  1516 1277 3316 1801 5276 2377 698  2953 1646 3557 2642 4153 3758 4789 4882 
2695 4176 2555 2784 4823 4140 3179 3248 155  1476 679  1650 1073 714  1345 1554 1679 210  1891 750  2041 4672 3975 1274 375  2236 2265 3196 3171 4232 4053 80   4983 4432 909  442  3411 1070 219  1742 1191 2378 2283 3032 3489 3682 4097 3970 4353 4234 4859 2202 5269 4314 149  5142 509  716  1013 2404 1543 4276 2089 278  2683 1174 3271 2138 3853 3214 4481 4322 5099 
2808 1309 1248 3815 3996 1183 2280 4961 5264 415  3204 889  2460 1219 1218 1535 1806 1793 510  1939 1290 2123 812  5325 1696 1245 2788 2751 3692 3615 4796 4539 2032 117  136  2097 782  5013 1414 687  2074 1761 2698 2913 3370 3891 3890 4269 4102 4461 4334 5095 3282 11   4886 283  92   757  1532 1279 3356 1811 5284 2381 706  2957 1654 3559 2654 4157 3778 4793 4894 
3325 4212 2737 2904 4795 4884 3283 4440 319  1548 655  4932 1057 3630 1387 1518 1685 1998 1841 870  2033 2010 2197 1276 465  2212 2343 3140 3219 4268 4047 176  5019 4496 927  470  3447 1090 237  1778 1203 2390 2307 3034 3513 3674 4087 3992 4359 4238 4593 4394 5287 4362 151  5144 521  722  1019 2428 1549 4348 2099 298  2687 1186 3299 2174 3863 3218 4483 4358 5101 
5148 1435 1404 3955 4056 1025 1488 5047 5200 493  3492 835  456  1207 4650 1537 1896 1765 2262 1957 1410 2147 2670 2317 1748 1335 2812 2769 3772 3633 4820 4551 2096 147  170  2151 790  5043 1426 699  2086 1779 2702 2931 3374 3893 2934 4291 4118 4467 4342 4713 4504 13   4898 293  98   761  1556 1283 3362 1823 5308 2383 718  2963 1658 3571 2722 4159 3802 4799 4918 
4025 3564 2765 2952 4865 5088 2725 3504 217  600  703  4851 995  798  1363 5310 1687 2046 1865 2418 2047 2190 2191 3030 2407 2254 2355 3212 3237 4292 4071 208  5037 4528 963  472  3501 1096 249  1784 1227 2398 2319 3058 3543 3686 4103 4044 4471 4246 4629 4402 4827 4610 5097 5146 523  724  1021 2452 1553 4364 2111 302  2689 1198 3301 2182 3877 3226 4493 4406 5107 
2376 1505 1632 3905 4128 1175 1134 4775 288  473  4830 893  462  1195 1242 1561 450  1799 2322 1943 1590 2149 2838 2291 3270 2479 2828 2781 3820 3657 4832 4521 2224 153  154  2169 806  5067 1432 717  2104 1797 2710 2949 3382 3899 3006 4303 5058 4685 4346 4737 4514 4971 4904 307  116  769  1588 1289 3412 1831 16   2389 734  2969 1678 3581 2734 4177 3814 4801 4934 
3185 4464 2849 2964 4879 5112 2825 3472 145  1692 731  1470 1079 888  1355 1566 1691 270  1883 930  2051 2370 2201 3066 2369 3486 2533 3232 3243 4316 4065 272  5055 4688 981  488  3573 1102 267  1786 1257 2410 2361 3064 3561 3688 4105 4086 4487 366  4867 4430 4839 4630 5127 5162 541  764  1031 2468 1559 4372 2113 314  2693 1202 3307 2186 3881 3238 4507 4414 5113 
3456 1463 4680 4081 2340 1421 1536 4825 252  445  3636 899  2550 1243 1272 1541 700  1807 570  1961 1770 2159 2814 2285 3288 2483 3810 2611 3718 3699 4844 4587 2192 171  182  2259 808  5121 1442 723  2110 1803 2714 2973 3406 3901 3012 4307 5094 4687 1194 5111 4526 4989 4906 311  124  773  1604 1291 3428 1847 6    2393 746  2971 1706 3583 2746 4201 3826 4813 4946 
4165 4608 3059 3120 4921 4500 3211 3584 185  1908 685  5004 1067 3660 1379 810  1703 280  1903 1230 2059 2490 2227 3102 2395 3534 2561 4026 2747 4324 4077 304  5061 4912 1017 494  3609 1106 291  1790 1263 2414 2391 3070 3579 3704 4109 4122 4499 402  4873 2238 5293 4634 5163 5174 547  772  1033 2476 1567 4388 2129 326  2699 1214 3313 2194 3889 3242 4513 4426 5119 
3432 1645 1716 4123 1980 1519 2040 5203 468  485  3468 865  546  1241 4260 1577 980  3627 1610 1963 1830 2167 2862 2305 3294 2491 3834 2641 4278 2831 4850 4611 2384 207  190  2313 814  5139 1448 753  2114 1821 2726 2991 3422 3903 3896 4309 5172 4699 1266 5105 3342 17   4910 313  148  787  1636 1297 3436 1861 8    2399 758  2999 1714 3593 2762 4211 3862 4817 4954 
4655 5328 2905 3036 5117 4860 3479 4590 259  2028 695  5202 1055 966  1391 560  3069 760  4743 3430 2071 2568 2195 3144 2413 3576 2545 4134 2761 4494 2921 496  5073 4802 1143 506  3681 1112 303  1798 1293 2422 2427 3074 3603 3706 4101 4010 4501 426  4883 2274 5299 4398 157  5154 557  788  1039 2524 1571 4412 2131 334  2707 1226 3319 2206 3907 3254 4517 4442 5147 
3672 1715 1656 3913 2400 1813 2760 5239 4400 497  3708 895  552  1205 1254 1591 1280 3717 2470 4293 4810 2173 2886 2315 3318 2489 3894 2623 4296 2839 4686 2983 2416 243  184  2367 824  5193 1462 771  2134 1839 2758 3027 3434 3909 3914 4281 4142 4705 1338 5123 3378 19   4922 317  164  797  1676 1301 3452 1867 10   2411 766  3001 1718 3607 2798 4217 3866 4831 5006 
4235 1728 2821 2640 4991 4950 3577 4920 301  660  707  216  1099 918  1385 1608 1711 520  4977 3410 483  5056 2215 3162 2419 3618 2567 4110 2743 4530 2923 4890 3043 4976 1083 518  3771 1118 309  1802 1299 2438 2433 3082 3639 3730 4117 4024 4377 4294 4885 2298 5305 4434 163  5176 563  796  1049 2564 1579 4418 2137 346  2711 1234 3323 2218 3911 3274 4519 4474 5153 
4104 1547 3960 4199 2700 2009 2970 5243 960  511  1380 901  2580 1253 1326 1555 1938 1817 2210 4779 4930 1023 884  2321 3306 2495 3912 2627 4326 2867 4710 2981 5238 3097 230  2421 826  5283 1474 789  2146 1851 2770 3039 3448 3921 3922 4287 4154 4479 4354 5129 3414 23   4926 331  172  809  1682 1303 3508 1871 14   2417 778  3011 1726 3613 2818 4219 3898 4861 5042 
5075 2112 3367 3240 5083 5220 3703 5130 287  780  721  1740 1081 3690 1393 1674 1727 390  1897 3560 621  5312 4005 1292 2429 3624 2563 4152 2759 4578 2929 4902 3035 96   3161 530  3789 1130 321  1810 1317 2456 2463 3110 3651 3736 4115 4042 4413 4298 4647 4438 5311 4458 167  5178 569  844  1051 2572 1583 4436 2141 358  2713 1238 3329 2234 3917 3314 4523 4478 5167 
4224 1729 5280 4277 3300 2023 3000 2401 3520 527  1500 913  2610 1261 4380 1589 1300 1819 690  1967 5080 1029 836  405  1804 2507 3930 2629 4344 2845 4746 2987 144  3101 204  3227 830  81   1490 807  2158 1857 2774 3057 3454 3935 3084 4313 4168 4497 4366 4749 4552 29   4936 337  188  811  1684 1307 3524 1873 22   2423 794  3019 1754 3617 2846 4229 3902 4871 5062 
4375 3264 3731 4080 637  1080 3509 5160 323  2730 713  1820 1111 3800 1397 1520 1827 920  1919 1110 2077 4096 4335 1312 435  2272 2569 4170 2771 4584 2935 5064 3047 90   3151 372  3277 1162 327  1816 1329 2482 2469 3112 3669 3766 4121 4164 4529 4310 4659 4454 4857 4642 5169 5198 571  892  1061 2588 1597 4468 2143 362  2719 1262 3331 2246 3919 3326 4547 4486 5171 
4488 1855 1824 4147 3060 1859 3780 143  3150 517  5250 943  2790 1247 4420 5313 1700 3843 2530 1981 2130 2171 868  1875 1708 1455 2848 2651 4374 2855 4758 2993 324  3103 228  3233 558  3365 1498 813  2152 1893 2776 3063 3464 3937 3114 4315 5196 4709 4376 4791 4558 5001 4942 347  212  821  1724 1319 3532 1877 26   2437 802  3023 1762 3623 2854 4231 3946 4877 5078 
1225 2496 3115 2976 5159 5100 3751 1680 341  3570 737  1860 1121 3740 3591 2000 1911 1000 4959 3880 2101 2616 2231 1316 555  2312 2373 3260 2773 4632 2933 5010 3053 108  3155 414  3287 738  3415 1826 1347 2486 2481 3122 3687 3790 4141 4188 4511 438  4897 4456 4863 4646 5199 5206 577  908  1063 2612 1601 4492 2153 382  2729 1282 3343 2258 3923 3334 4549 4502 5179 
4968 2065 1836 4015 4248 2107 3480 187  4410 533  5320 923  2820 1267 4840 5187 1100 3933 1750 4941 4970 2183 2958 2323 1862 1515 2852 2847 3836 2869 4776 3007 192  3107 276  3235 564  3353 948  3455 2162 1923 2782 3093 3470 3941 3156 4319 5268 4711 1362 5131 4568 5007 4952 349  236  823  1732 1321 3548 1879 34   2441 818  3037 1766 3631 2858 4241 3958 4889 5086 
385  3648 3157 3096 5035 5256 3757 1260 377  3080 1989 1540 1139 3870 1403 2320 1953 1160 5031 3710 561  140  2249 3090 2449 2324 2379 3268 3333 4384 2941 5106 3065 126  3173 444  3295 774  3409 1098 3521 2488 2487 3130 3693 3782 4135 4194 4531 474  4891 2334 5315 4654 5223 5210 587  916  1069 2636 1607 4516 2161 386  2731 1286 3347 2302 3929 3338 4561 4534 5189 
4992 1771 3600 4301 3822 1075 1232 221  840  551  2800 2223 3200 1271 4740 1603 1900 4059 2030 1089 5110 1107 490  2327 3336 2497 2740 2829 3796 3729 4876 2995 1458 3113 234  3239 636  3377 954  3443 1284 3595 2786 3099 3478 3949 3174 4321 5274 4717 1374 5137 3426 31   4958 353  242  827  1756 1327 3628 1889 38   2447 838  3041 1774 3637 2866 4243 3974 4903 5098 
595  2304 3289 5040 2057 4956 3125 3726 403  4480 3861 1960 1881 4000 1411 1840 2331 1240 5247 3770 627  160  1353 1150 2443 3666 2573 3296 3297 4448 4089 368  3071 150  3193 486  3293 804  3419 1164 3523 1524 3649 3154 3711 3794 4145 4236 4535 498  4907 2382 5317 4506 173  5222 593  932  1087 2644 1609 4604 2179 394  2741 1294 3359 2306 3931 3386 4567 4538 5197 
5016 2093 2880 4433 2520 2299 1456 4805 396  559  3920 1287 3220 2871 4940 5103 2300 4131 2170 2601 5240 1113 580  1647 1660 2501 3942 2653 3860 3723 4972 4605 2512 3127 294  3247 708  3379 996  3473 1308 3599 1746 3695 3502 3953 3222 4331 5316 4727 1398 5141 3462 37   4938 359  244  829  1772 1361 3644 1901 46   2459 842  3049 1814 3643 2878 4253 3986 4909 5102 
455  4356 3451 4560 5291 3360 3971 3536 205  2124 779  2380 2673 4340 3267 2480 2499 1430 1377 4030 609  200  1407 1180 1971 2140 2581 4182 2779 4444 4137 464  5109 5008 3197 492  3305 846  3421 1206 3545 1572 3653 1926 3781 2358 4151 4302 4537 534  4913 2406 5321 4542 179  5224 599  956  1091 2692 1613 4612 2203 398  2749 1306 3361 2326 3943 3394 4583 4546 5209 
1584 2135 1944 4403 3420 2783 4200 209  588  505  3852 949  3040 3159 4960 693  2900 4221 2750 441  5170 1131 550  1653 1690 2139 2780 2681 4386 2863 4964 4623 2608 261  238  3263 666  3383 1014 3487 1314 3601 1788 3713 2148 3959 3228 4333 48   4735 1434 5143 3522 41   4962 367  268  839  1796 1367 3676 1907 58   2467 862  3061 1822 3659 2894 4259 3994 4919 5114 
665  4416 3245 3132 539  1560 4477 2100 391  2178 745  168  1133 4060 3663 2560 2541 1480 5229 3910 651  220  1431 1210 2001 2150 2397 3340 2807 4602 2947 512  5133 5072 1179 536  3317 852  3427 1212 3551 1602 3661 1956 3785 2364 4163 4308 4541 582  4915 2454 5327 4614 181  5230 601  964  1093 2708 1619 4652 2207 422  2753 1318 3371 2342 3947 3398 4591 4562 5227 
5304 2233 2052 3995 4392 2303 3510 253  1890 589  3924 905  696  1273 5120 819  3100 4257 2680 1521 400  1161 620  1659 1780 2163 2888 2877 3916 2881 4794 3005 2672 279  232  2439 854  3385 1062 3493 1356 3611 1812 3715 2166 3961 3252 4343 162  4739 1446 5149 3558 43   4966 373  284  853  1828 1373 3698 1913 62   2473 866  3067 1838 3671 2902 4261 3998 4931 5158 
805  1296 3311 3348 5015 5244 3871 720  407  3640 781  312  1115 984  1417 2960 2583 1880 5301 4040 663  224  1419 1220 1947 2180 2403 3350 3363 4396 2951 5214 3073 5296 1233 568  3879 1166 3431 1236 3563 1644 3665 1962 3787 2388 4169 4338 4553 606  4927 2514 25   4566 193  5246 607  1004 1097 2732 1621 4684 2213 446  2767 1322 3373 2362 3967 3418 4597 4574 5231 
1872 2255 2088 4085 3906 1325 1776 77   4160 5049 2240 979  702  1255 1302 1633 2420 4263 2840 3249 2500 1173 650  1743 1850 2187 2842 2889 3892 3741 5012 3013 60   3131 250  2493 856  15   1526 3497 1422 3629 1818 3743 2172 3973 3258 4351 36   4741 1506 5155 3594 47   4974 379  292  857  1844 1381 3716 1931 74   2477 878  3079 1858 3673 2906 4271 4006 4933 5182 
875  864  3355 2646 5135 4998 3175 3792 329  2080 1683 2660 1147 1026 1405 1722 1717 1640 567  4070 741  308  1479 1340 2013 2260 2409 3404 3345 4484 4155 592  3077 132  3199 584  3897 1178 339  1832 3569 1668 3667 2004 3791 2502 4171 4404 4555 618  4939 2526 49   4638 191  5254 613  1028 1103 2738 1627 4724 2221 454  2777 1346 3389 2374 3989 3442 4603 4586 5233 
2448 2345 2208 4345 3948 1475 1782 4925 612  553  2600 2277 3400 1313 1416 1565 1914 1829 2920 4761 5270 1269 740  1677 1876 2193 2884 2865 3956 3753 4988 4665 2768 3133 306  3241 872  21   1510 831  2168 3635 1854 3737 2286 3977 3324 4367 24   4747 1542 5161 3606 53   4978 383  316  859  1852 1399 3748 1933 82   2503 886  3083 1874 3677 2918 4273 4022 4937 5186 
715  1152 3395 3384 5185 5082 3275 3952 215  2196 749  2720 2079 4600 1441 1704 1735 2058 1909 4120 759  260  1491 1364 615  2332 2445 3424 3399 4450 4161 656  5151 100  3223 516  3337 1192 381  1834 1371 2494 3679 2034 3799 2466 4181 4476 4559 642  4955 2586 121  4658 5241 5258 617  1052 1109 2764 1637 4748 2237 458  2789 1354 3391 2386 4001 3446 4621 4594 5237 
3528 2365 2232 4255 4004 1445 1968 4975 684  515  4068 917  3680 3003 1600 1631 1992 1795 2226 1969 320  1221 820  1809 1888 1545 2924 2895 4012 3759 5020 4671 2864 333  248  3265 726  3397 1528 843  2198 1929 2792 3749 2292 3979 3372 4369 30   4757 1578 5165 3642 59   4982 389  332  863  1868 1409 3764 1949 86   2521 898  3089 1882 3691 2942 4283 4034 4943 5218 
935  4914 3335 2912 3825 5096 3425 3984 235  2412 755  264  1141 4640 3927 3280 1739 2136 1895 2424 2117 340  1443 1372 645  2336 2505 3476 3405 4532 4173 688  5157 196  1251 574  3341 876  3437 1846 1383 2504 2517 3170 3809 2532 4183 4518 4571 654  4963 2598 169  4670 5259 5272 619  1058 1117 2804 1657 4772 2239 466  2791 1366 3407 2402 4003 3466 4637 4618 5261 
3276 2375 1092 4465 4312 4275 1904 5275 768  535  3724 955  594  1333 1040 1071 3380 1837 2328 1945 2478 2189 850  1749 1924 1605 2948 2919 4028 3765 5024 4683 2896 363  266  2523 874  3403 1068 3503 2216 1941 2794 3117 3490 3983 3396 4379 54   4763 1614 5173 3678 61   4990 397  338  877  1916 1423 3788 1951 94   2531 914  3109 1894 3697 2962 4289 4054 4951 5234 
1045 5208 3485 2898 325  5152 4455 4144 265  2548 2805 896  1135 1122 1457 3440 2793 1720 1921 2442 2005 2622 2219 1352 705  2356 2553 3460 3417 4564 4191 752  5181 256  1341 590  3951 1208 3439 1278 3587 2506 2559 3176 3747 3806 4187 4548 4573 678  4979 2634 289  4696 5277 5282 631  1076 1123 2836 1663 4804 2243 478  2797 1382 3413 2426 4007 3482 4639 4622 5273 
4284 2405 1386 4355 4092 1525 2128 2475 1568 1485 4508 2145 1624 1285 1464 1639 3700 4437 2590 2021 2562 2105 3048 2329 1892 1635 2996 2937 3940 3783 5050 4731 3056 369  286  2529 890  27   1534 3505 1494 3641 2806 3147 3512 3957 3926 4385 42   4765 1626 5177 3702 67   4994 401  356  881  1922 1427 3812 1973 106  2539 922  3119 1906 3701 2966 4297 4058 4957 5242 
1235 1008 3445 3108 425  5166 3475 4592 5175 3328 3135 952  3705 2408 1415 1752 1751 770  1053 4130 2119 2706 2245 3186 2435 2366 2451 3484 3423 4460 4179 848  5205 484  1359 598  3987 1222 393  1864 3589 1734 3683 3178 3777 3818 4119 4066 4577 762  4981 2658 361  4706 9    5288 641  1084 1129 2876 1667 4852 2251 482  2801 1402 3433 2434 4013 3494 4643 4666 5279 
2772 2465 1596 4495 4116 1675 2064 625  1792 2295 4732 3795 2072 4485 2618 1585 1974 1843 2870 297  1088 2155 2982 2335 3354 2515 3038 2943 3950 3801 5044 4695 3088 387  290  2547 902  51   1544 849  2222 3647 1884 3755 3514 3963 3928 4299 4184 4769 1662 5183 3714 71   5002 409  388  883  1948 1429 3868 1979 118  2543 926  3121 1934 3709 2974 4327 4078 4967 5266 
1495 2268 3565 3234 475  5124 3725 4048 1755 3388 3105 1064 4125 2632 4875 2926 1745 2214 1937 4250 777  352  2257 3198 2453 3738 2587 3550 3429 4540 4209 944  5217 676  1413 602  4041 1246 411  1886 1389 2510 3707 2076 3805 3832 4143 4072 4443 4318 4985 2694 529  4718 3    5302 643  1108 1151 2908 1669 4868 2267 502  2803 1418 3449 2446 4019 3506 4649 4678 5281 
4704 2431 2394 4505 4428 1775 2106 35   2816 2565 616  3315 2296 4785 2968 3645 3458 1835 2346 1991 832  2745 928  2359 3390 2509 4002 2669 3980 3813 5054 4755 3152 423  296  2637 904  33   1558 879  2230 1959 2810 3763 2316 3985 3934 4317 4190 4533 4378 5191 3786 73   5014 419  404  887  1964 1433 3884 1987 122  2549 934  3137 1942 3719 2978 4337 4106 4969 5294 
1265 2352 3625 3402 275  3072 3775 4272 295  3332 3375 1288 4185 2744 5115 3304 675  3976 1915 2472 2045 364  4365 1376 2461 3768 2603 4242 2813 4556 4215 976  5211 1156 1467 610  4107 1256 417  1898 1401 2522 2571 3182 3817 2676 4189 4082 4449 4328 4677 4462 841  4722 197  5262 647  1124 1153 2932 1693 4892 2269 514  2819 1438 3457 2458 4021 3518 4651 4682 5297 
4788 2585 1428 4565 4256 1825 2256 55   828  545  728  3915 2002 4995 3094 495  3752 825  4186 1985 2538 2165 968  225  1952 2513 4008 2701 4422 2885 5068 4773 3184 477  310  2763 938  39   1562 921  2242 1977 2822 3153 3526 3991 3438 4387 4202 4569 4382 4803 4570 79   5018 421  412  907  1996 1439 3908 1993 134  2551 958  3163 1954 3727 2986 4339 4126 4973 5314 
1375 1344 3515 3444 575  5236 3887 4656 305  2556 785  1736 4845 2728 2025 3416 765  4088 1275 5278 2095 2712 2263 1484 885  2444 2599 4266 2785 4674 2959 1072 5235 1444 1503 632  4113 1258 447  1910 1437 2534 2577 3206 3811 2682 4193 4596 4579 4330 4701 4490 4881 4726 199  5286 653  1132 1163 2956 1697 4916 2273 526  2833 1454 3461 2462 4027 3554 4657 4694 5303 
5292 2635 1638 4625 4446 1975 2544 65   882  565  4332 965  2392 3045 3608 585  3542 975  4466 1725 704  2177 2910 2353 1972 1695 3052 2705 4482 2893 4806 3017 3376 507  322  2799 946  57   1570 933  2248 1983 2824 3183 3530 3997 3474 4381 66   4771 4390 4821 4582 5079 5026 431  428  911  2012 1447 3932 1997 142  2557 974  3167 1966 3733 2998 4349 4138 4987 5318 
1595 1764 3553 3588 5215 576  3925 4698 335  2628 763  384  1145 3128 4515 3968 855  4424 1395 784  2175 416  2279 3210 2471 2516 2595 3488 2815 4728 2965 5226 3085 2116 1557 638  4149 1270 453  1912 1461 2536 2589 3208 3827 2718 4195 4626 4589 786  4997 4498 4911 4738 211  5298 659  1172 1171 2972 1699 4924 2281 538  2837 1466 3463 2474 4049 3566 4663 4702 5309 
1512 2665 1932 4895 4512 1805 2288 85   972  581  1530 959  744  1315 3848 4935 4664 1035 4522 1815 1216 2775 988  2363 3498 2537 3104 2955 4018 2899 4818 3031 72   3139 328  2817 962  69   1576 939  2264 2019 2830 3189 3538 4009 3516 4393 102  4781 1686 5195 4616 5091 5030 433  436  919  2036 1451 3964 1999 146  2579 982  3169 1982 3739 3022 4357 4162 4993 5326 
1615 4928 3655 3552 5285 2916 4067 4784 343  990  767  1760 1157 1032 1465 4216 525  4862 1305 2704 2325 392  4425 1504 2455 3774 2605 3556 3435 4588 2977 5190 3091 156  3205 646  4167 1298 471  1918 1473 2542 2631 3262 3831 3830 4207 4668 4595 822  5017 2742 961  4744 223  5306 661  1228 1181 3004 1709 4948 2287 542  2843 1478 3467 2498 4051 3574 4673 4714 5323 
1848 2755 2464 4615 4554 2075 2754 95   1044 611  4900 2691 3500 1331 1482 1655 4408 1125 4648 1845 1472 3015 992  105  2048 2519 4074 2735 4046 3819 5084 3029 84   3149 342  3269 970  87   1582 951  2266 2031 2834 3207 3544 3981 3938 4399 78   4777 1698 5201 3846 83   5034 439  452  929  2084 1453 3988 2003 158  2591 998  3181 1994 3761 3046 4363 4166 4999 4    
1625 504  3835 3366 175  432  4075 4816 355  2844 793  2200 2907 4550 1507 1794 1757 4888 1425 1936 2385 476  4545 1508 795  2492 2615 4218 2827 4580 4233 1136 3095 198  3215 522  3349 1304 501  1928 1497 2546 2643 3266 3829 3838 4197 4090 4601 834  5027 2766 1369 4782 227  5322 673  1244 1187 3028 1721 4996 2293 554  2851 1486 3469 2518 4057 3578 4679 4742 1    
2688 2717 2142 4715 4524 2225 2576 2925 2156 629  420  989  2860 3519 5180 1643 4100 4473 5248 1935 1856 3075 1012 135  1988 1905 3068 2723 4470 2911 5092 4767 3568 3143 348  3281 732  3401 1586 993  2270 2049 2872 3261 3562 4031 3962 4341 4210 4811 1758 5207 3858 89   5038 443  508  937  2092 1459 4036 2011 166  2593 1006 3187 2018 3767 3062 4373 4174 5003 2    
