4368 1705 504  3875 3402 275  5152 2475 3584 2565 3388 4845 2002 1035 3256 4305 4712 2745 4624 5025 4096 435  884  1335 2044 2619 3124 3567 4268 4431 5372 45   3856 2043 410  4869 1034 543  1670 1563 2330 2733 3014 3385 666  3809 2166 4189 4122 4579 282  4981 1878 5359 3786 107  5178 499  652  1009 2372 1543 4252 2099 262  2689 1154 3307 2138 3889 3218 4517 4406 5153 
4675 2184 2755 2244 4625 4256 4455 1904 5445 1792 3705 1288 675  2584 2415 3968 735  5336 3975 2752 225  572  915  1484 2139 2596 3081 3652 4035 4828 5055 1328 867  70   3357 686  159  1384 1047 1990 2127 2686 3199 156  3599 1314 4031 3114 4385 5058 4769 1038 5177 2778 3481 4854 271  50   743  1468 1277 3308 1811 5276 2383 694  2969 1646 3583 2654 4211 3802 4831 4934 
4032 1955 4928 3965 3444 325  3136 2925 4144 2805 4508 4875 2024 1365 3608 4515 4736 3015 448  5085 224  465  968  1455 2048 2667 3140 3621 4292 4587 5396 63   4016 2061 418  4923 1048 573  1688 1569 2338 2757 3026 3397 726  3811 2172 4193 4164 4589 318  4985 1902 5363 3846 109  5198 503  668  1013 2396 1549 4276 2111 274  2693 1174 3313 2174 3907 3226 4519 4414 5167 
3575 2688 2795 2394 4745 4312 5265 2128 1485 2548 3915 952  585  2728 2625 4136 1911 1936 4005 3008 135  608  1005 1504 2121 2650 3111 3668 4065 4844 5109 1424 873  88   3411 730  141  1378 1059 2008 2157 2690 3207 3322 3601 1356 4009 3156 4387 5094 4771 1074 5183 2802 3721 4866 277  52   751  1492 1279 3316 1823 5284 2389 698  2971 1654 3593 2722 4217 3814 4861 4946 
3024 1885 672  3905 3612 425  1232 3825 3952 3375 3872 4995 2176 1995 3712 5145 5032 3075 704  5325 308  555  988  1515 2068 2697 3146 3585 4316 4551 5404 75   4112 2097 424  5013 1054 579  1702 1623 2344 2787 3032 3387 3478 3817 2286 4195 4188 4595 354  4997 1986 5371 3858 113  5206 509  692  1019 2404 1553 4348 2113 278  2699 1186 3319 2182 3911 3238 4523 4426 5171 
5225 2856 2875 2436 4715 4452 1805 2288 4725 5456 5355 1144 3675 2944 3255 4264 1935 4648 4335 3392 195  644  1065 1508 2163 2656 3129 3692 4053 4850 5073 1552 909  104  3447 742  177  1390 1077 2014 2181 2696 3205 3346 3603 3614 4033 3174 4399 5172 4777 1086 5191 2874 4489 4926 281  68   757  1516 1283 3356 1831 5308 2393 706  2999 1658 3607 2734 4219 3826 4871 4954 
4536 2015 756  3995 3654 475  5236 4275 4048 4095 4864 1575 1976 1155 3496 4935 4862 2775 832  5415 352  615  992  1545 2108 2679 3172 3615 4324 4611 5420 99   4208 2151 430  5043 1070 591  1730 1641 2354 2811 3034 3401 3490 3777 3766 4213 4194 4601 366  5017 2022 5377 3882 127  5210 523  716  1021 2428 1559 4364 2129 298  2707 1198 3323 2186 3917 3242 4547 4442 5179 
3025 3192 2915 2484 4895 4524 1825 2576 1755 2816 2835 1496 945  3016 3885 4216 2115 4774 4365 3776 105  736  1095 1564 2187 2668 3165 3718 4077 4964 5061 1616 927  110  3501 754  183  1394 1101 2054 2199 2698 3215 198  3611 3638 3909 3886 4393 5196 4781 1146 5195 2922 5041 4938 283  76   761  1532 1289 3362 1847 5444 2399 718  3001 1678 3613 2746 4229 3862 4877 5006 
2016 2035 1092 4015 3808 575  5412 3775 4592 3315 1408 2205 2392 1785 3784 5103 5192 3195 1088 5475 416  645  1012 1605 2132 2685 3164 3657 4384 4605 5428 117  4304 2169 434  5067 1066 597  1738 1671 2378 2823 3058 3403 732  3827 3782 4143 4010 4607 402  5027 2082 5383 3918 131  5222 521  722  1031 2452 1567 4372 2131 302  2711 1202 3329 2194 3919 3254 4549 4474 5189 
4225 3864 2945 2646 4945 4576 1975 1782 5275 2156 4185 1664 3465 3224 3045 4472 2175 4984 4425 3904 165  812  1185 1612 2193 2684 3219 3796 4071 4972 5151 1648 963  128  3573 776  201  1406 1119 2056 2217 2702 3233 150  3629 1422 4037 3890 4317 4168 4811 1158 5201 2946 5329 4952 293  92   769  1556 1291 3412 1861 5468 2411 734  3011 1706 3617 2762 4231 3866 4889 5042 
3696 2125 792  4085 3816 245  3072 3925 3726 205  4732 5049 2432 2079 3848 315  4888 3225 1216 405  364  705  1036 1635 2144 2703 3212 3633 4444 4623 5450 147  4336 2259 442  5121 1090 633  1742 1689 2390 2841 3064 3409 738  3829 2292 4207 4024 4449 4328 5029 2094 5389 3954 137  5224 541  724  1033 2468 1571 4388 2137 314  2713 1214 3331 2206 3923 3274 4561 4478 5197 
1105 1848 3055 2464 5015 4554 2075 1968 625  5424 445  1064 495  3128 3591 4664 2325 5278 4545 4288 255  836  1245 1628 2235 2716 3237 3772 4089 5012 5133 1712 981  130  3609 782  213  1414 1137 2074 2229 2710 3223 204  3635 1494 4039 3222 4405 4184 4593 4402 5207 2994 5    4958 307  98   773  1588 1297 3428 1867 16   2417 746  3019 1714 3623 2798 4241 3898 4903 5062 
4752 2185 924  4199 3828 637  576  3971 3792 215  1116 695  2072 975  3944 525  5248 3285 1472 1875 392  795  1078 1677 2204 2715 3196 3699 4396 4665 1024 153  4432 2313 470  5139 1096 669  1778 1707 2398 2859 3070 3419 774  3839 2316 4223 4236 4609 4330 4737 4558 5401 3966 139  5230 547  764  1039 2476 1579 4412 2141 326  2719 1226 3343 2218 3929 3314 4567 4486 5209 
2275 2592 3145 2604 5035 4692 2225 2064 35   288  485  2412 895  2632 1395 4408 2331 5434 4575 4544 285  748  1269 1460 2211 2756 3171 3820 4161 4876 5157 1744 1017 136  3681 790  219  1426 1149 2086 2253 2714 3227 228  3641 1524 4043 3228 4411 5268 4819 4430 4857 4670 7    4962 311  116  787  1604 1301 3436 1871 6    2423 758  3023 1718 3631 2818 4243 3902 4909 5078 
3168 1015 1056 4255 3822 605  5418 4075 3984 235  1332 707  3708 1037 3304 1725 5368 3525 1856 3321 476  885  1148 1767 2050 2727 3260 3723 4448 4671 5452 171  4496 2367 472  5193 1102 681  1784 1713 2410 2901 3074 3415 804  3841 2358 4237 4302 4613 426  5033 4568 5007 4838 149  5246 557  772  1049 2524 1583 4418 2143 334  2729 1234 3347 2234 3931 3326 4583 4502 5227 
2975 2736 2485 2508 5125 4662 2425 2106 55   252  505  2556 889  3540 1177 3752 2385 5432 4635 4672 345  868  1311 1580 2241 2740 3201 3836 4155 4988 5181 1808 1083 154  3771 806  237  1432 1167 2104 2271 2726 3235 234  3647 1572 4045 3252 4415 5274 4829 1182 5213 4696 5199 4966 313  124  797  1636 1303 3452 1873 8    2437 766  3037 1726 3637 2846 4253 3946 4919 5086 
3744 1085 1188 3395 3762 725  2916 4067 4272 265  1452 721  2790 1043 4380 1313 4424 3735 1984 3483 532  897  940  1809 2060 2739 3232 3729 4484 4683 80   207  4528 2421 488  5283 1112 687  1786 1731 2414 2913 3082 3421 846  3845 2364 4247 4308 4619 438  5045 2118 5411 4856 5361 5254 563  788  1051 2564 1597 4436 2153 346  2731 1238 3359 2246 3943 3334 4591 4534 5231 
1925 3312 2555 2574 4669 4824 2303 5130 119  396  511  2430 901  3630 1169 240  1391 5474 4815 5056 375  928  1281 1550 2247 2780 3243 3860 4137 5020 5211 2032 1179 152  3789 808  249  1442 1191 2110 2283 2758 3239 276  3649 1644 4055 3258 4417 5316 4835 1194 5219 3018 11   4978 317  148  809  1676 1307 3508 1877 10   2441 778  3041 1754 3643 2854 4259 3958 4931 5098 
4896 1001 1224 3535 3876 539  2280 4361 480  343  1860 737  2660 1073 4650 1331 300  1469 2368 3807 544  777  950  1833 2150 2751 3268 3753 4450 4731 112  243  4688 2439 494  5337 1106 699  1790 1761 2422 2931 3110 3431 852  3859 2388 4249 4338 4627 474  5053 2154 5429 4038 151  5258 569  796  1061 2572 1601 4468 2161 358  2741 1262 3361 2258 3947 3338 4597 4538 5233 
5005 3888 2387 2652 4543 4500 2597 720  133  1500 553  2460 899  3660 1189 810  1393 120  1589 3190 273  320  1353 1652 2337 2848 3297 3916 4173 5024 5205 2096 1143 170  3879 814  267  1448 1203 2114 2307 2770 3241 306  3653 1602 4061 3324 4427 5388 4837 1266 5221 3054 13   4974 331  164  811  1682 1319 3524 1879 14   2447 794  3049 1762 3659 2858 4261 3974 4933 5102 
5472 1295 1248 3605 3936 833  2760 4477 540  371  2070 749  2820 1057 4740 1333 450  1477 330  1673 4280 861  1060 1887 2140 2769 3296 3741 4460 4767 176  261  4802 2493 506  5391 1118 717  1798 1779 2438 2949 3112 3427 876  3865 2466 4265 4404 4631 498  5057 2202 5435 4062 157  5262 571  844  1063 2588 1607 4492 2179 362  2749 1282 3371 2302 3967 3386 4603 4546 5237 
2695 4176 2737 2664 4697 4860 2527 1200 161  1530 581  2550 913  3690 1199 2560 1397 270  1591 870  1757 160  1407 1660 2289 2788 3333 3892 4191 5044 5217 2192 1251 182  3897 824  291  1462 1227 2134 2319 2774 3247 294  3665 1668 4063 3372 4429 48   4841 1338 5245 3126 17   4982 337  172  821  1684 1321 3532 1889 22   2459 802  3061 1766 3671 2866 4271 3986 4937 5114 
5184 1309 4320 3619 1800 847  3000 4753 600  403  2200 763  2850 1067 4770 1337 1900 1507 510  1679 1290 1829 1150 1869 2236 2781 3340 3783 4540 4773 208  279  4912 2523 518  5409 1130 723  1802 1797 2456 2973 3122 3439 948  3869 2502 4267 4476 4633 534  5063 2238 5447 4098 163  5272 577  892  1069 2612 1609 4516 2203 382  2753 1286 3373 2306 3989 3394 4621 4562 5261 
3185 4464 2639 4800 4823 5100 2891 1620 187  840  589  2580 917  3870 1207 2960 2499 760  1603 930  1769 1590 1897 1690 2343 2812 3399 3940 4179 5050 5253 2224 1233 184  3951 826  303  1474 1257 2146 2361 2776 3261 3352 3661 1734 4069 3396 4435 162  4843 1362 5249 3138 19   4990 347  188  823  1724 1327 3548 1901 26   2467 818  3067 1774 3673 2878 4273 3994 4943 5158 
2376 1435 1368 3731 1980 931  2970 4901 2100 407  3640 779  2860 1081 4980 1339 2300 3843 2210 1687 1326 1837 1770 1943 2180 2829 3350 3759 4532 4809 304  333  4976 2529 530  5463 1162 753  1810 1803 2482 2991 3130 3437 954  3883 2532 4279 4518 4645 582  5065 2274 5455 4146 167  5282 587  908  1087 2636 1613 4604 2207 386  2767 1294 3389 2326 4001 3398 4637 4574 5273 
3325 3564 2765 2784 4879 3300 2989 4050 247  1890 583  4900 2907 3850 1219 5390 4131 920  4959 3250 1763 1566 1909 1974 2033 2828 3363 3950 4209 5084 5235 2384 1359 190  3987 830  309  1490 1263 2152 2391 2782 3269 342  3679 1746 4087 3438 4439 36   4847 1374 5251 3246 23   4994 349  212  827  1732 1361 3628 1907 34   2473 838  3079 1814 3677 2894 4283 3998 4951 5182 
5148 1505 1404 3745 3996 1127 3480 4949 660  437  4480 1287 3200 3159 5180 3627 700  4329 1750 4293 4360 1841 1830 1963 2190 2119 3404 3801 4556 4695 272  363  5008 2547 536  81   1166 771  1816 1821 2486 3027 3154 3443 996  3893 2676 4285 4548 4661 606  5069 2298 5459 4206 173  5286 593  916  1091 2644 1619 4612 2213 394  2777 1306 3391 2342 4003 3418 4639 4586 5279 
4025 4212 2849 2952 4795 4836 3179 5200 203  1650 611  1120 2277 4340 3393 3280 4257 280  5031 3230 483  200  1919 1998 2041 2370 2171 3956 4215 5054 5289 2416 1341 230  4041 854  321  1510 1293 2158 2427 2786 3263 348  3667 1788 4097 3474 4453 24   4849 1398 5255 3282 29   5002 353  236  829  1756 1367 3644 1913 38   2477 842  3083 1822 3691 2902 4289 4006 4957 5186 
2808 1463 4680 3773 3978 925  336  4961 780  413  2220 767  2380 3267 1600 693  2900 4563 1330 4779 4510 903  1180 1967 2214 2117 2490 2219 4588 4755 368  369  5072 2637 568  15   1178 789  1826 1839 2488 3039 3170 3473 1014 3899 2682 4291 4596 4667 618  5071 2334 5461 4254 179  5288 599  932  1093 2692 1621 4652 2221 398  2789 1318 3407 2362 4007 3442 4643 4594 5281 
4165 4608 3059 2160 4921 5076 2525 2256 217  1710 623  2610 923  4600 4389 3440 2541 1000 5247 3290 459  220  1431 1748 2045 2418 2173 2712 2285 5068 5295 2512 1467 232  4107 856  327  1498 1299 2162 2433 2792 3273 3368 3683 1812 4103 3516 4469 30   4853 1434 5257 3342 31   5014 359  242  839  1772 1373 3676 1931 46   2503 862  3089 1838 3697 2906 4297 4022 4967 5218 
3432 1645 1632 3857 2340 1421 432  4175 4656 427  2080 781  3180 1079 1360 819  3100 4221 2360 4941 4370 987  1184 1695 2212 2105 2562 2215 2958 2369 464  387  5296 2763 574  27   1192 807  1832 1851 2494 3057 3176 3453 3502 3901 2718 4295 4626 4681 642  5089 2382 5465 4314 181  5298 601  956  1097 2708 1627 4684 2237 422  2791 1322 3413 2374 4013 3446 4649 4618 5297 
4655 5328 2821 2640 4991 4950 3211 2544 65   612  649  420  943  4020 1211 3760 2583 1160 5229 3410 357  260  1419 1666 2265 2842 2183 2814 2305 3162 2453 2608 1413 238  4113 872  339  1526 1317 2168 2463 2794 3265 3358 3639 3634 4105 3546 4471 42   4855 1446 5263 3378 37   5018 367  244  853  1796 1381 3698 1933 58   2521 866  3109 1858 3701 2918 4327 4034 4969 5234 
3456 1547 3960 3913 2400 1183 3720 5047 4698 295  1476 793  3330 1099 5060 1071 2420 4473 2440 5427 4520 957  1196 1905 2254 2847 3424 2231 3048 2395 3306 2497 5392 2799 584  21   1208 813  1834 1857 2504 3063 3178 3455 3512 3831 3794 4303 4668 4685 654  5093 2406 5473 4362 191  5302 607  964  1103 2732 1637 4724 2239 446  2797 1346 3433 2386 4019 3466 4651 4622 5303 
4235 1728 3367 3240 5083 5220 3283 4400 259  468  515  2628 959  4180 4641 4240 2709 1240 5439 3320 399  340  1491 1696 2301 2852 3345 4012 2315 3186 2455 3534 2563 248  4149 874  381  1528 1329 2198 2469 2806 3277 372  3695 3656 3921 3896 4487 54   4859 1506 5267 3414 41   5026 373  268  857  1828 1399 3716 1949 62   2531 878  3119 1874 3709 2942 4337 4054 4973 5242 
3672 1715 1656 4081 2700 1519 3510 5243 990  469  1548 745  3852 1139 880  1197 3380 4263 2470 441  4730 999  1210 1917 2260 2877 3476 3765 4564 2363 3318 2507 3774 2615 598  33   1222 831  1846 1893 2506 3093 3182 3487 1062 3935 3806 4197 4042 4699 786  5095 2454 25   4398 193  5306 613  1004 1109 2738 1657 4748 2243 454  2801 1354 3449 2402 4021 3482 4657 4666 5309 
5075 2112 2905 2964 5117 1080 3479 960  287  1740 629  2844 905  5004 1241 4720 2793 1430 567  3560 513  140  1443 1694 2379 2888 3405 4018 4233 5092 2461 3576 2569 4002 2705 904  393  1534 1347 2216 2481 2810 3279 3370 3713 1818 4109 3914 4341 4190 4867 1542 5269 3426 43   5030 383  284  859  1844 1409 3748 1951 74   2539 886  3121 1882 3719 2962 4339 4058 4987 5266 
4104 1855 1716 3815 4056 1813 4290 5341 1020 451  4830 799  3924 1055 264  1343 3700 4437 2530 1521 4690 969  1204 1965 2272 2865 3484 3855 4598 4833 496  2509 3810 2623 4182 2785 1246 843  1864 1923 2510 3099 3206 3459 3514 3937 2724 4307 4066 4461 4334 5105 2514 49   4434 197  5322 617  1028 1117 2764 1663 4772 2251 458  2803 1366 3457 2426 4027 3494 4663 4678 5323 
5425 2496 3115 2904 4865 5088 3577 3520 299  3570 671  630  949  5202 1165 456  1403 770  5301 3430 561  350  1479 1708 2355 2884 3429 4028 4239 5140 5271 2672 2567 4008 2723 4344 2867 1544 1371 2222 2487 2822 3287 3374 3651 3670 4117 3582 4499 4210 4629 4438 5287 3462 47   5034 379  292  863  1852 1423 3764 1973 82   2543 898  3137 1894 3727 2966 4349 4078 4993 5294 
4224 2065 1824 3955 4092 845  528  5239 2940 473  4760 803  3220 1111 312  1285 714  1517 2030 1089 4750 1023 1220 1947 2312 2889 3460 3813 4580 4887 512  423  100  2627 4170 2807 4470 2933 1886 1929 2522 3113 1458 3497 3526 3837 3790 4309 4734 4687 4342 4749 4570 121  4458 199  5338 619  1052 1123 2804 1667 4804 2267 466  2819 1382 3461 2434 4049 3506 4673 4682 5333 
4375 3264 3157 2976 5135 4884 2575 2754 253  5460 667  1050 979  4230 1243 546  1385 966  1639 3710 621  380  1533 1780 2373 2890 3423 3980 4251 5150 5307 2768 1503 250  2743 4374 2869 4686 2983 2230 2517 2824 3281 414  3707 3658 3957 3922 4501 66   4883 4454 4863 4706 53   5038 389  316  877  1868 1427 3788 1979 86   2549 914  3163 1906 3733 2974 4357 4106 4999 5314 
4488 1729 5400 4147 3906 1025 624  4205 4816 493  5250 817  3400 1121 5070 1349 744  1513 570  1703 4930 1029 1276 1971 2332 2919 3488 3819 4606 4899 592  477  196  2817 590  2813 4494 2935 4806 3029 2534 3117 3208 3493 1068 3941 3818 4227 4072 4705 678  5111 4582 5079 4858 5367 5362 631  1058 1129 2836 1669 4852 2269 478  2833 1402 3463 2446 4051 3518 4679 4694 5347 
1225 4416 3311 4080 5291 4956 2645 2832 85   588  689  1400 2673 4420 1247 3750 1411 210  1633 1110 1781 460  1581 1804 2397 2948 3435 4046 4245 5194 5319 2864 1557 266  4167 890  2881 4728 2987 5106 3085 2834 3291 3382 3715 1854 4115 3926 4353 4202 4885 1578 5299 4726 5223 5048 397  332  881  1916 1429 3812 1987 94   2551 922  3167 1934 3739 2978 4363 4126 5003 5318 
4968 2135 1836 4123 3060 1859 648  4325 4784 305  1692 851  3500 3663 560  1357 980  1529 750  1691 1410 1843 1274 2001 2324 2895 3556 3939 4636 4917 656  507  256  2853 602  39   1256 2941 4818 3035 5334 3127 3262 3489 3538 3949 2748 4313 4082 4467 4346 5123 2526 169  4870 5403 5384 641  1076 1151 2876 1693 4868 2273 482  2837 1418 3467 2458 4057 3554 4691 4702 5351 
385  3648 3245 3096 5159 1920 3509 2928 95   768  535  2988 989  4550 3933 4880 4059 910  1643 1230 1793 1608 1895 1862 2403 2924 3441 4064 4323 5216 5343 2896 1587 286  4203 902  411  1558 2995 5214 3077 5448 3293 3406 3669 3682 4121 3684 4529 4234 4647 4456 5293 3522 59   5066 401  338  883  1922 1433 3868 1993 106  2557 926  3169 1942 3761 2986 4373 4138 5009 5326 
4992 1771 1944 4277 3420 2009 4440 5203 4848 335  1908 755  4068 1133 1040 1323 4300 4617 2590 1711 1464 1795 1806 1945 2336 2937 3550 3993 4628 4893 688  531  484  2883 610  51   1270 849  1898 3043 5358 3131 60   3503 3530 3849 3830 4319 4764 4709 4354 4791 4610 289  4506 211  5402 643  1084 1153 2908 1697 4892 2281 502  2843 1438 3469 2462 4073 3566 4703 4714 5381 
595  2304 3289 4560 5369 1320 3703 4160 301  684  545  3042 955  5364 1253 5000 2961 1480 891  3880 1799 1674 1915 2046 2047 2950 3417 4108 4371 5252 5373 3056 1611 290  4311 938  417  1562 1383 2242 3091 5430 3317 444  3743 3674 3963 3928 4511 114  4873 4462 4881 4718 61   5074 409  356  887  1948 1439 3884 1997 118  2579 934  3181 1954 3767 2998 4391 4162 5011 5342 
5016 2093 3600 4301 3840 2023 4920 2401 1140 481  2124 785  4332 1115 384  1351 4100 4557 2680 2601 4810 1853 1896 1981 2262 2123 3572 3945 4676 4929 752  549  676  2979 632  57   1258 879  1910 1941 2536 3133 72   3505 1098 3953 3832 4269 4090 4711 762  5131 4616 5091 4886 5433 5410 647  1108 1163 2932 1699 4916 2287 514  2851 1454 3491 2474 4079 3574 4721 4742 5387 
455  4356 3451 3120 5423 1560 3751 5440 319  3990 697  3204 965  5436 1195 552  1417 1640 1053 4040 609  500  1921 2010 2051 2424 2177 4114 4395 5324 5385 3088 1629 296  4383 946  447  1570 1389 2248 2559 2830 3337 486  3737 1884 4135 3934 4359 4238 4891 1614 5305 4738 5241 5090 419  388  907  1964 1447 3908 1999 122  2591 958  3187 1966 3769 3022 4397 4166 5021 5354 
1584 2261 5280 4403 3900 2107 4590 77   1170 517  5320 869  4572 1135 378  1315 798  1537 2170 3249 5080 1107 1316 1969 2322 2147 2568 2245 4708 4947 848  603  1156 3033 638  69   1298 921  1912 1959 2542 3139 84   3523 1164 3959 2796 4315 4094 4479 4366 5129 2586 361  4898 5469 5416 653  1124 1171 2956 1709 4924 2293 526  2857 1466 3499 2498 4091 3578 4723 4754 5393 
665  1296 3689 1440 5453 2040 3871 900  323  2730 713  1470 1003 168  1205 594  1405 984  1649 3770 627  490  1593 1850 2059 2442 2191 2838 2317 5260 5379 3152 1719 310  4419 962  453  1576 1401 2264 2571 2872 3295 492  3749 1962 4141 3732 4535 4246 4659 4490 5311 3558 67   5122 421  404  911  1996 1451 3932 2003 134  2593 974  3191 1982 3779 3046 4409 4174 5023 5366 
5304 2233 2880 4433 4140 2299 5160 91   1350 527  2800 871  3450 1147 408  1345 858  1535 1128 1717 4970 1131 1292 2013 2350 2149 2616 2249 3030 2407 944  639  1444 3123 646  87   1304 933  1918 1977 2546 3143 96   3521 1206 3961 2826 4321 4812 4717 4376 4803 4630 529  4542 223  5442 659  1132 1181 2972 1721 4948 2297 538  2861 1478 3511 2518 4093 3602 4729 4762 5399 
805  864  3553 5040 1573 3360 3757 360  329  1760 1989 1540 1007 4260 1261 696  1415 1026 1565 1242 1807 550  1599 1876 2409 2980 2189 2862 2327 3210 2471 3184 1737 322  4491 970  471  1582 1437 2266 2577 2882 3305 516  3755 1926 4145 3756 4531 78   4897 4498 4911 4744 71   5118 431  412  919  2012 1453 3964 2011 142  2609 982  3203 1994 3793 3062 4421 4178 5039 5374 
1872 2255 1176 4807 2520 2783 4200 143  1380 497  3040 2691 3740 1141 5310 1379 888  1541 1122 1655 1416 1883 1340 2067 2356 2943 3580 2257 3066 2413 3336 2513 2116 3141 658  93   1310 939  1928 1983 2570 3147 3266 3545 1212 3973 2868 4331 4842 4727 822  5137 4634 5097 4904 227  5446 661  1172 1187 3004 1723 4996 2309 542  2879 1486 3517 2554 4099 3622 4733 4766 5407 
875  936  3335 2912 2057 3780 3887 1680 341  1950 679  2720 2457 4640 1267 5360 1441 390  1631 1254 1735 1704 1927 1888 2445 2996 3471 4150 2323 3198 2479 3624 2573 328  4527 986  489  1586 1461 2270 2589 2914 3309 3422 3763 1956 4151 3798 4537 102  4907 1626 5315 4792 5259 5126 433  428  929  2036 1459 3988 2017 146  2617 998  3209 2018 3797 3086 4423 4198 5051 5378 
2448 2345 2052 4345 3948 2873 4620 221  3150 551  2250 791  3680 3003 1520 1449 4700 1561 690  1739 1482 1835 1914 1985 2366 2955 3596 4011 4660 2429 3354 2515 3834 2629 664  111  1334 951  1930 2019 2626 3151 3272 3513 3544 3977 2892 4333 4878 4735 834  5141 2598 841  4906 9    5464 673  1228 1193 3028 1733 5036 2311 554  2887 1502 3527 2558 4111 3646 4751 4778 5413 
715  1152 3355 2898 5185 5082 4693 1260 377  2310 703  2600 4851 4960 4347 800  3087 1720 1651 1272 1745 1722 1937 2058 2071 3038 3477 4192 4401 5290 2489 3618 2581 4074 2735 994  501  1592 1473 2278 2631 2930 3327 3434 3687 3688 4163 3804 4541 138  4913 1662 5317 3594 73   5128 439  436  937  2084 1471 4036 2027 158  2621 1006 3217 2026 3803 3098 4441 4222 5059 5386 
3528 2365 1428 4355 4116 775  816  209  4410 533  3920 1683 3800 3213 2000 1617 5300 4599 2750 1751 1518 1865 1938 1991 2226 2155 3604 3999 4756 4953 976  2519 3912 2641 4242 2815 1342 993  1946 2031 2630 3149 3278 3543 3562 3867 3838 4367 4908 4739 894  5143 2634 961  4566 229  5466 677  1244 1201 3044 1741 5108 2333 562  2897 1514 3529 2566 4127 3662 4759 4786 5417 
935  4872 3445 3036 5365 4998 2675 3216 391  3080 2223 1960 2871 4940 5313 1280 3381 1870 1539 4030 1819 1752 1939 2130 2077 2472 2195 4148 4407 5332 5397 3376 2587 4026 2747 4326 2885 1598 1497 2282 2643 2936 3341 3448 3693 3686 3981 3962 4553 186  4915 1686 5321 3606 79   5134 443  452  941  2092 1481 4052 2029 166  2633 1018 3221 2038 3821 3106 4447 4226 5077 5398 
3276 2375 1386 4465 4004 1075 912  4475 4944 559  2240 1881 4000 3927 2320 1701 440  4797 2840 4761 5110 1891 1992 2021 2328 2159 2622 2263 4768 4965 1072 657  3364 2653 4218 2827 4578 2951 1958 2049 2648 3153 3286 3561 3586 3873 3842 4281 4102 4741 906  5149 2658 1369 4614 233  5470 683  1252 1213 3076 1747 5116 2339 566  2903 1522 3533 2578 4129 3694 4783 4798 5419 
1045 4914 3485 3108 5375 5096 2725 2992 115  882  731  1820 3069 5120 5187 1100 3339 1880 1377 4070 663  580  1957 2136 2095 2478 2197 2910 2329 5344 5421 3568 1773 344  2759 4386 2893 4710 2993 2290 2649 2938 3349 3454 3711 3704 4083 3938 4377 4294 4927 1698 5327 3642 83   5138 449  508  947  2164 1483 4076 2039 178  2647 1042 3229 2042 3823 3118 4451 4258 5081 5414 
4284 2585 1596 4495 4248 1175 1104 4525 5022 355  2028 893  4060 3519 2480 1827 520  4743 2870 351  5170 1113 1312 2005 2346 2165 2706 2279 3090 2419 1136 711  3844 3177 670  2831 4530 2947 4890 3047 2666 3155 108  3551 3590 3891 3854 4287 4118 4497 4378 5155 2694 1681 4638 239  64   691  1268 1217 3092 1753 5132 2341 586  2909 1538 3539 2582 4133 3722 4787 4822 5431 
1235 5208 3625 3234 5395 5112 2825 3078 125  828  565  3468 1027 4840 3969 1300 3717 2090 1863 4120 651  650  1551 1924 2101 2538 2201 2886 2359 3270 2483 3632 1791 370  4581 1010 2899 4776 3007 5190 3097 5454 3353 522  3781 3706 4101 3970 4413 4298 4677 4504 5339 3678 89   5142 457  524  953  2188 1487 4084 2053 194  2657 1046 3251 2062 3833 3134 4457 4262 5087 5422 
2772 2405 1932 4505 4128 1325 1134 4775 5104 365  2178 815  4716 1157 1840 1953 640  4977 2920 189  5240 1161 1352 2037 2444 2167 2670 2291 3102 2443 3390 2533 5476 3231 682  123  1336 2959 4902 3071 5370 3161 90   3563 1236 3979 3874 4299 4142 4533 4382 4821 4642 1849 4722 241  12   701  1324 1223 3148 1759 5156 2347 614  2917 1546 3541 2594 4139 3734 4789 4834 5437 
1495 4158 3515 3132 5215 5244 3125 3248 2295 3328 635  3492 973  4350 1271 1700 3549 2120 2349 3910 741  620  1647 1892 2505 3052 2227 2982 2335 3288 2491 3738 2599 374  4689 1016 519  1630 3013 5226 3101 144  3377 558  3785 2004 4169 3992 4443 4310 4701 4514 4971 4790 97   5144 461  548  967  2228 1489 4124 2063 202  2659 1082 3253 2066 3847 3142 4463 4274 5099 5426 
4704 2465 1638 4565 4392 1445 1392 4805 5264 3135 5408 835  4932 1159 5340 1363 680  4653 2990 231  5270 1221 1372 2055 2492 2967 3610 2321 3144 2435 3486 2537 3930 2681 710  129  1358 1011 1970 3053 5394 3173 126  3569 1278 3983 2934 4343 4154 4569 4390 4827 4646 5127 4910 3    20   709  1348 1229 3188 1777 5164 2351 622  2927 1574 3547 2602 4153 3742 4793 4846 5441 
1265 1008 3565 3384 5285 5256 3175 3344 3105 3332 4125 1624 985  216  1273 180  1457 1190 2511 4250 759  820  1653 1952 2451 3020 3507 4232 2353 3294 2495 3666 2603 4134 2761 1022 537  1606 1509 2294 3095 324  3365 564  3787 2034 4171 3972 4555 4318 4713 4526 4989 4808 5277 5146 463  556  971  2252 1493 4132 2069 206  2663 1094 3257 2078 3851 3158 4481 4282 5101 5438 
4788 2431 2088 4445 4428 1475 1456 5175 5168 3795 728  5115 2296 1145 462  1387 2450 4719 3010 297  5330 1173 1364 2085 2516 3021 3616 4017 4780 2449 3498 2545 3894 2669 4266 2839 1370 1041 1978 2073 2662 3193 132  3587 1284 3985 3006 4351 4986 4747 4394 4839 4654 5163 4922 251  18   719  1388 1231 3236 1783 5188 2357 626  2939 1594 3557 2606 4157 3746 4799 4874 5443 
1375 2268 3655 3348 5335 5124 3275 3472 2145 3724 4785 1768 825  2744 1255 702  1501 1610 2997 4130 783  740  1659 1972 2595 3068 3495 4172 4503 5348 2501 3768 2605 4152 2771 4422 2911 1634 1527 2314 2661 2954 3379 636  3791 2076 4181 4014 4559 174  4939 4552 5001 4814 5331 5162 467  578  977  2276 1499 4156 2081 214  2671 1114 3259 2098 3853 3166 4483 4286 5107 5458 
5292 2635 2208 4459 4512 1675 1488 4825 1568 3861 896  2025 2408 1125 3416 1355 918  1577 3160 429  400  1209 1376 2109 2528 2985 3626 4029 4796 5037 1250 2561 3942 2651 4278 2845 4602 2965 2006 2103 2674 3183 3298 3595 1308 3991 3012 4369 5028 4757 942  5161 4658 5169 4936 257  28   727  1396 1237 3244 1787 5204 2371 634  2953 1618 3559 2614 4159 3754 4801 4882 5449 
1595 2352 3685 3552 5467 5382 3425 3408 145  4352 4485 1672 765  2926 1275 3976 1465 1032 1661 4270 837  850  1743 1940 2553 3104 3531 4214 4509 5350 5451 3664 2611 4110 2773 4482 2921 4746 3005 2318 2721 2984 3351 3464 3799 2148 4183 4044 4571 222  4955 1758 5345 4826 5349 5174 479  596  983  2284 1511 4196 2083 218  2677 1126 3271 2102 3863 3194 4493 4306 5113 5462 
5376 2665 2142 4615 4644 1525 1536 4925 5136 395  616  3645 2552 1215 3458 1815 4522 1555 1218 1727 2500 1239 1420 2091 2540 3009 3620 4023 4820 4983 1168 747  40   2701 4296 2855 4632 2977 5064 3065 2678 3189 3302 3579 3592 3997 3084 4379 5052 4763 978  5165 2742 2209 4942 263  32   733  1412 1249 3284 1789 5212 2377 662  2957 1622 3571 2638 4177 3758 4813 4894 5471 
1615 1344 3835 3366 5405 5166 3475 3504 155  972  655  1736 855  2968 1665 4088 2535 784  1585 1302 1817 860  1749 1988 2607 3050 3537 4220 4521 5356 5457 3728 1899 376  2779 4584 2923 4794 3017 5238 3103 3002 3369 3470 3747 3730 4187 4086 4573 246  4963 1842 5353 3702 101  5154 487  604  991  2308 1523 4204 2087 226  2683 1138 3299 2122 3877 3202 4507 4322 5119 4    
1512 2717 2232 4585 4446 1775 1776 4975 5232 415  2196 865  2618 1305 3542 1845 4466 3555 2624 1685 1554 1903 1450 2133 2620 3051 3650 4047 4832 5019 1264 801  56   3303 712  2863 4674 2981 5010 3073 5406 3197 3310 3589 3598 3903 3878 4381 5046 4765 1002 5173 2766 2809 4782 269  44   739  1436 1259 3292 1801 5228 2381 674  2963 1642 3581 2642 4201 3778 4817 4918 1    
1625 1764 3895 3588 175  5346 3725 3536 185  1044 685  3636 995  3094 1425 4186 2655 2704 4905 5312 1765 1794 1961 2020 2613 3116 3597 4228 4539 5380 729  3824 2007 406  4707 1030 2929 4758 3031 5352 3107 192  3383 708  3805 3736 4119 3982 4577 258  4979 1866 5357 3714 103  5176 491  628  997  2348 1531 4244 2089 254  2687 1142 3301 2126 3881 3214 4513 4358 5147 2    
