5544 2125 4356 3059 4800 5551 5220 4693 2100 451  3640 5049 2600 3213 4940 1323 1700 4263 2470 4761 4510 1131 2752 1035 1352 4635 2668 1545 3718 2877 3980 3819 5404 4773 3088 75   266  2043 890  4581 1528 393  2162 1293 2774 2271 3434 3309 4010 4467 4654 4863 4982 5269 1542 961  3606 313  116  809  1636 1319 3508 1889 16   2467 758  3079 1726 3691 2854 4297 3974 4969 5114 
5525 4158 3335 2244 4277 2400 2527 3720 247  1890 629  1120 2673 3800 5313 2320 2541 1240 1863 3430 783  5474 5535 532  2745 2048 375  3172 2451 2890 3441 4850 4239 848  5253 256  909  598  3303 1222 51   1846 813  2486 1797 3110 2823 3706 3891 4366 4701 4870 5097 5122 5489 2526 107  5034 563  772  1061 2564 1607 4468 2203 326  2767 1234 3391 2246 4007 3338 4649 4546 5303 
4032 2185 504  4085 3828 637  5580 4753 1620 473  3990 799  2660 3519 5120 1197 2300 4473 2680 297  4186 4785 3008 1125 1376 4815 2684 1605 3772 2943 4150 3939 5420 4809 3152 117  290  2061 902  4689 1534 411  2198 1299 2776 2283 3448 3327 4024 4479 4658 4881 4990 5277 5206 1369 3642 317  124  811  1676 1321 3524 1901 6    2473 766  3083 1754 3697 2858 4327 3986 4973 5158 
3575 4872 3445 2464 5015 4554 2873 4440 119  360  649  420  989  3850 4131 2480 2583 1160 1539 3560 837  5512 2025 812  2775 2068 435  3196 2505 4192 3471 4964 4251 944  5271 484  927  602  3357 1246 57   1834 831  2488 1803 3112 2841 3730 3903 4376 4713 4886 5111 5126 5469 5306 109  5118 569  788  1063 2572 1609 4492 2207 334  2777 1238 3407 2258 4013 3386 4651 4562 5309 
3024 2255 672  4199 3906 325  5418 4901 4050 413  1020 803  2220 1189 5060 1701 1900 4557 2530 189  4370 1161 3392 1215 1484 4905 2716 1635 3796 2955 4444 3855 5428 4833 3184 147  286  2097 904  4707 1544 417  2168 1317 2782 2307 3454 3351 4042 4497 4670 4883 66   5287 5222 9    5470 331  148  821  1682 1327 3532 1907 8    2477 778  3089 1762 3701 2866 4337 3994 4987 5182 
4675 4914 3485 2484 5035 4662 1475 2128 253  480  623  1530 1007 3630 1349 2560 2709 1430 2349 3880 609  5330 1479 836  3015 2108 555  3212 2553 4214 3435 4972 4245 976  5289 676  963  610  3411 1256 69   1864 843  2494 1821 3122 2859 3736 3909 4378 4717 5028 5105 678  5497 5338 113  5142 571  796  1069 2588 1613 4516 2213 346  2789 1262 3413 2302 4019 3394 4657 4574 5323 
4368 2365 756  4345 3808 475  576  3175 4144 493  1140 791  2250 1207 4650 1507 2900 4599 2750 273  4730 1173 3776 1275 1504 5025 2756 1695 3836 2985 4448 3945 5452 4887 3376 153  296  2151 938  4869 1558 447  2216 1329 2786 2319 3464 3369 4066 4533 4696 4885 78   5293 1578 1681 3678 337  164  823  1684 1361 3548 1913 10   2503 794  3109 1766 3709 2878 4339 3998 4993 5186 
5225 4968 3515 2604 5125 4576 1525 2106 4925 588  667  1650 1027 3660 1351 240  1673 1480 2511 3910 651  5434 5565 928  3075 2204 465  3232 2595 4228 3477 4988 4323 1072 5295 1444 981  632  3447 1258 87   1886 849  2504 1839 3130 2901 3766 3921 4382 4727 5052 5123 762  5509 2586 127  5154 577  844  1087 2612 1619 4604 2221 358  2791 1282 3433 2306 4021 3398 4663 4586 5333 
4536 2375 792  4355 3762 5285 2916 3275 4048 185  2156 817  2430 1199 4740 1513 450  1799 2840 231  4736 4305 3904 1395 1508 5085 2788 1905 3892 2967 4220 3993 5450 4893 3568 207  310  2169 946  4923 1562 453  2222 1347 2792 2361 3470 3387 4072 4541 4164 4891 102  5299 1614 1849 3702 347  172  827  1724 1367 3628 1931 14   2521 802  3119 1774 3719 2894 4349 4006 4999 5218 
3025 4992 1715 2508 4445 4692 1675 2256 4975 612  505  3852 1037 3690 1357 810  1679 330  1919 3770 861  5624 5625 884  3195 2132 645  3296 2607 2950 3507 5020 4371 1136 5307 1156 1017 638  3501 1270 93   1898 879  2506 1851 3154 2913 3782 3957 4390 4739 5046 5129 786  5513 2598 131  5178 587  892  1091 2636 1621 4612 2237 362  2797 1286 3449 2326 4027 3418 4673 4594 5347 
5616 385  864  3115 3876 5495 432  3425 4272 205  2178 785  168  1219 4980 1517 2420 1807 870  1981 4750 1209 4288 1305 1564 5325 2812 1965 3956 3021 4450 3999 5516 4917 3632 171  322  2259 962  5013 1570 489  2230 1371 2794 2391 3478 3453 4082 4559 4188 4897 114  5305 1626 2209 3714 349  188  829  1732 1373 3644 1933 22   2531 818  3121 1814 3727 2902 4357 4022 5003 5234 
1925 5304 1771 2652 4543 4824 1775 2288 5275 684  515  3924 985  546  1363 3440 2793 1640 1921 1410 2149 5480 1491 968  3225 2144 615  3268 2613 2980 3531 5012 4395 1168 5319 2116 1083 658  3573 1298 111  1910 921  2510 1857 3170 2931 3790 3963 4394 4735 5058 5131 822  5515 2634 137  5262 593  908  1093 2644 1627 4652 2239 382  2801 1294 3457 2342 4049 3442 4679 4618 5351 
3744 665  936  3157 2160 5621 624  3475 4592 215  2196 815  264  1165 918  1529 3100 4959 2170 2033 2010 2201 4672 1425 1612 5415 2828 2055 3916 3009 4460 4017 5536 4899 3664 243  328  2313 970  5043 1576 471  2242 1383 2806 2427 3490 3459 4090 4553 4194 4907 138  5311 1662 2809 3786 353  212  839  1756 1381 3676 1949 26   2539 838  3137 1822 3733 2906 4363 4034 5009 5242 
2695 1872 1855 2664 4459 2700 2783 2544 5575 768  535  4068 995  594  1345 1272 1687 1720 2997 3542 2159 2490 2321 868  3285 2212 705  3404 2619 3020 3537 5024 4401 1250 5343 3364 1143 646  3609 1304 123  1912 933  2522 1893 3176 2949 3794 3981 4402 4741 5094 5137 834  5533 2658 139  5286 599  916  1097 2692 1637 4684 2243 386  2803 1306 3461 2362 4051 3446 4691 4622 5381 
4896 805  1056 3395 3936 539  1080 4949 4656 235  2412 835  312  1195 966  1535 1518 1819 2870 351  4690 2227 2862 2419 1628 5475 2842 2085 4012 3051 4484 4011 5540 4929 3728 279  344  2367 986  5067 1582 501  2248 1389 2810 2433 3502 3489 4094 4555 4236 4913 174  5315 1686 3481 3846 359  236  853  1772 1399 3698 1951 34   2543 842  3163 1838 3739 2918 4373 4054 5011 5266 
5005 2448 1729 2784 4585 4836 2891 4290 161  972  545  4332 1043 696  1355 1254 1655 1752 1937 3710 897  5510 2323 3090 2501 2236 795  3424 2667 3050 3567 5044 4431 1264 5373 5476 1179 664  3681 1310 129  1918 939  2534 1923 3178 2973 3806 4083 4438 4747 5172 5141 894  5539 2694 149  5298 601  932  1103 2708 1657 4724 2251 394  2819 1318 3463 2374 4057 3466 4703 4666 5387 
5472 455  1152 3311 3978 175  528  5047 4400 427  2556 851  2460 1211 984  1537 1608 1745 1974 2041 4522 1221 4544 2429 3306 2569 2848 2163 1940 3081 4532 4023 5548 4947 3824 261  370  2421 994  5121 1586 519  2264 1401 2822 2463 3512 3513 4102 4569 4706 4915 186  5317 1698 3721 3858 367  242  857  1796 1409 3716 1973 38   2549 862  3167 1858 3761 2942 4391 4058 5021 5294 
2275 5016 2065 2952 4669 4884 1805 2754 203  540  671  630  1067 3870 1379 2960 1691 1794 1835 2214 2005 5576 3645 988  2495 3576 2669 1420 2679 3140 3621 5050 4407 1328 5379 3844 1233 670  3771 1334 141  1928 951  2542 1929 3182 2991 3818 4101 4430 4737 4898 5143 906  5543 2742 151  5322 607  956  1109 2732 1663 4748 2267 398  2833 1322 3467 2386 4073 3482 4721 4678 5393 
4752 595  1188 3367 2640 833  648  3725 4784 469  1170 869  2550 1243 4770 1541 2450 1829 1992 1915 2418 2165 5056 1665 1652 2573 3894 2779 2020 3111 4540 4029 5566 4953 3856 333  374  2439 1010 5139 1592 537  2266 1437 2824 2469 3514 3543 4118 4571 4726 4911 4994 5321 1758 4489 3882 373  244  859  1828 1423 3748 1979 46   2551 866  3169 1874 3767 2962 4397 4078 5023 5314 
2975 1584 2093 5280 4823 3300 2989 2832 625  828  679  1710 1057 4000 1387 3280 4653 910  1927 2226 2045 2562 2305 992  3525 2254 2701 4110 2893 3260 3597 5054 4509 1424 5385 56   1251 682  3789 1336 159  1930 993  2536 1941 3206 3027 3830 4119 4454 4749 4904 5127 5128 5545 2766 157  5442 613  964  1117 2738 1667 4772 2269 422  2837 1346 3469 2402 4079 3494 4723 4682 5399 
3168 875  1224 3731 3240 931  1320 5239 4698 265  2628 871  2580 1241 5070 1561 3380 5301 2590 2047 2424 2195 2838 2435 1666 405  2852 2807 4296 2959 4556 4035 5564 4965 4016 363  376  2493 1016 5193 1598 543  2270 1461 2830 2481 3526 3561 4142 4577 4718 4927 5002 5327 1842 5041 3918 379  268  863  1844 1427 3764 1987 58   2557 878  3181 1882 3769 2966 4409 4106 5039 5318 
3185 2592 2135 2904 4879 3840 3211 4620 323  882  565  4572 1073 4020 1393 3750 1711 770  3321 3458 2095 2568 2315 3102 2507 2272 885  3476 2885 4494 3029 5068 4503 1552 5397 40   1341 686  3879 1342 177  1946 1011 2546 1959 3208 3039 3832 4143 4456 4757 5196 5149 942  5549 2778 163  5466 617  1004 1123 2764 1669 4804 2273 446  2843 1354 3491 2426 4091 3506 4729 4694 5407 
5184 1001 1368 3451 3120 847  1920 5491 2940 481  2844 865  378  1247 5310 1577 3700 5031 2920 459  4774 2215 2886 2443 3294 2587 2884 2235 4018 2965 4728 3091 5572 4983 4208 369  406  2529 1022 5283 1606 573  2278 1473 2834 2487 3530 3579 4154 4573 4302 4939 222  5339 1866 5329 3954 383  284  877  1852 1429 3788 1993 62   2579 886  3187 1894 3779 2974 4421 4126 5051 5326 
3325 3312 2233 4680 4697 3060 3283 4920 319  3570 689  4716 1055 702  1397 3760 3087 1870 3483 3976 3915 784  2329 3144 2509 3618 2705 3484 2685 4232 3031 4890 3149 1616 5421 70   1359 710  3897 1358 183  1958 1041 2570 1977 3262 3057 3838 4197 4462 4763 5268 5155 978  5561 2802 167  5494 619  1028 1129 2804 1693 4852 2281 454  2851 1366 3499 2434 4093 3518 4733 4702 5413 
5148 1015 1248 3619 4080 1127 1560 5203 3150 517  4760 893  384  1205 1026 1589 4100 4977 2990 513  4862 4995 5312 2449 3336 2599 3912 2813 4028 3129 4580 3101 5238 3235 4112 387  410  2523 1030 5337 1630 579  2282 1497 2872 2517 3538 3603 4168 4579 4308 4955 246  5345 1878 5    3966 389  292  881  1868 1433 3812 1997 74   2591 898  3191 1906 3793 2978 4423 4138 5059 5342 
4025 2736 2345 2964 4991 3420 3179 5460 341  2730 703  1050 1079 714  1385 1326 1727 1880 4293 4030 777  1936 315  1012 2513 3624 2681 4152 2899 3340 3633 5084 3155 5448 3305 88   1413 712  3951 1370 201  1970 1047 2626 1983 3266 3063 3842 4227 4490 4769 5274 5161 1002 5567 2874 173  5514 631  1052 1151 2836 1697 4868 2287 458  2857 1382 3511 2446 4099 3554 4751 4714 5417 
2376 1085 1404 3535 3996 1183 2280 4961 4410 527  4830 899  2820 1261 1032 1555 1566 1817 3010 561  4888 4515 4096 1845 1696 2603 3930 2827 4326 2977 4588 4047 5588 3239 144  3401 424  2547 1034 5391 1634 597  2290 1509 2882 2559 3544 3639 4184 4589 4338 4963 258  5353 1902 7    4038 397  316  883  1916 1439 3868 1999 82   2593 914  3203 1934 3797 2986 4441 4162 5077 5354 
4165 3564 2261 2574 4795 5076 3479 4590 377  2310 697  1400 1111 4060 1391 1302 1685 1806 1943 4040 903  2704 495  1036 3555 2312 2723 4170 2911 4530 3043 5140 4539 1648 3317 90   3473 730  3987 1378 213  1978 1059 2630 2019 3272 3093 3854 4269 4504 4765 5316 5165 1038 5579 2922 179  5518 641  1058 1153 2876 1699 4892 2293 466  2861 1402 3517 2458 4111 3566 4759 4742 5419 
2808 1295 1656 3605 4056 245  816  5243 960  533  5250 901  2610 1271 5180 1633 1674 1765 1998 2051 4810 1239 416  1725 1694 1875 2888 2839 4344 2981 4710 3097 5612 5019 4304 3403 228  3587 1048 5409 1670 591  2294 1527 2914 2571 3562 3651 4190 4593 4738 4979 282  5357 1986 11   4062 401  332  887  1922 1447 3884 2003 86   2609 922  3209 1942 3803 2998 4447 4166 5081 5366 
4235 3888 2387 3096 4865 5088 1825 2928 217  600  713  1470 1081 3740 4563 4240 1703 1896 1865 2262 2167 5560 1533 1184 3735 2332 915  3488 2921 4578 3047 5010 3161 1712 5451 104  3487 414  3661 1384 219  1990 1077 2648 2031 3278 3099 3874 4281 4498 4777 5388 5173 1074 5585 2946 181  5522 643  1076 1163 2908 1709 4916 2297 478  2879 1418 3527 2462 4127 3574 4783 4754 5431 
3456 1309 4320 3689 4128 425  5586 3775 4848 497  1350 913  2790 1253 5500 1449 4300 1837 2058 1945 2472 2219 160  1599 1708 225  2924 2211 2050 2983 4746 3103 5334 3247 4336 423  430  3589 636  3755 1688 669  2314 1563 2930 2577 3586 3669 4202 4595 4404 4981 318  5359 2022 13   4098 409  338  907  1948 1451 3908 2011 94   2617 926  3217 1954 3821 3022 4451 4174 5087 5374 
4655 4176 2737 5400 4921 5112 1975 2576 55   1044 707  1740 1099 4180 4641 4720 2961 2120 1957 2322 2105 2616 2327 340  1833 2324 1005 3556 2697 3350 3053 5064 3173 5454 3337 110  1467 742  3665 846  3829 2006 1101 2662 2049 3286 3117 3878 4287 4514 4781 5484 5177 1086 5587 2994 191  5528 647  1084 1171 2932 1721 4924 2309 482  2887 1438 3529 2474 4129 3578 4787 4762 5437 
3432 1435 1716 3857 5520 1421 912  3925 4816 295  2988 889  2850 1267 1600 1617 5300 5229 3160 2059 2442 2231 2958 2453 500  1947 2996 2241 2060 3171 4598 3107 5352 3241 324  3409 418  2637 1054 3763 1068 3935 2318 1569 2936 2589 3590 3687 4210 4601 4476 4985 354  5363 2082 17   4146 419  356  911  1964 1453 3932 2017 106  2621 934  3221 1966 3823 3046 4457 4178 5099 5378 
5075 4212 2485 2976 5117 3900 3509 3078 65   1116 635  4932 1133 4230 1403 5000 3381 2090 3807 4070 2171 2670 2353 3162 2519 740  2133 1450 2703 3460 3657 5092 3193 5478 3341 108  3493 754  4041 1390 3839 1308 3997 2666 2073 3298 3147 3886 4299 4526 4771 5526 5183 1146 5597 3018 193  5542 653  1108 1181 2956 1723 4948 2311 502  2897 1454 3533 2498 4133 3602 4789 4766 5441 
3672 1463 1632 3745 4092 1813 2040 5341 4944 305  3042 895  408  1273 5340 1591 4700 5439 3190 357  5080 2249 2910 2461 3318 2623 1060 2247 2150 3201 4564 4065 1024 3263 192  3415 234  3595 1066 5463 1702 3941 1644 4087 2938 2631 3592 3693 4234 4607 4518 4997 366  5371 2094 19   4206 421  388  919  1996 1459 3964 2027 118  2633 958  3229 1982 3833 3062 4463 4198 5101 5386 
5425 4608 2555 3036 5135 5244 3577 5130 259  1452 655  4732 1115 744  1411 4880 3339 2210 4779 4120 957  5530 2363 3186 2515 3666 2747 1460 2727 3550 3699 5194 4521 1744 3349 126  3503 444  3667 1394 237  2008 4009 1884 4151 3302 3153 3890 4317 4552 4811 5532 5191 1158 5599 3126 197  5546 659  1124 1187 2972 1733 4996 2333 514  2903 1466 3539 2518 4139 3622 4793 4778 5443 
4104 1505 1824 3815 4248 605  1104 5537 5200 511  3204 905  456  1255 1128 1603 440  5589 2968 429  4970 1269 140  2479 3354 2605 3942 2831 2140 3219 4606 4071 5620 5037 4432 3419 276  3599 666  3781 1730 633  2330 4097 2166 4247 3598 3711 4238 4609 4548 5017 402  5377 2118 23   4254 431  404  929  2012 1471 3988 2029 122  2647 974  3251 1994 3847 3086 4481 4222 5107 5398 
4375 4464 2639 3348 5083 4956 2075 2992 3591 1760 721  5004 1135 798  1405 1416 1717 1330 4941 4088 969  5590 1551 350  2533 3738 2735 4182 2923 3580 3723 5150 4551 1808 5457 128  3497 486  3679 852  3841 2014 1119 2674 4169 2502 4313 3896 4341 4558 4819 5556 5195 1182 5603 3054 199  5558 661  1132 1193 3004 1741 5036 2339 526  2909 1478 3541 2554 4153 3646 4799 4786 5449 
4224 1547 3960 3913 4560 1859 3136 5265 5104 2457 2720 917  552  1285 1122 1565 1704 1853 3250 621  4984 1311 200  1677 550  2627 4002 2815 4374 2987 4628 4053 80   5061 4496 477  434  3601 708  3785 1098 3949 2338 1623 2954 4237 2796 4385 4246 4613 4596 5027 426  5383 2154 29   4314 433  412  937  2036 1481 4036 2039 134  2657 982  3253 2018 3851 3098 4483 4226 5113 5414 
1225 5328 2821 3600 5159 4140 3751 3248 2925 2816 4347 2080 1121 858  1415 1464 1735 1914 1939 4250 999  400  1581 380  1743 820  2743 4218 2929 4584 3035 5216 4587 2032 5487 130  1503 776  3683 876  3845 1314 4031 2678 2103 3310 4319 3114 4453 3732 4829 5598 5201 1194 5609 3138 211  5570 673  1172 1201 3028 1747 5108 2341 538  2917 1486 3547 2558 4157 3662 4801 4798 5471 
4488 1645 1836 3773 1440 1519 2760 143  5168 4095 4352 4851 3200 1333 1218 1585 1722 1795 2046 2071 4930 1281 220  1659 580  2013 1150 2863 4386 2993 4758 3113 112  5055 4528 531  442  2763 1070 3787 1164 3953 1734 4103 3002 2643 3614 4387 3372 4619 4626 5029 438  5389 2202 31   4362 439  428  941  2084 1483 4052 2053 142  2659 998  3257 2026 3853 3106 4493 4258 5119 5422 
4225 5508 2765 3132 5291 4500 3757 1680 403  3872 4725 5408 2079 4420 1441 1482 1739 1938 1895 2328 2173 2500 1593 460  1869 850  2109 1550 2933 4602 3065 4902 3197 2096 5505 136  1557 782  4107 1426 3859 1356 4033 1926 4171 3322 3183 3914 4469 3756 4835 5604 5207 1266 5611 3246 223  5574 677  1228 1213 3044 1753 5116 2347 542  2927 1502 3557 2566 4159 3694 4813 4822 5477 
3696 2405 1944 3955 4392 2009 2970 221  5600 1989 4864 3465 1664 4389 1040 1631 120  1841 2136 1985 2478 2257 224  1749 620  2001 1180 2289 2260 3007 4776 3127 5358 3265 4688 507  470  2799 1090 5517 1738 3959 1668 4105 2172 4249 3634 3747 4294 4627 4668 5033 474  5401 2238 37   4398 443  436  947  2092 1487 4076 2063 146  2663 1006 3259 2038 3863 3118 4507 4262 5147 5426 
1105 5208 3553 3384 5215 5256 3703 5160 391  3080 2691 2176 2835 1768 5481 5360 1751 570  1961 2346 2155 2622 2335 1148 1887 860  2121 1580 2739 3610 3071 5190 3199 5496 3353 152  1587 790  4113 1406 249  2054 4037 1956 4181 2466 4315 3922 4353 4568 4837 48   5213 1338 5615 3282 227  5608 683  1244 1217 3076 1759 5132 2351 554  2939 1514 3559 2578 4177 3722 4817 4834 5479 
2016 2431 5040 4301 4428 575  1392 2401 3520 2223 2800 1287 2432 1575 1496 1827 520  1883 930  2101 2538 2245 2982 2455 1748 2037 1210 2301 2180 3237 4636 3131 5370 3269 1458 3421 472  2817 1096 5547 1742 681  2344 4109 2286 4265 2826 4393 4298 4629 4744 5045 498  5411 2274 41   4434 449  452  953  2164 1489 4084 2069 158  2671 1018 3271 2042 3877 3134 4513 4274 5153 5438 
715  1008 4147 2520 5423 5096 2225 3216 287  2200 2907 1960 2871 1976 2205 2728 3717 2440 1963 1590 2177 2706 2369 3198 2537 940  2139 1660 2751 3620 3729 5260 3223 5538 3365 156  3505 806  4149 1414 267  2056 1137 2686 4183 2532 4321 3156 4499 4570 4791 4906 5219 1362 5617 3342 229  5614 691  1252 1223 3092 1777 5156 2357 562  2953 1522 3571 2582 4201 3734 4831 4846 5483 
3528 2465 1176 4433 3360 2057 336  4075 5022 551  3920 1683 3040 3927 2392 3675 3224 5607 3230 2077 2130 2263 3030 2471 3390 2611 1220 2337 2350 3297 4660 4077 208  3277 72   3427 294  3611 1102 5553 1778 687  2354 1641 2984 4267 2868 4399 3396 4631 4790 4971 5014 5429 2298 43   4458 457  508  967  2188 1493 4124 2081 166  2677 1042 3299 2062 3881 3142 4517 4282 5167 5458 
935  2268 3565 2646 1573 3780 3887 3344 35   1332 731  1820 3069 4600 5103 2944 1155 3848 5427 4130 2189 2712 2359 3210 2561 3768 2759 1690 2781 3650 3741 5252 4605 2192 3377 150  3523 492  3695 1432 291  2074 1149 2690 2127 3346 4331 3174 4471 3798 4841 4910 5163 5134 25   3378 233  5622 701  1268 1229 3148 1783 5164 2371 566  2957 1538 3581 2594 4211 3742 4861 4874 5501 
3276 2585 1092 4465 4116 2299 4200 299  5136 335  3328 1881 3220 3663 1360 1911 3496 1785 3968 627  5032 2279 3048 2483 3486 2615 4008 2867 2540 3243 4676 4089 176  5073 4802 3431 306  3629 726  3791 1786 699  2378 1671 3014 2649 3638 4405 3438 4633 4734 5053 5018 5331 5224 47   4506 461  524  971  2228 1499 4132 2083 178  2683 1046 3301 2066 3889 3158 4519 4286 5171 5462 
1045 2352 3625 2898 5185 5152 3971 1260 407  1476 685  728  3267 4340 4257 800  3549 3608 2415 4472 3795 4624 2395 3288 2545 3774 2761 4242 2941 3820 3753 5290 4611 2224 5511 170  3521 516  3713 954  3865 2086 1167 2696 2157 3352 3189 3926 4487 3804 4843 162  5221 5138 5493 5362 239  64   709  1324 1231 3188 1787 5188 2377 586  2963 1546 3583 2602 4217 3746 4871 4882 5503 
4284 2665 924  4495 3822 725  1134 187  840  559  3332 4275 1288 4059 560  4329 640  5499 4216 3045 5248 4875 308  2489 3498 2641 4074 2845 4422 3013 4708 4137 272  5109 4912 549  494  3635 732  3799 1206 3961 2390 1689 3026 2661 3656 3777 4310 4661 4764 5057 534  5435 5246 3    5486 463  548  977  2252 1511 4156 2087 194  2687 1082 3307 2078 3907 3166 4523 4306 5179 5482 
1235 1344 3655 2912 5335 4998 2425 3408 437  4480 3861 896  1485 2072 4437 700  4719 1190 1089 4712 3885 704  585  1078 2567 3810 2771 4266 2935 4632 3073 5324 4623 2384 5523 184  1611 808  3707 948  3869 1422 4039 2698 2181 3358 3207 3928 4359 4610 4847 36   5245 1374 49   5384 241  12   719  1348 1237 3236 1789 5204 2381 614  2969 1574 3593 2606 4219 3754 4877 4894 5507 
2772 2635 1386 4505 3948 775  1232 4175 5232 583  5320 2277 1624 1755 2024 4617 280  5577 3290 663  5192 4845 352  1935 1804 2653 4026 2855 4482 2995 4794 3133 304  5133 4976 603  488  2853 1106 3805 1212 3973 1746 4115 3032 2721 3658 3831 4318 4647 4792 5063 582  5447 2334 53   4542 467  556  983  2276 1523 4196 2089 202  2689 1094 3313 2098 3911 3194 4547 4322 5189 5498 
1495 1728 3835 3108 5375 5082 2525 3472 85   1548 737  2380 3627 1408 5355 3016 5247 1610 1521 4270 1107 448  675  1196 3975 2336 2773 4278 2947 4674 3085 5106 3205 2416 5529 154  1629 814  4167 1442 3883 1494 4043 1962 4187 3368 3261 3934 4377 4582 4803 4922 5249 1398 121  3414 251  18   727  1388 1249 3244 1801 5212 2383 622  2971 1594 3607 2614 4229 3758 4889 4918 5519 
4704 2717 1428 4565 4256 845  1488 4205 5264 355  3468 923  3400 5187 2552 945  3712 891  3304 741  5110 1353 364  1815 1862 135  2948 2869 4470 3017 4806 3139 5394 3281 5008 639  506  2883 1112 5571 1784 3977 1788 4117 2292 4279 3670 3837 4328 4645 4808 4989 5026 5455 2382 59   4566 479  578  991  2284 1531 4204 2099 206  2693 1114 3319 2102 3917 3202 4549 4358 5197 5506 
1265 3264 3685 3402 5365 5124 2575 3504 95   1568 695  5202 1141 4640 819  3128 1365 3944 3135 4424 1023 320  1647 1204 4005 2356 1065 3596 2951 4686 3077 5214 3215 5502 3379 182  1719 824  4203 1448 303  2104 4045 2004 4189 2676 4333 3938 4413 4616 4821 4936 5169 5144 169  3426 257  20   733  1396 1259 3284 1811 5228 2389 626  2999 1618 3613 2638 4231 3778 4903 4934 5521 
4788 2795 1596 4615 4312 925  1456 4325 5424 365  3388 943  2860 3969 880  1953 3256 1995 4264 2805 5278 1419 260  1767 1876 165  3038 2265 4046 3005 4818 3143 5406 3287 60   3439 518  2979 1118 81   1790 717  2398 4121 2316 4285 2892 4415 4334 4659 4814 5001 5030 5349 5230 61   4614 487  596  997  2308 1543 4244 2111 214  2699 1126 3323 2122 3919 3214 4561 4406 5209 5534 
1375 3648 3875 3234 5395 5166 2645 3536 115  1692 745  5436 1139 4840 1071 1100 3843 3784 2625 4408 4125 832  1653 490  1917 2366 1095 3572 2715 4268 3095 5226 3227 5562 3383 132  3545 826  4311 1462 309  2110 1191 2702 4195 2682 4343 3222 4501 4630 4827 4942 5199 5146 5541 5402 263  28   739  1412 1277 3292 1823 5276 2393 634  3001 1622 3617 2642 4241 3802 4909 4946 5527 
5292 2875 1638 4625 4452 1075 1536 4475 5456 395  3492 949  3180 1313 1520 2331 680  567  4136 3255 5336 4935 544  1809 650  2091 3052 2343 4064 3165 4756 3151 5430 3293 84   3455 342  3641 1130 21   1798 723  2414 1707 3034 4291 2934 4411 3474 4667 4826 5007 5038 5361 5254 67   4638 491  604  1009 2348 1549 4252 2113 218  2707 1138 3329 2126 3923 3218 4567 4414 5227 5554 
1595 2496 3895 3366 5405 5236 2675 3584 3825 1792 755  5364 1147 4260 1417 1280 4221 2360 441  4664 4185 1088 525  1276 1971 950  2187 1780 2769 4292 3495 5332 3233 5592 3385 198  3551 522  3737 1474 321  2114 1203 2710 2199 3370 4351 3228 4511 3972 4849 4952 5223 5162 5583 5410 269  32   743  1436 1279 3308 1831 5284 2399 662  3011 1642 3623 2654 4243 3814 4919 4954 5531 
5376 2755 1932 4745 4644 1025 1776 4525 5488 4455 3724 955  462  1339 5390 4743 760  1053 3320 399  5368 5145 572  2115 1888 2067 1340 2373 2620 3333 4768 4155 368  3295 96   3437 348  3647 738  3809 1802 753  2410 1713 3058 2733 3674 4417 3516 4681 4812 5065 5048 5367 5258 71   4722 499  628  1013 2372 1553 4276 2129 226  2711 1142 3331 2138 3929 3226 4583 4426 5231 5578 
1615 2112 3965 3444 5555 5382 2725 3726 125  2548 2475 952  1145 888  1457 980  4797 1750 2601 4280 987  1216 735  1292 4365 2492 2193 1850 2829 3860 3759 5344 4665 2512 3397 204  3563 558  3715 996  3899 2134 1227 2714 2217 3374 3273 3970 4529 4014 4853 24   5251 5174 5601 5416 271  44   751  1468 1283 3316 1847 5308 2411 674  3019 1646 3631 2722 4253 3826 4931 5006 5557 
1512 2945 2088 4807 4512 1325 1782 4775 252  415  4508 5445 1736 1315 1242 1639 920  1377 3410 483  5240 1407 608  2175 1892 195  3104 2379 2650 3363 4780 4161 464  5151 5072 3443 372  3649 774  3811 1278 3979 2456 1731 3064 2757 3682 3849 4330 4687 4842 5069 606  5459 5272 73   4782 503  652  1019 2396 1559 4348 2131 254  2713 1154 3343 2174 3931 3238 4591 4442 5233 5582 
1625 4416 2849 2880 5369 5346 2825 3792 145  1908 767  1064 5175 1144 1465 1554 1763 2030 3249 4360 1029 1472 765  1274 4335 2528 1245 3604 2847 3940 3783 5348 4671 2608 5559 190  3569 564  3743 1014 3893 1524 4055 2726 2229 3382 3279 3962 4443 4634 4855 42   5255 1434 289  3462 277  50   757  1492 1289 3356 1861 5444 2417 694  3023 1654 3637 2734 4259 3862 4933 5042 5563 
1848 3055 2052 4081 1800 2023 1968 4805 288  445  3636 965  616  2295 2002 1643 210  1843 3094 759  5270 1431 392  2325 1924 105  3068 2355 4114 3423 4796 4173 496  5157 5296 657  530  3653 804  3817 1236 3983 1812 4135 3074 2787 3686 3867 4342 4677 4838 5071 618  5461 2406 79   4854 509  668  1021 2404 1567 4364 2137 262  2719 1174 3347 2182 3943 3242 4597 4474 5237 5594 
1885 4928 3995 3552 5453 4860 3871 3952 155  2028 749  216  1157 1672 3105 2296 1769 510  1969 4520 1113 1856 825  1312 4425 2444 1185 3616 2865 4316 3585 5372 4683 2672 5595 232  1737 830  3749 1062 3901 1572 4063 2034 4193 3406 3291 3982 4449 4642 4839 4958 5257 1446 361  3522 281  52   761  1516 1291 3362 1867 5468 2423 698  3037 1658 3643 2746 4261 3866 4937 5062 5569 
2688 3145 2208 4123 1980 2107 3000 77   468  485  3708 959  3330 1337 2584 2145 2632 1891 1110 2117 5170 1443 476  2385 1952 255  3116 2397 4108 3345 4828 4179 512  5181 5392 711  536  3033 1162 3827 1284 3985 1818 4145 2358 4295 3688 3873 4346 4685 4856 5079 5066 5465 2454 83   4866 521  692  1031 2428 1571 4372 2141 274  2729 1186 3359 2186 3947 3254 4603 4478 5261 5602 
1705 5568 2905 3588 5593 4950 4067 720  301  2124 763  1860 1159 4350 1469 2408 2565 2618 2021 1770 2191 1984 855  1316 4545 2596 1335 3626 2889 4324 3615 5356 4695 2768 729  230  1773 854  4383 1490 3937 1602 4061 2076 4207 2718 4367 3992 4461 4646 4857 4966 5241 5176 529  3558 283  68   769  1532 1297 3412 1871 5492 2437 706  3041 1678 3659 2762 4271 3898 4943 5078 5573 
2184 2915 2232 4403 2340 2303 3480 91   5440 553  1380 973  3450 1331 5490 1649 2744 3375 3416 2119 2190 2291 644  2535 1972 285  3124 2403 2740 3399 4832 4191 592  5205 5584 747  568  3123 1166 27   1810 3991 1854 4141 2364 4303 3006 4427 4354 4699 4858 5091 5074 5403 5282 89   4926 523  716  1033 2452 1579 4388 2143 278  2731 1198 3361 2194 3967 3274 4621 4486 5273 5606 
1955 1764 3905 3816 5467 5100 4361 5610 329  660  779  1950 1169 4380 1477 180  1781 2926 3315 4466 2183 2814 2407 1364 4575 2516 1455 3652 2919 3950 3801 5350 4731 2864 45   238  1791 856  4419 1498 327  2146 4069 2148 4213 2724 4369 3252 4531 4044 4859 4978 5259 5198 5613 5446 293  76   773  1556 1301 3428 1873 5524 2441 718  3049 1706 3671 2798 4273 3902 4951 5086 5581 
3192 3245 2142 4715 4446 2597 3510 133  4160 581  1500 979  3540 1343 5550 1651 270  1909 3752 3705 5432 2285 3066 2491 1988 345  3146 2445 4148 3429 4820 4209 656  5211 5552 801  574  3141 1178 15   1816 771  2422 4163 2388 4307 3012 4429 3582 4705 4878 5089 5090 5433 5288 97   4938 541  722  1039 2468 1583 4412 2153 298  2741 1202 3371 2206 3989 3314 4637 4502 5279 4    
2015 2304 4015 3612 275  3072 4477 1200 343  780  781  2070 1177 4550 1501 300  1757 750  1991 4648 4485 2368 2413 3270 2563 2656 1515 3668 2895 4384 3813 5380 4767 2896 63   248  1899 872  4491 1526 339  2152 1257 2758 4223 2748 4379 3258 4535 4086 4867 30   5263 5210 5619 5464 307  92   787  1588 1303 3436 1877 5596 2447 734  3061 1714 3673 2818 4283 3946 4957 5098 5591 
2856 3289 2394 4895 4524 1175 1904 209  900  589  2240 1003 3500 3933 2000 1661 390  1897 1230 2123 5504 5115 736  2497 3534 2629 3164 2409 4172 3405 4844 4233 688  5217 100  867  584  3177 1192 33   1832 789  2438 1761 3070 4309 3084 4435 3546 4709 4908 5093 642  5473 5302 101  4962 547  724  1049 2476 1597 4418 2161 302  2749 1214 3373 2218 4001 3326 4639 4534 5281 2    
2035 1296 4255 3654 5605 5412 3125 3984 371  990  793  1540 3393 4960 693  1300 1793 690  1967 1830 2197 2624 975  1372 2581 3834 2785 3692 2937 4396 3765 5396 4755 3056 99   250  2007 874  4527 1510 381  2158 1263 2770 2253 3422 4381 3324 4537 4122 4873 54   5267 1506 841  3594 311  98   797  1604 1307 3452 1879 5618 2459 746  3067 1718 3677 2846 4289 3958 4967 5102 5623 
3864 3355 2436 4945 4004 1445 2064 4825 396  611  4900 3159 3680 3003 1840 2499 1000 1903 1290 2147 2370 2317 748  2655 2044 2651 4134 2881 2780 3417 4876 4215 752  5235 196  873  590  3231 1208 39   1826 807  2482 1779 3082 2811 3704 4439 3684 4711 4986 5095 654  5485 2514 103  4974 557  764  1051 2524 1601 4436 2179 314  2753 1226 3389 2234 4003 3334 4643 4538 5297 1    
