4752 1225 864  3311 4080 539  1920 4067 4400 5733 3040 3003 4960 1449 2480 3339 4700 5589 2210 189  4360 903  832  735  1184 5715 2272 1653 940  2379 3140 3243 4540 3999 5452 4755 2608 5649 136  1233 754  3681 1384 123  2006 993  2666 1983 3302 3117 3896 4359 4582 5259 5048 5631 5258 157  5614 617  916  1129 2708 1697 4748 2293 358  2879 1286 3529 2342 4133 3446 4793 4666 5449 
2275 4968 1547 5760 4807 3900 2527 4920 2401 1760 4347 4000 4389 1360 2541 1280 4599 1430 3483 3320 609  5270 1239 416  3525 1694 885  2852 2067 1940 2829 4028 3597 5024 4245 512  5211 5008 363  434  2421 1054 5121 1688 501  2318 1473 2938 2571 3598 3711 4294 4971 4910 5469 5174 4489 4782 379  212  877  1772 1433 3716 1999 10   2609 802  3217 1814 3823 2906 4463 4054 5107 5294 
3168 455  1056 3451 1440 833  1320 4361 5200 3213 2860 3969 4420 1617 2560 3381 5300 5607 2470 231  4370 987  1088 1725 1036 405  2312 1659 950  2397 3260 3297 4556 3945 5516 4773 2672 5673 170  1251 776  3771 1390 129  2008 1011 2674 2019 3310 3147 3914 4377 4610 5267 5066 5637 5272 163  5622 619  932  1151 2732 1699 4772 2297 362  2887 1294 3533 2362 4139 3466 4799 4678 5471 
2975 5016 1715 2508 4879 3300 2597 5130 77   2080 3591 3740 1197 1840 2499 1100 4743 1640 3807 3560 651  5330 1269 224  3555 1696 915  2888 2091 2060 2847 4064 3435 5044 4323 656  5217 5072 369  470  2439 1066 5139 1702 537  2330 1497 2954 2577 3614 3747 4298 4989 4936 5473 5176 5041 4854 383  236  881  1796 1439 3748 2003 14   2617 818  3221 1822 3833 2918 4481 4058 5113 5314 
5616 595  936  3395 3828 637  2040 4477 960  287  3200 5103 4840 1701 2960 3549 440  5661 2530 273  4510 999  448  1815 1148 1875 2324 1677 1060 2403 3340 3333 4564 4023 5536 4809 2768 5685 154  1341 782  3789 1394 141  2014 1041 2678 2031 3322 3153 3922 4413 4616 5269 1506 5699 3558 167  5626 631  956  1153 2738 1709 4804 2309 382  2897 1306 3539 2374 4153 3482 4801 4682 5477 
1925 4992 1771 2784 4615 4554 2891 5160 91   660  493  4180 819  5500 2583 1700 4797 770  4293 3410 663  5432 1125 364  3735 1708 1005 2884 2109 2050 2877 4108 3495 5054 4251 592  5235 5296 387  472  2493 1070 5193 1730 543  2338 1509 2984 2589 3634 3777 4310 5001 4922 5485 2454 5329 4866 389  242  883  1828 1447 3764 2011 22   2621 838  3229 1838 3847 2942 4483 4078 5119 5318 
3744 385  1152 3535 3876 5705 5676 4693 3520 301  1170 679  5060 1827 3440 3717 640  1053 2590 351  4466 855  1472 1845 1078 225  2332 1695 3212 2451 3350 3363 4588 4017 5540 4833 2896 5691 184  1359 790  3879 1406 159  2054 1047 2686 2049 3346 3183 3926 4443 4630 5277 5074 5707 3594 173  5630 641  964  1163 2764 1721 4852 2311 386  2903 1318 3541 2386 4157 3494 4813 4694 5479 
2695 5304 1855 2574 4625 4644 1175 1232 1989 2200 497  1740 871  880  2793 1300 4959 1610 4779 3430 741  5474 1215 308  3975 1748 1065 2924 2085 3488 2889 4018 3585 5068 4371 688  5253 5392 423  488  2523 1090 5283 1738 573  2344 1527 3002 2631 3638 3831 4318 5007 4942 5489 2514 5    4926 397  244  887  1844 1451 3788 2017 26   2633 842  3251 1858 3851 2962 4493 4106 5147 5326 
4896 665  1188 3605 3936 5555 5152 5265 3472 2223 3400 703  420  1007 3280 3843 520  891  2680 297  4520 1023 1216 1935 1196 105  2336 1743 3268 2355 3626 2865 4598 4029 5548 4887 2864 5697 182  1413 806  3897 1414 177  2056 1059 2690 2073 3352 3189 3928 4449 4634 5287 1542 5713 3606 179  5646 643  1004 1171 2804 1723 4868 2333 394  2909 1322 3547 2402 4159 3506 4817 4702 5483 
5005 2448 1729 2904 4745 4256 4455 1904 2925 5456 5187 4600 869  2790 1157 1900 4977 1720 4941 3710 627  5480 1281 544  4005 1804 1185 2948 2121 3572 2595 4046 3615 5084 4395 752  5271 5552 477  494  2529 1096 5337 1742 579  2354 1563 3014 2643 3656 3837 4328 5079 4952 5497 2526 7    4938 401  268  907  1852 1453 3812 2027 34   2647 862  3253 1874 3853 2966 4507 4126 5153 5342 
5472 805  1224 3731 3996 5665 3136 2475 3584 1755 2816 4641 5120 1027 3870 1313 680  567  2750 459  4690 1107 1856 2115 1204 135  2356 1833 1150 2409 3668 2895 4606 4035 5564 4893 3056 5709 190  1467 808  3951 1426 183  2086 1077 2696 2103 3358 3207 3934 4461 4642 5293 1578 5723 3642 181  5654 647  1028 1181 2836 1733 4892 2339 398  2917 1346 3557 2426 4177 3518 4831 4714 5501 
3185 1584 2065 2976 4715 4452 1445 1456 3825 5488 2565 1408 1323 1520 1169 5310 1403 1870 5427 3770 759  5510 1353 392  4335 1862 1095 2996 2133 2140 2937 4148 3657 5092 4401 848  5289 5584 507  506  2547 1102 5391 1778 591  2378 1569 3026 2649 3658 3849 4330 5091 4966 5509 2586 11   4962 409  284  911  1868 1459 3868 2029 38   2657 866  3257 1882 3863 2974 4513 4138 5167 5354 
5184 875  1248 3619 3978 5605 5418 3125 3952 1485 4352 4095 1672 1911 3760 1273 450  1589 2840 357  4750 1029 1984 2175 1274 165  2366 1749 1180 2553 3460 3399 4580 4011 5566 4947 3088 5727 232  1503 814  3987 1432 201  2074 1101 2698 2127 3368 3261 3938 4467 4646 5299 1614 5729 3678 191  5662 653  1052 1187 2876 1741 4916 2341 422  2927 1354 3559 2434 4201 3554 4861 4742 5503 
3325 1872 2135 2952 4795 4692 1325 1392 4975 1568 3105 1496 4725 2432 2709 2300 1411 594  1717 3880 777  5560 1311 476  4365 1876 1245 3038 2187 2150 2919 4150 3621 5050 4407 944  5295 5744 531  518  2637 1106 5409 1784 597  2390 1623 3032 2661 3670 3867 4334 5097 4958 5515 2598 13   4974 419  292  919  1916 1471 3884 2039 46   2659 878  3259 1894 3877 2978 4517 4162 5171 5366 
5148 1015 1368 3689 4056 5735 5236 3175 3408 185  3388 3705 2024 5355 2944 4221 760  1591 984  1841 4730 1113 2368 2325 1276 195  2492 1809 1210 2613 3550 3417 4628 4047 5572 4899 3152 5745 238  1557 824  4041 1442 213  2104 1119 2702 2157 3370 3273 3962 4479 4654 5305 1626 5731 3702 193  5672 659  1058 1193 2908 1747 4924 2347 446  2939 1366 3571 2446 4211 3566 4871 4754 5507 
4025 2592 2093 3960 4921 4824 1475 1488 5275 5232 415  616  3315 2552 1575 3608 5031 1330 1727 1410 1963 5750 1407 572  4425 1892 1455 3052 2139 2180 2967 4172 3699 5140 4503 976  5343 5648 549  530  2763 1112 5463 1786 633  2398 1641 3034 2721 3674 3873 4342 5127 4978 5513 2634 17   5034 421  316  929  1922 1481 3908 2053 58   2663 886  3271 1906 3881 2986 4519 4166 5179 5374 
2376 1085 1632 3857 5520 847  5688 3275 3504 205  1044 635  1288 4185 3128 3675 3944 1863 2870 1843 1770 2147 2624 2385 1292 345  2444 1767 1220 2607 3580 3429 4636 4053 5588 4929 3184 5757 230  1611 826  4107 1448 219  2114 1137 2710 2181 3374 3279 3970 4497 4658 5311 1662 5747 3714 197  5678 661  1076 1201 2932 1753 4948 2351 454  2953 1382 3581 2458 4217 3574 4877 4762 5519 
4165 2736 2233 3600 5117 4140 2873 1536 5575 5424 445  2178 785  2002 4995 3712 1155 4472 5751 3910 1969 2226 2249 532  4545 1888 1335 3068 2163 2260 2943 4114 3633 5150 4431 1072 5307 100  603  568  2799 1118 5517 1790 669  2410 1671 3058 2733 3682 3891 4346 5129 822  5533 2658 19   5118 431  332  937  1948 1483 3932 2063 62   2671 898  3299 1934 3889 2998 4523 4174 5189 5378 
2808 1295 1404 3773 4560 1183 2280 4753 3536 215  1116 655  3042 955  2296 4845 4264 1785 5192 399  4810 2159 2622 2419 1316 255  2528 1869 1340 2619 3610 3423 4660 4071 5620 4917 3376 5763 248  1587 830  4113 1462 237  2110 1149 2714 2199 3382 3291 3982 4533 4670 5317 1686 5753 3786 199  5682 673  1084 1213 2956 1759 4996 2357 458  2957 1402 3583 2462 4219 3578 4889 4766 5521 
4235 3312 2261 2880 4991 4500 2783 5640 133  5632 485  2196 815  3852 1115 2744 5115 4736 1995 5336 837  5530 2257 3090 2519 1924 1491 550  2193 2350 3009 4192 3723 5194 4509 1136 5319 196  639  536  2817 1130 5553 1798 681  2414 1689 3064 2757 3686 3903 4354 5141 834  5539 2694 23   5142 433  338  941  1964 1487 3964 2069 74   2677 914  3301 1942 3907 3022 4547 4178 5197 5386 
3456 1001 4320 3913 1800 931  3000 4901 5440 2457 3872 685  3204 965  4716 1205 3094 2025 4862 3255 5512 1161 3008 2413 3354 2615 2516 1917 1450 2667 3620 3441 4676 4065 5612 4953 3568 729  250  1629 854  4149 1474 249  2134 1167 2726 2217 3406 3309 3992 4569 4696 5315 1698 5755 3846 211  5690 677  1108 1217 2972 1777 5036 2371 466  2963 1418 3593 2474 4229 3602 4903 4778 5527 
3575 3888 2387 4800 5083 4860 2989 5610 161  2720 5481 1144 835  3924 1135 5436 1355 3416 3645 5368 3885 1936 5145 736  2513 3894 2785 3104 2211 2620 3021 4214 3729 5216 4521 1168 5373 256  657  574  2853 1162 5547 1802 687  2422 1707 3070 2787 3688 3909 4366 5131 894  5543 2742 29   5154 439  356  947  1996 1489 3988 2081 82   2683 922  3307 1954 3911 3046 4549 4198 5209 5398 
4032 2185 1836 4081 2400 1127 2970 4949 4160 4851 3680 1071 1976 985  4932 1255 312  1535 3752 585  5576 4515 3392 2535 1312 2641 4242 2923 1420 2679 3650 3471 4756 4077 5644 4965 3632 45   266  1719 856  4167 1490 267  2146 1191 2758 2229 3422 3327 4010 4593 4706 5321 1758 5759 3858 223  5710 683  1124 1223 3004 1783 5108 2377 478  2969 1438 3607 2498 4231 3622 4909 4786 5531 
4675 4872 3445 3096 5159 5100 3211 720  119  2600 2079 4640 5313 2584 1145 5652 1385 546  1685 4424 675  2704 315  608  4575 1972 2815 4494 3043 2540 3051 4220 3753 5252 4551 1264 5379 676  711  584  2883 1166 5571 1810 699  2438 1713 3074 2811 3704 3921 4376 5137 906  5545 2766 31   5178 443  388  953  2012 1493 4036 2083 86   2687 926  3313 1966 3917 3062 4561 4222 5227 5414 
3024 2255 1764 3995 4128 1421 2760 4961 900  329  3800 3927 1600 1953 3256 1285 378  1555 1026 1853 4774 1035 2752 2655 1352 285  2596 2929 4806 3113 3692 3477 4708 4089 5650 4983 3664 63   286  1737 872  4203 1498 291  2152 1203 2770 2253 3434 3351 4024 4629 4718 5339 1842 5761 3882 227  5718 691  1132 1229 3028 1787 5116 2381 482  2971 1454 3613 2518 4241 3646 4919 4798 5557 
5225 3864 3485 1638 4895 4836 3179 4200 187  780  511  4940 693  2000 2961 3784 1405 696  1735 1416 1985 5642 1275 644  4635 1952 1515 3116 3005 5358 3227 4232 3741 5260 4539 1250 5397 484  747  590  2979 1178 5679 1816 717  2456 1731 3082 2823 3706 3957 4378 5143 942  5549 2778 37   5262 449  404  967  2036 1499 4052 2087 94   2689 934  3319 1982 3919 3086 4567 4226 5231 5422 
4368 2365 504  4085 3402 5695 5586 5203 5460 391  1500 697  1040 2331 4240 4263 4136 1565 1032 1865 1914 2155 3776 2745 1364 375  2656 1887 3296 3127 5658 3341 4768 4137 5660 5019 3728 75   296  1773 874  4311 1510 303  2158 1227 2774 2271 3448 3369 4042 4647 4738 5327 1866 5765 3918 229  5726 701  1172 1231 3044 1789 5132 2383 502  2999 1466 3617 2554 4243 3662 4931 4822 5563 
3025 4914 3515 2142 4945 4004 1525 1776 253  2940 517  3640 1881 2320 3087 2420 5229 4664 1739 1482 1981 2322 2263 748  4815 1988 1545 3124 2235 3556 3233 60   3431 5290 4587 1328 5385 1156 801  598  3033 1192 5769 1826 723  2482 1761 3110 2841 3730 3963 4382 5149 978  5561 2802 41   5286 457  412  971  2084 1511 4076 2089 106  2693 958  3323 1994 3923 3098 4583 4258 5233 5426 
4536 2375 4928 4255 3234 425  5628 3425 3792 377  840  713  1120 2907 4720 4437 920  1377 2920 1883 1830 2149 2670 2429 1376 435  2684 1905 3404 2445 3718 3349 276  3569 5668 5037 3824 99   290  1791 890  4383 1526 309  2162 1257 2776 2283 3454 3387 4066 4659 4726 5345 1878 5767 3954 233  5734 709  1228 1237 3076 1801 5156 2389 514  3001 1478 3623 2558 4253 3694 4933 4834 5569 
5525 4158 3565 2394 5015 4312 1775 1782 5675 252  527  2310 893  3500 3663 980  4719 1750 1089 4030 1991 2328 2279 3102 2515 2044 1581 3146 2241 3596 2685 4228 3439 558  3667 1424 5421 1444 867  602  3123 1208 81   1832 753  2486 1779 3112 2859 3736 3981 4390 5161 1002 5567 2874 43   5298 461  428  977  2092 1523 4084 2099 118  2699 974  3329 2018 3929 3106 4591 4262 5237 5438 
5544 2405 672  4147 3444 325  5664 3475 3726 235  1332 731  630  1037 5000 4563 280  1539 2990 513  4930 2167 2712 2435 3498 2669 460  1971 1550 2703 3772 2955 4796 3587 852  3791 3856 117  310  1899 902  4419 1528 321  2168 1263 2782 2307 3464 3453 4072 4677 4744 5353 1902 5771 3966 239  5738 719  1244 1249 3092 1811 5164 2393 526  3011 1486 3631 2566 4259 3722 4937 4846 5573 
4225 5208 3553 5040 5291 4956 1675 1968 5725 288  505  2412 899  2820 1159 2450 5247 1880 441  4040 861  5590 2291 3144 2533 3912 2807 580  2247 2740 3081 4268 3759 5324 3679 1206 3883 2116 873  610  3141 1222 15   1834 771  2488 1797 3122 2901 3766 4083 4394 5155 1038 5579 2922 47   5322 463  436  983  2164 1531 4124 2111 122  2707 982  3331 2026 3931 3118 4597 4274 5261 5458 
3696 2465 756  4199 2520 1573 5724 3725 3984 265  1452 695  3468 1043 4020 1331 910  2349 3160 429  5080 1173 3904 2443 3390 2629 4218 2933 1460 2697 3820 3507 4780 4161 5728 3799 1524 3983 328  2007 904  4491 1534 327  2198 1293 2786 2319 3470 3459 4082 4701 4792 5357 1986 5773 4038 241  5752 727  1252 1259 3148 1823 5188 2399 538  3019 1502 3637 2578 4261 3734 4943 4874 5581 
1105 1008 3625 2464 5681 3360 3509 2064 625  396  515  2556 865  4068 1177 5070 1441 2120 1521 4120 783  5656 1305 836  2537 3930 2813 4584 3017 2650 3111 4292 3783 5332 4605 1552 3893 1854 4069 632  3177 1246 27   1846 789  2494 1803 3130 2913 3782 4101 4402 5163 4982 5585 2946 53   5362 467  452  991  2188 1543 4132 2113 134  2711 998  3343 2038 3943 3134 4603 4282 5273 5462 
2016 2431 1176 4355 3612 1859 3780 5239 4048 295  1476 707  3492 995  5004 1333 120  1603 3190 483  5170 1131 4288 2775 1372 2651 4266 2935 4818 3131 3796 2985 4828 4155 5746 5055 4016 3985 2172 4169 938  4527 1544 339  2216 1299 2792 2361 3478 3489 4090 4713 4790 5331 5122 25   4062 251  5762 733  1268 1277 3188 1831 5204 2411 542  3023 1514 3643 2582 4271 3742 4951 4882 5591 
715  2268 3655 2436 5035 4662 3751 1680 221  588  535  2628 889  4332 1165 168  1417 690  1751 4070 897  5698 1395 812  4905 2048 2827 4578 3035 5406 3235 4316 3765 5344 4611 1616 5451 3364 4087 2676 4265 1256 21   1864 807  2504 1821 3154 2931 3790 4119 4430 5169 4990 5493 5198 59   5384 479  508  997  2228 1549 4156 2129 142  2713 1006 3347 2042 3947 3142 4621 4286 5279 5482 
5712 2585 1092 4301 3654 275  5772 5491 4620 403  1548 721  2430 1057 5202 1315 384  1631 1110 1891 4522 975  4544 3015 1484 465  2668 2941 4902 3133 5736 3353 4832 4173 5764 5061 4112 147  344  4181 3006 4321 1558 381  2222 1317 2794 2391 3490 3513 4094 4737 4808 5349 5090 5667 5282 257  5770 739  1324 1279 3236 1847 5212 2417 554  3037 1522 3659 2594 4273 3746 4957 4894 5623 
1045 2352 3685 2604 5125 4998 1805 2106 323  3150 533  2070 901  2850 1189 216  1415 702  1757 1518 2005 5768 1425 868  5025 2068 1533 620  3031 5370 3239 90   3437 5372 4623 1648 5457 3844 909  638  4249 3258 4399 1886 813  2506 1839 3170 2949 3794 4143 4438 5165 4994 5541 5206 3    5402 487  524  1009 2252 1553 4196 2131 146  2719 1018 3359 2062 3967 3158 4637 4306 5281 5498 
3276 2635 1596 4345 3808 475  5742 3775 4144 437  1890 737  1050 1067 4230 1337 408  1585 1122 1895 1938 2165 4672 3075 1504 555  2756 1947 1580 3139 5730 3377 306  3589 1024 5073 4208 153  322  2043 946  4331 3684 4487 2230 1329 2806 2427 3502 3543 4102 4749 4814 5359 5128 5703 5288 263  64   743  1348 1283 3244 1861 5228 2423 562  3041 1538 3671 2602 4283 3754 4967 4918 5639 
935  4176 3835 2646 5135 4884 1825 2128 5175 1792 551  4760 913  3180 1199 5340 1457 714  1745 1554 2021 2346 2285 884  5085 2108 1551 650  2289 2780 3241 108  3443 564  3683 1712 5487 5476 927  646  3231 1258 4405 4086 4571 2510 1851 3176 2973 3806 4197 4454 5173 1074 5587 5210 61   5410 491  548  1013 2276 1559 4204 2137 158  2729 1042 3361 2066 3989 3166 4639 4322 5297 5506 
3528 2665 924  4465 3906 575  3072 3925 4592 2145 4508 5643 1400 1073 4260 1339 210  1633 1128 1903 1992 2171 2706 2449 1508 615  2716 2001 1660 2727 3860 3379 342  3595 876  3805 4304 171  370  2061 962  4581 1562 4501 4338 4619 2810 2433 3512 3561 4118 4791 4826 5363 2022 49   4098 269  12   751  1388 1289 3284 1867 5276 2437 566  3049 1546 3673 2606 4289 3758 4969 4934 5641 
1235 3564 3875 2898 5185 5076 1975 2256 55   3332 3135 728  2277 4340 1219 5490 1469 744  1763 1566 2033 2370 2317 3186 2545 2144 1593 740  2301 2890 3129 4324 3455 636  3695 1212 3899 40   963  658  3303 1270 39   1910 4573 4734 4699 3178 2991 3818 4227 4456 5177 1086 5597 2994 67   5416 499  556  1019 2284 1567 4244 2141 166  2731 1046 3371 2078 4001 3194 4643 4358 5303 5534 
2772 2755 1386 4495 3822 605  576  4075 4272 305  4732 3915 952  3159 5390 1343 270  1639 1218 1909 1974 2173 2838 2455 3534 2653 500  2013 1780 2739 3940 3531 4844 3599 948  3809 1572 3991 374  2097 970  4689 1570 393  2242 4627 5046 4765 3514 3579 4142 4803 4838 5377 2082 121  4146 271  18   757  1396 1291 3292 1871 5284 2441 586  3061 1574 3677 2614 4297 3778 4973 4946 5647 
1495 4464 3895 2912 5335 5088 2075 2288 35   468  545  896  4125 1736 3933 2900 1477 750  1781 1590 2041 2424 2305 3162 2561 3942 2831 820  2343 2950 3171 4384 3813 5348 3707 1236 3901 1884 4105 664  3357 1298 51   1898 831  2522 4709 5316 4843 3830 4269 4462 5183 1146 5599 3018 71   5442 503  578  1021 2308 1571 4252 2143 178  2741 1082 3373 2098 4003 3202 4649 4406 5309 5554 
4284 2717 1428 4565 3948 725  2916 4175 4656 335  1692 745  1624 4485 2408 4617 1000 1643 1230 1897 1998 2177 2862 2453 3576 2681 4278 2947 1690 2751 3916 3165 4876 4191 80   3817 1602 3997 2286 4171 986  4707 1576 411  2248 1347 2824 4769 5634 4897 4154 4821 4856 5371 2094 169  4206 277  20   761  1412 1297 3308 1873 5308 2447 614  3067 1594 3691 2638 4327 3802 4987 4954 5651 
1265 4608 3905 2964 5365 5082 2225 2544 65   612  553  2988 895  2072 4785 2968 5301 2030 1793 1608 2045 2418 2315 3198 2563 4002 2839 4602 3047 2980 3219 4396 3819 5350 4671 1744 3935 1926 4097 2682 4279 1304 33   1912 849  2534 1857 3182 4849 30   4997 4490 5191 1158 5603 3054 73   5446 509  596  1031 2348 1579 4276 2153 194  2749 1094 3389 2102 4007 3214 4651 4414 5323 5578 
4704 2795 1656 3745 4092 845  336  4205 4816 355  1908 749  3636 1055 2632 4875 3304 2511 3010 1919 2046 2183 2814 2461 3618 2701 4296 2959 4890 3143 3950 3537 4820 4179 176  5109 4336 4009 2292 4183 3012 4333 1586 417  2266 1371 2822 2463 3526 4907 174  5069 498  5383 2118 289  4254 281  28   769  1436 1301 3316 1877 5444 2459 622  3079 1618 3697 2642 4337 3814 4993 5006 5653 
1375 5328 2345 3036 4865 5112 2425 2576 4275 2156 559  2220 917  4572 1195 2618 5535 3458 2601 4130 2047 2472 2321 3270 2567 4008 2845 4632 3053 5394 3247 4444 3801 5356 4665 1808 5505 56   4103 2718 4285 3324 4411 1918 843  2536 1893 3206 3027 3832 4985 354  5195 1182 5609 3126 79   5464 521  604  1033 2372 1583 4348 2161 202  2753 1114 3391 2122 4013 3218 4657 4426 5333 5582 
4788 2875 1716 3815 4248 175  432  4325 4784 2295 4864 763  2460 1079 5364 1345 2926 5625 3976 561  4970 2189 2886 2471 3666 2705 4326 2951 5010 3149 5694 3365 4964 4209 112  5133 4432 207  376  4187 3084 4343 3732 4499 2264 1383 2830 2469 3530 3603 4168 5065 582  5389 2154 361  4314 283  32   773  1468 1303 3356 1879 5468 2467 626  3083 1622 3701 2654 4339 3826 4999 5042 5657 
1595 4212 2485 3132 5215 5244 2525 2754 95   2548 3375 1664 959  3330 1207 264  1465 3542 5655 4648 957  400  2323 3210 2569 4026 2855 4674 3071 5430 3269 132  3473 5380 4731 2032 5511 70   981  670  4267 3372 4415 4122 4555 2542 1923 3208 3039 3838 4281 4498 5201 1194 5611 3138 83   5466 523  628  1039 2396 1597 4364 2179 206  2767 1126 3407 2126 4019 3226 4663 4442 5347 5594 
5292 2915 1824 3955 4392 245  528  4475 4698 365  5408 3465 2176 1081 4350 1349 462  1649 4088 495  4984 1209 5056 2479 3624 2723 4344 2965 5064 3151 144  3383 348  3601 272  5157 4496 243  406  2151 994  4351 3756 4511 4404 4631 2834 2481 3538 3639 4184 4827 4870 5401 2202 529  4362 293  44   787  1492 1307 3362 1889 5492 2473 634  3089 1642 3709 2722 4349 3862 5003 5062 5659 
1615 1344 3965 3348 5285 5256 2575 2832 85   684  565  1768 5775 3016 1211 5550 1501 858  1765 4186 765  784  1665 928  2573 4110 2863 4686 3065 5448 3263 126  3487 666  3713 2096 5523 88   1017 682  3411 1310 4417 4188 4577 4764 4711 3266 3057 3842 4287 4504 5199 5002 5615 3246 89   5470 541  652  1049 2404 1601 4372 2203 214  2777 1138 3413 2138 4021 3238 4673 4474 5351 5602 
5376 2945 1932 4505 4428 775  624  4525 4848 343  2028 755  2392 2835 3224 1351 330  1673 1242 1915 5278 825  5312 3195 1564 2743 4374 2977 5106 3155 5754 3385 372  3611 954  3811 4528 261  410  2169 1010 4869 1592 4529 4476 4633 5052 4771 3544 3651 4190 4839 4858 5361 5126 841  4398 307  50   797  1516 1319 3412 1901 5524 2477 662  3109 1646 3719 2734 4357 3866 5009 5078 5669 
1625 5508 4015 3108 5375 5096 2645 2928 115  768  581  2844 905  2728 2205 3848 1513 870  1799 1674 2071 4624 5565 968  5325 2204 2867 4710 3073 5454 3265 156  3493 708  3715 1278 3937 104  1083 686  3447 1334 57   1928 4589 4812 4717 5388 4847 3854 4299 4514 5207 5014 5583 5222 97   5486 547  668  1051 2428 1607 4388 2207 218  2789 1142 3433 2174 4027 3242 4679 4478 5381 5606 
1512 3055 1944 4433 4116 925  648  4775 4944 371  1380 767  3708 1099 3496 945  4408 1651 1254 1921 2010 2191 5696 3225 1612 645  2788 2981 5190 3161 324  3397 414  3629 996  3827 1644 4031 424  2259 1016 4923 1582 447  2270 4661 5058 4781 5706 4913 4202 4857 4886 5367 5134 5721 5302 311  52   809  1532 1321 3428 1907 5596 2503 674  3119 1654 3727 2746 4363 3898 5011 5086 5683 
1705 1728 2555 3384 5395 5124 2675 2992 125  828  583  4830 923  3450 1241 3968 1365 4712 1769 1704 2051 2442 2327 992  5415 2132 1605 3164 3077 5478 3277 150  3497 726  3737 1284 3941 1956 4109 710  3501 1336 69   1930 879  2546 4727 5484 4853 42   5017 4526 5213 5026 5601 5224 101  5494 557  692  1061 2452 1609 4412 2213 226  2791 1154 3449 2182 4049 3254 4691 4486 5387 5638 
2184 3145 2052 4403 4512 1025 816  4805 5104 395  2124 779  1470 1111 4650 1357 4216 2415 5032 1927 2130 2197 2910 2483 1628 705  2812 1965 3424 3173 192  3401 444  3635 1014 3829 1668 4033 2316 4193 1030 5013 1598 453  2278 1389 2872 4777 5748 4915 186  5071 606  5429 5138 5739 5306 313  68   811  1556 1327 3436 1913 5618 2521 694  3121 1658 3733 2762 4373 3902 5021 5098 5689 
1955 2112 2639 5280 5369 5346 2725 3078 155  882  589  3080 943  3540 1243 240  1507 4888 2625 5434 2077 2478 2329 3294 2581 2212 1599 3196 2265 3604 3287 198  3503 732  3743 1308 3949 2004 4115 2724 4291 1342 87   1946 921  2570 1929 3262 4855 54   5027 366  5219 1266 5617 5230 103  5514 563  716  1063 2468 1613 4418 2221 254  2797 1174 3457 2186 4051 3274 4703 4502 5393 5666 
1848 3335 2232 4277 1980 1519 912  4825 5136 407  2730 799  1540 1139 4380 1363 390  1661 5248 3045 5624 2195 2982 2489 3768 2735 2828 2055 3476 2505 3836 3403 486  3641 1062 3839 1734 4037 2358 4189 3114 4369 1606 471  2282 1401 2882 2487 3562 4939 222  5089 618  5411 2238 961  4434 317  76   821  1588 1361 3452 1931 5636 2531 698  3137 1678 3739 2798 4391 3946 5023 5102 5693 
1885 3264 2765 3366 5453 4950 3283 3344 145  972  629  5250 949  3630 1247 810  1517 798  1795 5504 4305 5776 2335 3288 2587 4074 2869 3172 2337 3616 2715 4448 3505 738  3749 1314 3953 1962 4117 2748 4295 3396 4427 1958 933  2626 1941 3272 3063 3874 5029 402  5221 1338 5627 3282 107  5518 569  722  1069 2476 1619 4436 2237 262  2801 1186 3461 2194 4057 3314 4721 4534 5399 5674 
2688 3245 2088 4123 2340 1813 3480 5047 5022 413  1650 793  1960 1121 4740 1379 456  1655 1272 1937 5704 4935 4096 2491 3738 2747 4386 2983 1850 2769 3892 3345 4972 3647 1068 3841 1746 4039 2364 4195 3156 4367 3798 4531 2290 1437 2914 2517 3586 3669 4210 5093 642  5435 2274 1369 4458 331  92   823  1604 1367 3508 1933 5692 2539 706  3163 1706 3761 2818 4397 3958 5039 5114 5701 
2015 3648 2737 2160 5423 5580 3479 5720 203  990  611  5320 2673 4060 1261 3750 1529 888  1807 1722 2059 704  525  988  2599 4134 2885 4728 3091 3020 3201 4484 3855 5396 3755 1356 3959 2034 4121 2796 4303 3438 4429 4164 4579 2630 1959 3278 3093 3878 4317 4552 5245 1362 5629 3342 109  5522 571  724  1087 2524 1621 4468 2239 274  2803 1198 3463 2206 4073 3326 4723 4538 5407 5686 
2856 3289 5400 4459 2700 2009 3510 5243 360  427  1530 781  1820 3267 4880 1387 510  1679 1290 1943 2058 2201 352  3285 1652 2759 4422 2987 5226 3193 3956 3405 4988 4215 208  3845 1788 4043 2388 4207 3174 4379 3804 4535 4518 4667 2930 2559 3590 3687 4234 4863 4898 5447 2298 1681 4506 337  98   827  1636 1373 3524 1949 5708 2543 718  3167 1714 3767 2846 4409 3974 5051 5158 5711 
2035 5568 2821 2640 5551 5220 3577 1200 217  1020 623  1950 979  4550 4059 3100 1537 918  1817 1752 2095 2538 2353 1012 5475 2236 2911 4746 3085 5496 3281 4532 3939 5404 4695 2192 3961 2076 4135 2826 4307 3474 4435 4194 4595 4842 4739 3286 3099 3886 4341 4558 5223 5030 5633 3378 113  5528 577  764  1091 2564 1627 4492 2243 278  2819 1202 3467 2218 4079 3334 4729 4546 5413 5702 
3192 3355 2208 4823 3060 2107 3720 5341 480  451  1710 791  2550 1133 5360 4473 1240 1687 1326 1939 2136 2215 2958 2495 1666 795  2842 2993 5214 3197 1458 3409 4850 4233 304  5151 4688 4045 2466 4213 3222 4381 3972 4537 4548 4645 5094 4819 3592 3693 4238 4881 4904 5403 5144 1849 4542 347  116  829  1676 1381 3532 1951 5716 2549 734  3169 1718 3769 2854 4421 3986 5059 5182 5717 
2125 2496 2849 3240 5467 5700 3703 1620 247  4410 649  2250 973  3660 1253 3380 5439 2090 1829 1794 2101 2562 2369 3306 2605 2254 1635 3232 3095 5502 3293 204  3521 5420 4683 2224 5529 128  4141 2868 4309 3516 4439 4236 4601 4878 4735 5526 4859 3890 4353 4568 5241 5018 5613 5254 127  5542 587  772  1093 2572 1637 4516 2251 298  2833 1214 3469 2234 4091 3338 4733 4562 5417 5714 
3432 1435 2484 4543 3420 2023 4290 5537 540  473  3570 803  2580 1141 4770 1393 1160 2997 3230 1961 2190 2227 3030 2497 3774 2761 2848 2037 3484 3205 72   3415 492  3653 368  5181 4802 279  418  4223 3228 4385 4014 4541 4596 4681 5172 4811 5766 4927 4246 4911 4906 5433 5146 9    5338 349  124  839  1682 1399 3548 1973 5732 2551 746  3181 1726 3779 2858 4423 3994 5077 5186 5737 
4655 4416 2905 3552 5593 1080 3871 4050 259  1140 667  2800 1003 3690 1267 180  1541 2170 4761 4250 2119 2490 2359 3336 2603 4152 2881 850  2373 3652 3295 228  3523 774  3763 2384 5559 110  1143 712  4313 3546 4453 4308 4607 4908 4747 5532 4873 102  5033 4570 5249 5038 5619 5246 131  5546 593  788  1097 2588 1657 4604 2267 302  2837 1226 3491 2246 4093 3386 4751 4574 5419 5722 
3672 1463 2652 4445 4446 2057 4440 5687 600  469  1860 817  2610 1147 4980 1391 570  1703 3290 621  5110 2231 3048 2501 3810 2771 4470 3007 2020 2781 4012 3419 516  3649 1098 3859 4912 333  430  2313 1022 4387 4044 4553 4626 4685 5196 4829 48   4955 246  5111 654  5455 5162 2209 4566 353  148  853  1684 1409 3628 1979 5756 2557 758  3187 1754 3793 2866 4441 3998 5081 5218 5741 
5075 2304 3059 3816 5405 5166 3757 5670 299  1350 671  3920 989  3850 1271 300  1561 930  1819 4270 969  2500 2363 3318 2623 4170 2893 4758 3097 3050 3237 4450 3551 846  3781 1422 3973 130  1179 730  3573 1358 4469 4302 4609 4986 4741 5556 4867 66   5045 426  5251 1374 5645 3414 137  5558 599  796  1103 2612 1663 4612 2269 314  2843 1234 3499 2258 4099 3394 4759 4586 5431 5758 
4104 1309 4680 4669 4576 1075 1104 143  2100 481  3990 851  2380 3393 5680 1397 552  1691 1302 1957 5240 1221 140  2507 3834 2773 4482 2995 5238 3199 3980 3567 5012 3665 1164 3865 1812 4061 442  2367 1034 5043 1630 4559 4668 4687 5268 4835 162  4963 258  5095 678  5459 2334 2809 4614 359  164  857  1724 1423 3644 1987 16   2579 766  3191 1762 3797 2878 4447 4006 5087 5234 5743 
5425 1296 3157 3120 5719 5382 2825 3216 319  5600 689  2240 2691 5180 4131 3700 1577 966  1835 1806 2117 320  1419 200  2611 4182 2899 4776 3101 5538 3317 4460 3993 5428 3785 1494 3977 2148 4145 742  3609 1370 93   1970 4613 5028 4757 5598 4883 78   5053 438  5255 1398 5663 3426 139  5570 601  844  1109 2636 1667 4652 2273 326  2851 1238 3511 2302 4111 3398 4783 4594 5437 5774 
4224 1505 2664 4697 3840 2299 1134 4925 5168 3861 4480 1287 2660 3519 700  4653 1190 1711 1464 1945 2214 2219 160  1431 260  2779 4530 3013 5352 3215 84   3421 5020 4239 464  3869 1818 4055 2502 4237 1048 5067 1634 489  2294 4705 5274 4837 36   4981 282  5105 762  5465 2382 3481 4638 367  172  859  1732 1427 3676 1993 6    2591 778  3203 1766 3803 2894 4451 4022 5099 5242 5749 
5635 4356 3115 3588 5621 1560 3971 3248 5445 3724 5049 4900 2871 5740 4257 4100 5499 2440 1837 1896 2105 2568 2407 220  1479 380  2921 4794 3103 5562 3305 234  3563 5450 4767 2416 3979 2166 4151 2892 4315 1378 111  1978 939  2648 4763 5604 4885 114  5057 474  5257 1434 5671 3462 149  5574 607  892  1117 2644 1669 4684 2281 334  2857 1262 3517 2306 4127 3418 4787 4618 5441 4    
4488 1645 2244 4585 4524 2303 4590 209  5264 2805 5684 1683 3220 3627 800  4557 1480 3321 3250 1967 2262 2245 3066 2509 350  1443 490  3029 5334 3223 96   3427 522  3661 496  5205 4976 4063 2532 4247 3252 4393 1670 519  2314 1461 2936 4841 24   4979 318  5123 786  5461 2406 3721 4722 373  188  863  1756 1429 3698 1997 8    2593 794  3209 1774 3821 2902 4457 4034 5101 5266 1    
4375 792  3367 3762 5495 5412 3887 1260 341  3328 3795 1064 3069 560  4329 4300 5577 2360 3249 4280 2123 2616 2395 3486 2627 340  1647 860  3107 5592 3337 294  3545 804  3787 2512 5595 152  4163 2934 4319 3582 4471 1990 951  2662 1977 3298 4891 138  5063 534  5263 1446 5677 3522 151  5608 613  908  1123 2692 1693 4724 2287 346  2861 1282 3527 2326 4129 3442 4789 4622 5443 2    
