5544 4225 2772 2755 4928 5265 3808 2475 1456 2565 3248 3135 1792 4845 616  3645 2002 1305 4088 2535 5656 5475 812  1677 1340 2703 2950 3621 4064 4587 5260 5649 1424 1143 56   3951 742  219  1414 1257 2146 2469 2794 3247 5754 3667 948  4105 2724 4471 4812 4853 438  5255 2154 5645 4146 29   5470 449  316  971  1948 1523 3964 2111 34   2711 866  3347 1894 3967 2986 4639 4174 5303 5386 
5525 3696 1615 2184 3875 2464 2925 5152 1485 2576 2145 4816 4125 2548 5805 1736 855  3094 1845 4774 3975 3904 615  1484 2193 2324 3201 3556 4071 4636 5109 5792 171  4208 2493 418  5517 1070 699  1790 1839 2488 3077 5226 3439 234  3901 1812 4303 3732 4681 5844 5071 1266 5459 3138 5905 5134 227  5846 701  1076 1237 2956 1811 5036 2399 398  3023 1354 3659 2446 4283 3574 4969 4766 5647 
4032 1105 4704 2875 5824 3825 4256 5445 1904 1755 3472 3315 3724 4995 728  495  2744 1395 4186 2655 5642 5715 868  1695 1988 2685 2924 3657 4108 4611 5290 5673 1552 1179 70   3987 754  237  1432 1263 2152 2481 2806 3265 5784 3683 954  4109 2748 4487 4842 4855 474  5257 2202 5663 4206 31   5486 457  332  977  1964 1531 3988 2113 38   2713 878  3359 1906 3989 2998 4643 4178 5309 5398 
3575 2016 1705 2688 3895 2912 4455 3136 5175 2128 2805 5264 4185 3388 5865 2072 975  3542 1935 4862 4005 4544 645  1504 2235 2332 3171 3550 4077 4660 5151 5764 207  4304 2523 424  5547 1090 717  1798 1851 2494 3085 5238 3443 294  3935 1818 4307 3756 4685 5892 5089 1338 5461 3246 5909 5138 229  5858 709  1084 1249 2972 1823 5108 2411 422  3037 1366 3671 2458 4289 3578 4973 4778 5651 
3024 715  4284 2795 1764 4945 5096 4275 1232 3105 3584 3705 2156 4875 1064 585  2618 1425 4216 2745 5698 5895 884  1743 2048 2715 3068 3633 4114 4623 5324 5595 1616 1233 88   4041 776  249  1442 1293 2158 2487 2822 3263 5790 3707 996  4115 2796 4499 4878 4859 498  5263 2238 5671 4254 37   5494 461  338  983  1996 1543 4036 2129 46   2719 886  3361 1934 4001 3022 4649 4198 5323 5414 
4675 3528 1885 2856 3905 2436 5875 4576 2295 2288 3915 5456 4485 5684 2025 2024 1125 3608 5565 5032 4365 4672 705  1508 2241 2336 3219 3572 4137 4708 5157 5746 243  4336 2529 430  5553 1096 723  1802 1857 2504 3091 5334 3473 306  3937 1854 4309 3798 4687 48   5093 1362 5465 3282 5911 5142 233  5862 719  1108 1259 3004 1831 5116 2417 446  3041 1382 3673 2462 4297 3602 4987 4786 5653 
4368 935  4788 2915 504  5015 3588 1675 5852 3375 3344 4725 2816 5535 952  675  2926 1665 4264 3015 5768 5925 928  1767 1420 2727 2890 3699 4148 4665 5332 5685 1648 1251 104  4107 782  267  1448 1299 2162 2517 2824 3277 5838 3695 1014 4117 2826 4501 4908 4867 534  5267 2274 5677 4314 41   5514 463  356  991  2012 1549 4052 2131 58   2729 898  3371 1942 4003 3046 4651 4222 5333 5422 
5225 3276 1955 3192 3965 2508 5845 4512 4175 2992 4095 5104 2835 5888 5655 2296 1035 3458 2115 4984 4335 5312 795  1564 2247 2350 3237 3580 4089 4676 5181 5828 261  4432 2547 434  5571 1102 753  1810 1893 2506 3093 3170 3497 342  3941 1884 4313 3804 4699 162  5095 1398 5473 3342 5917 5144 239  5864 727  1124 1277 3028 1847 5132 2423 454  3049 1402 3677 2474 4327 3622 4993 4798 5657 
4536 1045 5292 3055 672  5125 3762 1775 5412 35   4048 5355 3872 2205 1672 765  2968 1725 4408 2775 5896 405  968  1809 1450 2739 2980 3723 4150 4671 5344 5691 1712 1341 110  4113 790  291  1462 1317 2168 2559 2810 3261 3352 3713 1062 4121 2868 4511 4986 4873 582  5269 2298 5699 4362 43   5518 467  388  997  2036 1553 4076 2137 62   2731 914  3373 1954 4007 3062 4657 4226 5347 5426 
3025 5712 2015 3864 3995 2574 175  4524 4325 816  305  5632 1575 1144 1785 2392 1215 3712 315  5192 4545 5056 885  1612 2289 2356 3243 3596 4161 4756 5205 5876 279  4496 2637 442  5679 1106 771  1816 1923 2510 3097 3176 3453 3490 3949 1926 4315 3972 4705 36   5105 1374 5485 3378 5921 5154 241  5866 733  1132 1279 3044 1861 5156 2437 458  3061 1418 3691 2498 4337 3646 4999 4822 5659 
5616 1265 5376 2945 756  5035 3828 1805 5418 55   3216 535  4352 3675 1664 1155 3016 4305 4472 3075 784  1875 988  1869 1460 2751 3020 3729 4172 4695 5348 5697 1744 1359 128  4149 806  303  1474 1329 2198 2571 2830 3269 3358 3639 3614 4135 2892 4529 5028 4883 606  5287 2334 5707 4398 47   5522 479  404  1009 2084 1559 4084 2141 74   2741 922  3389 1966 4013 3086 4663 4258 5351 5438 
1925 5304 2035 4872 4015 2604 5785 4452 4205 912  355  4944 745  1408 1995 2944 3255 3784 525  5336 4425 5696 915  1628 2301 2516 3297 3604 4155 4768 5211 5860 333  4528 2763 470  5769 1112 789  1826 1929 2522 3099 3182 3455 3502 3831 3736 4319 4014 4709 24   5111 1434 5489 3414 25   5146 257  5870 739  1172 1283 3076 1867 5164 2441 466  3067 1438 3697 2518 4339 3662 5003 4834 5669 
3744 385  1728 3145 1092 5185 3612 1825 5586 65   3504 545  468  895  1768 2625 3128 4935 4664 3195 1936 225  992  1833 1550 2769 3050 3741 4192 4683 5350 5709 1808 1413 130  4167 808  309  1490 1347 2216 2577 2834 3273 3368 3651 3634 3957 3886 4531 5046 4885 618  5293 2382 5713 4434 53   5528 487  412  1013 2092 1567 4124 2143 82   2749 926  3391 1982 4019 3098 4673 4262 5381 5458 
2695 5928 1715 1056 4085 2646 5885 4644 4475 1104 335  5022 755  972  995  2552 3885 3944 735  5248 4575 4096 1005 1652 2337 2492 3333 3610 4173 4780 5217 5908 363  4688 2799 472  5787 1118 807  1832 1941 2534 3095 3178 3459 3512 3837 3766 4269 3992 4711 54   5123 1446 5497 3426 49   5162 251  5882 743  1228 1289 3092 1871 5188 2447 478  3079 1454 3701 2554 4349 3694 5009 4846 5683 
4896 805  5808 2765 1716 5365 3816 1975 5628 85   3408 565  588  905  1548 1135 3224 4515 4712 3225 2704 105  1012 1887 1580 2781 2996 3753 4214 4731 5356 5727 2032 1467 136  4203 814  321  1510 1371 2222 2589 2872 3279 3370 3669 3638 3963 3878 4413 4168 4891 642  5299 2406 5723 4458 59   5542 491  428  1019 2164 1571 4132 2153 86   2753 934  3407 1994 4021 3106 4679 4274 5387 5462 
5005 2448 1855 1152 3745 2904 245  4554 4525 1134 365  5136 785  1044 1055 2556 1195 3848 2175 5368 4635 352  1065 1694 2379 2528 3345 3616 4191 4820 5271 1024 369  4802 2817 488  5823 1130 813  1834 1959 2536 3101 3208 3487 3514 3849 3782 4281 4010 4593 4330 5129 1506 5509 3462 121  5174 263  5894 751  1244 1291 3148 1873 5204 2459 482  3083 1466 3709 2558 4357 3722 5011 4874 5689 
5472 455  2112 2905 1944 4795 3876 2075 5664 95   3536 635  612  923  1692 1145 3636 1285 4424 3285 4624 135  1036 1905 2044 2829 3038 3765 4228 4773 5372 5745 2096 1503 152  4311 824  327  1498 1383 2230 2631 2882 3281 5886 3715 3656 3981 3890 4443 4184 4791 4438 5305 2454 5729 4506 61   5546 499  436  1021 2188 1579 4156 2161 94   2767 958  3413 2018 4027 3118 4691 4282 5393 5482 
2275 5016 2065 1188 3815 2664 275  4662 4775 1392 395  5168 763  240  1057 2628 1205 4932 1355 5278 4815 224  1095 1666 2265 2366 3363 3626 4209 4796 5235 112  387  4912 2853 494  5877 1162 831  1846 1977 2542 3103 5352 3493 348  3953 3790 4287 4024 4629 4334 4971 4582 5513 3522 169  5176 269  5898 757  1252 1297 3188 1877 5212 2467 502  3089 1478 3719 2566 4363 3734 5021 4882 5693 
4752 595  2496 3115 2052 4865 3936 2225 5676 115  3952 3465 4864 949  300  1147 3708 1313 168  1415 5776 165  1148 1917 2068 2865 3052 3783 4220 4767 5396 5763 2192 1557 154  4383 826  339  1526 1389 2242 2643 2914 3287 5874 3737 1068 4141 3896 4449 4190 4803 4454 5169 4726 5731 4542 67   5558 503  452  1031 2228 1583 4196 2179 106  2777 974  3433 2026 4049 3134 4703 4286 5399 5498 
2975 1584 2125 1248 3955 2784 325  4692 4805 1536 413  3328 5775 2176 1067 2450 1241 5004 1385 384  1535 364  1185 1696 2355 2444 3399 3620 4179 4828 5289 80   423  4976 2883 506  81   1166 843  1864 1983 2546 3107 5370 3503 414  3959 1956 4321 4042 4647 4342 4989 4610 5367 4886 289  5178 271  5902 761  1268 1301 3236 1879 5228 2473 514  3109 1486 3727 2578 4373 3742 5023 4894 5701 
3168 665  4416 3245 2088 5135 3654 2425 5688 125  3726 629  5408 945  1976 4653 910  1331 216  1441 696  1639 1184 1947 2108 2877 3104 3759 4232 4755 5404 5757 2224 1587 170  4419 830  381  1528 1401 2248 2649 2930 3293 5910 3763 1098 4145 2934 4535 4202 4821 4456 5199 4738 5613 4982 71   5570 509  508  1033 2252 1597 4204 2203 118  2789 982  3449 2038 4051 3142 4721 4306 5407 5506 
3185 2592 2135 1224 4255 2952 425  4824 4825 1488 415  5232 791  1496 2415 2584 5247 2170 1387 390  1541 798  1717 820  2343 2540 3417 3650 4233 4832 5253 176  477  5008 2979 518  27   1178 849  1886 2019 2570 3113 5358 3521 372  3961 1962 4331 4044 4717 4354 5001 4616 5403 4898 5793 5198 277  5912 769  1324 1303 3244 1889 5276 2477 526  3119 1502 3733 2582 4391 3746 5039 4918 5711 
5184 875  3264 3335 924  5375 3822 2525 5724 145  3792 649  4940 5103 2432 1365 3496 1377 4030 1477 570  1649 1026 1799 1660 2847 3116 3801 4268 4809 5380 5781 2384 1611 182  4491 854  393  1534 1437 2264 2661 2936 3295 144  3743 1164 4151 3006 4537 5052 4897 4462 5223 4744 5619 4990 73   5574 521  524  1039 2276 1601 4244 2207 122  2791 998  3457 2042 4057 3158 4723 4322 5413 5534 
3325 1872 2185 4158 4355 2898 475  4836 4925 1776 427  4350 799  880  1323 2728 3045 3968 441  5170 1589 858  1735 1254 1883 2596 3405 3652 4215 4876 5307 208  531  5072 3033 530  33   1192 879  1898 2031 2626 3117 3206 3505 444  3973 2004 4333 4086 4727 30   5131 4630 5433 4904 5799 5206 281  5918 773  1348 1307 3284 1901 5284 2503 538  3121 1514 3739 2594 4397 3754 5051 4934 5717 
5148 1015 5832 3445 1176 5335 3906 2575 5742 155  3984 671  3500 3393 800  2793 3256 5145 4736 609  5750 1673 1032 1795 1482 1943 3124 3813 4292 4833 5420 5817 2416 1629 184  4527 856  411  1544 1461 2266 2721 2938 3291 3374 3749 1206 4163 3012 4541 5058 4907 654  5311 4790 5631 4994 79   5608 523  548  1049 2284 1607 4252 2213 134  2797 1006 3461 2062 4073 3166 4729 4358 5417 5554 
4025 2736 2255 5208 4345 2964 575  4884 4975 1782 437  630  793  1520 1449 5780 4959 4136 2325 5434 999  160  1727 1272 1891 1722 2033 3668 4239 4844 5319 272  507  5296 3123 536  15   1208 921  1910 2049 2630 3127 3262 3489 3526 3979 2034 4343 4122 4735 66   5141 1542 5533 4910 5847 5210 283  64   787  1388 1319 3292 1907 5308 2521 542  3137 1522 3761 2602 4409 3758 5059 4946 5737 
2376 1085 3648 3355 1428 5405 3978 2645 5772 203  3540 667  3850 3519 1100 2961 2120 1863 4466 3525 448  1311 490  1807 1518 1945 1974 2119 4324 4887 5428 5811 2512 1719 190  4581 872  417  1558 1473 2270 2733 2954 3305 3382 3687 3658 4169 3084 4553 5094 4913 678  5315 2514 5747 5002 83   5614 541  556  1051 2308 1609 4276 2221 142  2801 1018 3463 2066 4079 3194 4733 4406 5419 5578 
4165 3312 2345 1368 4495 3096 605  4956 5275 1968 469  4380 817  2000 1197 5900 4977 3190 3249 5432 4905 308  1581 860  1897 1752 2041 2010 2189 4850 5343 304  549  5392 3141 568  21   1222 933  1912 2073 2648 3131 5406 3523 3530 3867 3794 4351 4164 4739 78   5137 1578 5515 3558 361  5222 293  12   797  1396 1321 3308 1913 5444 2531 554  3163 1538 3767 2606 4421 3778 5077 4954 5741 
2808 1295 5568 3395 2208 5215 3996 2675 5814 185  4272 679  5070 959  1280 3087 1880 2511 4070 663  704  195  1078 1971 1690 1957 1992 2123 2370 2249 5450 5829 2608 1737 230  4689 874  447  1562 1497 2278 2757 2984 3317 324  3781 3670 4083 3922 4555 5172 4915 762  5317 2526 5753 4566 89   5622 547  578  1061 2348 1613 4348 2237 146  2803 1042 3467 2078 4091 3202 4751 4414 5431 5582 
4235 3888 2365 1404 4445 2976 725  4998 5575 2064 451  4420 803  810  1073 440  5031 2590 4761 4970 1107 392  1245 1708 2397 2620 2047 2130 2191 2568 2329 368  603  5552 3177 574  39   1246 939  1918 2103 2662 3133 5430 3551 486  3977 3806 4299 4066 4747 42   5143 1614 5539 3594 529  5224 307  18   809  1412 1327 3316 1931 5468 2539 562  3167 1546 3769 2614 4423 3802 5081 5006 5743 
3456 1235 5796 3485 2232 5285 4056 2725 5856 205  4144 1881 4060 979  450  1157 1190 2349 4120 627  5810 1353 1196 1965 2132 2889 3140 2147 2418 2279 2814 2435 2672 1773 232  4707 890  453  1570 1509 2282 2787 3002 3337 192  3755 1212 4171 3914 4461 4210 4927 786  5321 2586 5755 4614 97   5630 557  596  1063 2372 1619 4364 2239 158  2819 1046 3469 2098 4093 3214 4759 4426 5437 5594 
4655 3564 2375 4914 4465 3036 775  5076 5243 2106 445  5488 2223 1840 1079 2844 1243 2870 297  5110 1023 140  1593 1748 2373 2650 3423 3692 2195 2562 2335 2982 2489 5584 3231 584  51   1256 951  1928 2127 2666 3143 5394 3545 492  3983 2076 4367 4072 4659 4346 5149 1662 5543 3606 841  5230 311  20   811  1436 1361 3356 1933 5492 2543 566  3169 1574 3779 2638 4441 3814 5087 5042 5749 
3432 1435 2304 3515 1386 5395 3948 2825 5916 215  4592 3795 3332 3627 700  1159 3852 1339 4130 741  400  1419 460  2013 1780 2919 3146 3819 4316 2263 2838 2449 3186 2533 248  4869 902  489  1576 1527 2290 2811 3014 3341 1458 3785 1236 4181 3114 4559 4234 4827 4490 5327 2598 5759 4638 101  5626 563  604  1069 2396 1621 4372 2243 166  2833 1082 3491 2102 4099 3218 4783 4442 5441 5602 
5075 4212 2465 1008 4505 3108 845  5082 5675 2256 473  1568 4785 896  4437 280  1247 5202 1391 5240 1029 200  1491 850  2409 2656 3429 3718 4245 4972 2353 3048 2491 3318 2599 590  57   1258 993  1930 2157 2674 3139 5448 3563 516  3985 2148 4369 4188 4741 4366 5007 4642 5545 3642 961  5246 313  28   821  1468 1367 3362 1949 5524 2549 586  3181 1594 3793 2642 4447 3826 5099 5062 5779 
3672 1375 1512 3565 1596 5555 4116 3125 5922 247  5250 689  4508 5115 1288 4719 1330 1357 210  1469 5890 1239 500  2001 1850 2937 3164 3855 4384 4893 5452 2429 3198 2537 3534 2653 904  471  1582 1563 2294 2823 3026 3353 60   3787 1278 4183 3156 4571 5196 4939 4498 5241 4792 5761 4722 103  5646 569  628  1087 2404 1627 4388 2251 178  2837 1094 3499 2122 4111 3226 4787 4474 5443 5606 
5425 4176 2405 2268 4565 3132 925  5088 5725 2544 493  1050 869  4732 5625 2408 5499 3010 1397 408  1591 220  1533 940  2403 2668 3435 3772 4251 4964 5295 464  2495 3336 2605 3834 2761 1270 1011 1946 2181 2678 3147 3266 3569 522  3991 2166 4379 4194 4757 102  5155 4634 5469 4906 1369 5258 317  32   823  1492 1373 3412 1951 5596 2551 614  3187 1618 3797 2654 4451 3862 5101 5078 5783 
4104 1495 1848 3625 1638 5605 4004 3175 3072 217  3630 697  4340 3663 1624 825  3304 2997 4250 1501 594  1651 550  2037 2020 2943 3172 3945 4396 4899 5516 5835 2768 2545 3618 2669 4008 2831 1586 1569 2314 2841 3032 3309 3406 3791 1284 4187 3174 4573 5268 4955 822  5339 4808 5637 5014 107  5654 571  652  1091 2428 1637 4412 2267 194  2843 1114 3511 2126 4127 3238 4789 4478 5449 5638 
5635 4464 2665 2352 4625 3234 1025 5112 5341 2460 497  4640 2691 2320 4563 2632 1275 3752 351  5270 1577 870  1739 950  2553 2684 3441 3796 4323 4988 5373 496  639  5648 2603 3810 2771 4170 2893 1970 2199 2686 3149 3272 3513 3538 3997 2172 4381 4236 4763 114  5161 1626 5549 4922 5853 5254 331  44   827  1516 1381 3428 1973 5618 2557 622  3191 1622 3803 2722 4457 3866 5107 5086 5791 
4224 1505 4356 3655 1932 5695 4092 3275 576  259  3660 703  5390 3933 980  4743 3416 1815 4522 759  2500 1661 1218 1817 1940 2967 3196 3993 4448 4917 5536 5871 2864 1791 238  2701 4026 2839 4326 2951 2318 2859 3034 3327 3422 3693 3674 4189 3222 4577 5274 4963 834  5345 2634 5765 5018 109  5662 577  668  1093 2452 1657 4418 2269 202  2851 1126 3517 2138 4129 3242 4793 4486 5471 5666 
5915 4608 2485 1656 4615 3348 1075 5124 5687 2550 511  4650 851  2480 4617 520  5301 3976 2385 5504 1113 260  1751 1290 1903 2716 3471 3820 4371 5012 5379 512  657  5744 3303 598  2773 4218 2899 4482 2987 2690 3151 3278 3543 3544 3873 3818 4385 4302 4765 138  5165 1686 5561 3678 1681 5262 337  50   829  1532 1399 3436 1979 5636 2579 626  3203 1642 3821 2734 4463 3898 5113 5098 5801 
4488 1625 1296 3535 2244 5495 4248 3425 2916 287  3870 707  5340 973  1300 3339 2210 3321 4648 3555 832  1407 580  1819 1554 1963 3212 3939 4450 4929 5540 5883 2896 1899 250  4923 938  2845 4344 2935 4602 3017 4806 3349 3448 3711 3682 4101 3926 4579 5316 4979 894  5353 2658 5767 4782 113  5672 587  692  1097 2468 1663 4436 2273 206  2857 1138 3527 2174 4133 3254 4799 4502 5477 5674 
4375 5328 2555 1632 4585 3366 1175 5166 5819 2580 517  4740 871  2560 1617 640  5229 3160 429  5474 5025 416  1647 1060 1909 1770 2051 3860 4401 5020 5397 656  711  5872 3357 602  69   1298 2911 4494 2993 4728 3155 5454 3587 3562 3891 3830 4317 4082 4769 174  5173 1698 5567 3702 1849 5272 347  52   839  1556 1409 3452 1987 5692 2591 634  3209 1646 3823 2746 4481 3902 5119 5102 5807 
4968 1595 864  3605 2484 5705 4128 3475 336  299  5320 713  5180 4059 1700 3381 2090 3483 4270 783  1088 285  1204 2091 2060 1961 1938 2149 4444 4947 5548 5889 3056 2007 266  5013 946  501  1592 2959 4632 3031 4818 3365 72   3799 3686 4119 3928 4467 4238 4981 906  5357 2694 5771 4854 127  5678 593  716  1103 2476 1667 4468 2281 214  2861 1142 3529 2182 4139 3274 4801 4534 5479 5686 
1225 5508 2585 1824 4745 3384 1325 5236 5825 2754 533  1470 893  2960 1701 680  5439 3230 621  5330 1161 476  1335 1862 2607 2740 2059 2190 2197 5024 5385 592  747  100  3411 610  87   1304 1041 1978 2995 4758 3161 5478 3589 558  4031 3832 4341 4090 4677 4376 5177 1758 5579 3714 2209 5282 349  68   853  1588 1423 3508 1993 5708 2593 662  3217 1654 3833 2762 4483 3946 5147 5114 5813 
4992 1645 936  3685 2142 5665 4392 3725 432  235  4656 731  4550 4131 1900 3549 2360 3807 4280 651  320  1431 1274 2055 2144 3009 3232 2159 2424 2285 5564 5901 3088 2043 286  5043 962  519  1598 1623 2338 3035 4902 3379 84   3805 1308 4193 3938 4479 4246 4839 4504 5359 2742 5773 4866 131  5682 599  722  1109 2524 1669 4492 2287 218  2879 1154 3533 2186 4153 3314 4813 4538 5483 5702 
5929 5904 2635 1344 4715 3402 1445 5244 5537 2832 505  5424 899  3280 1827 760  5577 3320 189  5480 1131 340  1653 1804 2445 2756 3477 3836 2201 2616 2359 688  801  196  3447 632  93   1310 1047 1958 2217 2696 3193 5496 3595 564  4009 2286 4387 4094 4701 4378 5079 4654 5585 3786 2809 5286 353  76   857  1604 1427 3524 1997 5716 2609 674  3221 1658 3847 2798 4493 3958 5153 5158 5821 
4320 2821 792  3835 2394 5735 4312 3775 528  265  4698 655  684  989  2420 3717 2440 4293 4360 777  1216 1443 620  2067 2204 2895 3296 3999 4460 2291 2862 2443 3152 2061 290  5067 970  537  1606 1641 2330 2901 3058 3383 96   3809 1314 4195 3228 4589 4294 4857 4514 5259 4814 5777 4926 137  5690 601  724  1117 2564 1693 4516 2293 226  2887 1174 3539 2194 4157 3326 4817 4546 5501 5714 
1001 4080 3913 1836 4895 3444 1475 5256 5887 2928 485  252  815  1116 1081 1000 5589 3250 231  5510 1173 350  1599 1150 2613 2788 3495 3892 4407 5050 2363 3090 2497 256  3501 638  111  1334 1059 1990 2229 2698 3153 3286 3599 636  4033 2292 4399 4308 4771 4382 5091 4646 5493 4936 3481 5288 359  92   859  1636 1429 3532 1999 5732 2617 694  3229 1678 3851 2818 4507 3974 5167 5182 5827 
5400 2849 4500 4921 2652 5795 4428 3925 624  295  4784 685  768  955  1908 1169 2470 4779 4370 837  1856 1551 740  2121 2050 3021 3404 4017 4484 4953 5566 2471 3210 2561 296  5121 986  543  1630 1671 2344 2913 3064 3351 3434 3811 1356 4207 3252 4595 5388 4985 4526 5277 4826 5667 5026 139  5710 607  764  1123 2572 1697 4604 2297 254  2897 1186 3541 2206 4159 3334 4831 4562 5503 5722 
1309 4560 4081 1560 5621 3552 1525 5346 625  3078 515  288  835  1332 1099 2988 1253 3410 273  5560 1209 380  1659 1180 2451 2780 3507 3916 4395 5054 5421 752  2501 3390 2611 646  123  1336 1077 2006 2253 2702 3173 3298 3561 3586 4039 2316 4393 4338 4777 186  5191 4658 5541 4942 5919 5302 367  98   863  1676 1433 3548 2003 5756 2621 698  3251 1706 3853 2846 4513 3986 5171 5186 5839 
4680 3157 3900 4991 4590 1519 4446 4075 648  301  4848 695  828  965  2028 1165 3924 1337 4510 897  2368 1479 650  2109 2140 3051 3260 4011 4532 4965 5572 5907 3184 2563 3624 2681 1010 573  1634 1689 2354 2931 3070 3369 3454 3747 3688 4213 3258 4601 5484 4997 942  5363 4838 5703 5030 149  5718 613  772  1129 2588 1699 4612 2309 262  2903 1198 3547 2218 4177 3338 4861 4574 5507 5758 
1463 5520 4123 2040 539  5200 2989 5382 2401 2610 527  396  865  1452 1115 3042 1255 5364 1379 5576 5085 532  1749 1220 2619 2812 3531 3940 4431 5044 5451 848  867  676  2615 3894 2779 1342 1101 2008 2271 2710 3183 3302 3579 3590 3903 3838 4405 4404 4781 222  5183 1842 5587 4952 9    5306 373  116  877  1682 1439 3628 2011 5788 2633 706  3253 1714 3863 2854 4517 3994 5179 5218 5843 
5760 3311 4860 5159 5130 1813 660  4361 1860 323  2800 767  882  985  2124 1177 4068 1315 264  1465 1472 255  1312 2133 2150 3081 3268 4023 4540 4983 5620 729  3376 2097 322  2705 4134 2855 1688 1707 2378 2949 3074 3377 3464 3777 3704 4143 3934 4607 5526 5017 978  5371 2766 5789 5038 151  5726 617  788  1151 2612 1709 4652 2311 274  2909 1202 3557 2234 4201 3386 4871 4586 5519 5774 
1547 1440 4277 2280 5831 960  3283 1380 77   2790 551  1540 901  1476 1111 3204 1261 5436 1393 456  1555 572  1455 1876 2679 2828 3537 3950 4509 5068 5457 944  873  484  3573 658  2785 4242 2921 2014 2283 2714 3189 3310 3601 3592 3909 3842 4353 4102 4811 246  5195 1866 5597 3846 3721 5298 379  124  881  1684 1447 3644 2017 5804 2647 718  3257 1718 3877 2858 4519 3998 5189 5234 5849 
3960 3059 3300 5117 5640 2009 780  4477 1950 319  3920 1989 5500 1003 2196 1189 4332 1343 270  1507 702  1655 1276 2085 2212 2955 3424 4047 4556 5037 5588 45   3568 2151 310  5139 994  2867 4374 2947 2390 2973 3082 3387 3470 3827 3706 4197 3962 4497 4298 5027 1002 5377 2778 5803 4938 157  5734 619  796  1153 2636 1721 4684 2333 278  2917 1214 3559 2246 4211 3394 4877 4594 5521 5794 
1729 1800 4403 2760 637  3520 3479 1500 119  2820 559  1960 2907 3440 1121 3468 1267 5652 1403 510  1603 888  1745 1888 2505 2842 3585 3956 4503 5084 5505 976  909  1156 3609 664  129  1358 2923 4530 3007 2726 3199 3322 3603 3598 3921 3854 4359 4118 4713 4390 5201 1878 5599 3858 4489 5322 383  148  883  1724 1451 3676 2027 5812 2657 734  3259 1726 3881 2866 4523 4006 5197 5242 5851 
5280 3367 4950 5369 5160 2023 990  4693 2070 341  2240 1287 5740 4329 2300 1199 4572 1345 312  1517 690  1687 1122 1835 2236 2985 3476 4035 4564 5055 5612 63   3632 2169 328  5193 1016 579  1670 2977 4674 3043 4890 3397 3478 3817 3730 4227 3970 4533 4310 4863 4552 5383 2802 5809 4962 163  5738 631  844  1163 2644 1723 4724 2339 298  2927 1226 3571 2258 4217 3398 4889 4618 5527 5806 
2093 1980 4459 2970 833  4160 3577 1530 91   2850 583  2380 2871 3760 1911 920  1271 5868 1405 462  1643 918  1757 1326 1895 2848 3567 4012 4521 5092 5487 1072 927  1444 3681 670  141  1370 1119 2056 3005 4746 3197 5502 3611 666  4037 3874 4377 4142 4737 4394 5097 4670 5603 3882 5041 5338 389  164  887  1732 1453 3698 2029 5836 2659 746  3271 1754 3889 2878 4547 4022 5209 5266 5857 
3600 3451 5580 5453 5720 3213 2080 4753 2220 329  3690 737  5920 4389 2900 3843 2530 1349 378  1513 750  1679 1110 1829 1566 1967 3340 4053 4580 5019 5644 75   3664 2259 344  5283 1022 591  1702 1713 2398 3053 5010 3401 90   3829 1422 4223 3982 4569 4318 4881 4558 5331 4856 5815 4974 167  5752 641  892  1171 2692 1733 4748 2341 302  2939 1234 3581 2302 4219 3418 4903 4622 5531 5818 
1771 2340 4543 3000 931  1760 3591 2600 133  3180 553  4770 889  4240 1953 1160 5607 3770 1411 546  1633 930  1763 1410 1919 1794 2071 3980 4539 5140 5511 1136 963  2116 3771 682  159  1384 1137 2054 2307 2758 3223 5538 3629 708  4043 2358 4415 4154 4749 4402 5127 4696 5583 4958 5329 5362 397  172  907  1756 1459 3716 2039 5884 2663 758  3299 1762 3907 2894 4549 4034 5227 5294 5861 
2880 3553 5220 5291 720  2107 2200 4347 2860 343  4020 721  5490 1027 3700 4221 2750 4941 4520 1529 714  1691 1128 1837 1590 1969 1998 2167 4588 5061 5650 99   3728 2313 370  5337 1030 597  1730 1731 2410 2991 3110 3403 108  3839 1494 4237 3324 4609 4328 4911 4568 5349 4858 5721 5048 173  5762 643  908  1181 2708 1741 4772 2347 314  2953 1238 3583 2306 4229 3442 4909 4666 5557 5834 
2233 2400 4433 1680 1573 5440 5733 3040 5481 3740 581  4840 917  3750 1133 1240 5661 3290 459  5512 1565 966  1765 1302 1921 1806 2045 2226 2215 5216 5523 1168 981  3364 3789 686  177  1378 1149 2074 2319 2770 3207 3346 3635 732  4045 2364 4411 4476 4819 4430 5163 4706 5601 4966 3    5384 401  188  911  1772 1471 3748 2053 5924 2671 766  3301 1766 3911 2902 4561 4054 5231 5314 5867 
4800 3619 5100 5863 1260 2299 2720 4851 3400 2457 4180 5859 5800 1007 2412 1207 1610 5427 4730 861  1984 1685 1242 1843 1608 1985 2046 2155 2442 2305 5668 147  3824 2367 374  5391 1034 633  1738 1761 2414 3027 3112 3385 126  3841 1524 4247 3372 4613 5532 5029 4570 5361 4870 5739 5066 179  5770 647  916  1187 2732 1747 4804 2351 326  2957 1262 3593 2326 4231 3446 4919 4678 5563 5854 
2261 2700 4669 3720 1859 3150 3751 3200 2079 3800 4641 5060 3969 4720 1141 3492 1273 3430 513  5590 1221 544  1769 1416 1915 1896 2095 2262 2219 2622 2395 1264 1017 3844 3879 710  183  1390 1167 2086 2361 2774 3205 5562 3641 738  4055 2388 4417 4518 4829 258  5207 4718 5609 4978 5    5402 409  212  919  1796 1481 3764 2063 16   2677 778  3307 1774 3917 2906 4567 4058 5233 5318 5869 
2160 3689 5700 5423 2100 2783 4410 4901 3680 3003 4600 5187 5120 5313 3100 1211 4716 1363 4690 957  2624 345  1292 1841 1674 1981 2136 2165 2472 2315 2886 2453 3856 2421 376  5409 1048 669  1742 1779 2422 3039 3122 3415 156  3845 1572 4249 3396 4619 5556 5033 1038 5389 2874 5837 5034 181  5786 653  932  1193 2738 1753 4852 2357 334  2963 1282 3607 2342 4241 3466 4931 4682 5569 5878 
2387 3420 4697 3510 2057 5460 3971 1890 143  4000 3861 4960 3927 4880 2331 1430 1333 120  1417 5530 1269 608  1515 1892 1927 1830 2077 2322 2227 2706 2369 3066 2507 5476 3897 712  201  1394 1191 2104 2391 2776 3215 5592 3647 726  4063 2466 4427 4548 4835 282  5213 1986 5611 3918 7    5410 419  236  929  1828 1483 3788 2069 6    2683 794  3313 1814 3919 2918 4583 4078 5237 5326 5879 
3120 3773 5850 5467 1200 3179 5600 4961 3570 377  4900 1683 1600 693  3380 4263 2680 1351 330  1537 2752 375  1316 2139 2180 1991 2058 2171 2478 2323 2910 2461 3288 2567 406  5463 1054 681  1778 1797 2438 3047 5064 3409 132  3859 1602 4265 3438 4627 5598 5045 1074 5401 2922 5833 5074 191  5798 659  956  1201 2764 1759 4868 2371 346  2969 1286 3613 2362 4243 3482 4933 4694 5573 5906 
2737 3840 4807 3480 847  900  3757 3990 253  4760 5643 1820 3069 5000 2499 1480 5841 3560 1457 552  1585 644  1545 1924 2667 2852 2101 2328 2245 2712 2407 3102 2509 3486 2623 730  213  1406 1203 2110 2427 2782 3227 5658 3653 774  4061 2502 4429 4596 4837 318  5219 1902 5615 3954 11   5416 421  242  937  1844 1487 3812 2081 8    2687 802  3319 1822 3923 2942 4591 4106 5261 5342 5881 
2640 3731 1080 5551 1620 2303 1140 5203 2730 407  1120 2277 560  4257 4100 4473 2920 5751 4750 1561 744  1703 1364 2163 2260 3111 3350 2173 2538 2317 3030 2479 3270 2581 3666 2723 1066 687  1784 1803 2456 3057 3130 3419 150  3869 1644 4267 3474 4631 5604 5053 1086 5411 2946 5855 5118 193  5802 661  964  1213 2804 1777 4892 2377 358  2971 1294 3617 2374 4253 3494 4937 4702 5581 5914 
2639 3060 4823 4440 1127 360  3703 1710 187  3640 5049 2660 3159 5360 2541 1640 567  3880 357  5624 1631 984  1781 1210 2697 2884 3597 4046 2231 2670 2413 3144 2513 3354 2627 3912 2807 1426 1227 2114 2433 2786 3233 5730 3649 804  4069 2532 4435 4626 4841 354  5221 2022 5617 3966 13   5442 431  244  941  1852 1489 3868 2083 10   2689 818  3323 1838 3929 2962 4597 4126 5273 5354 5897 
3240 3857 1320 5593 4050 2527 1020 4949 2250 391  1400 2673 1360 819  4300 4557 2840 5913 4810 903  3008 1711 1230 1853 2254 3165 3484 4065 4598 2327 2958 2455 3294 2569 3768 2735 4152 2863 1786 1821 2482 3063 3154 3421 204  3865 1668 4279 3516 4633 5634 5057 1146 5429 2994 5873 5090 197  5816 673  1004 1217 2836 1783 4916 2381 362  2999 1306 3623 2386 4259 3506 4943 4714 5591 5926 
2431 4140 4879 4290 1421 480  3871 1650 161  3330 589  3220 3267 5680 2583 1720 891  3710 561  5704 5325 736  1793 1464 1937 2888 3615 4018 4605 5194 2419 3162 2515 3498 2641 3942 2813 4266 2929 2134 2463 2792 3235 5694 3661 846  4087 2676 4439 4668 4843 366  5245 2082 5627 4038 17   5446 433  268  947  1868 1493 3884 2087 14   2693 838  3329 1858 3931 2966 4603 4138 5279 5366 5903 
5040 4147 1920 5719 5610 2597 1170 5047 2430 371  4230 779  1040 1071 4700 4599 2990 1089 4888 3735 3392 435  1352 1865 1704 2005 3488 4029 4606 5073 5660 2483 3306 2573 3738 2743 4110 2869 4386 2965 2486 3065 5106 3437 198  3893 1746 4285 3546 4645 5706 5065 1158 5435 3018 5891 5122 199  5822 677  1028 1223 2876 1787 4924 2383 382  3001 1318 3631 2402 4261 3518 4951 4742 5623 4    
2717 3780 5083 4920 1183 540  4067 1740 209  3450 623  4980 943  5840 2709 1870 1539 3910 399  5848 5415 748  1605 1952 1939 1914 2105 4028 4551 5150 5529 1250 2519 3576 2629 3930 2827 4278 2933 4584 3013 4776 3239 5736 3665 852  4097 2682 4453 4734 4847 402  5249 2094 5629 4062 19   5464 439  284  953  1916 1499 3908 2089 22   2699 842  3331 1874 3943 2974 4621 4162 5281 5374 5923 
2520 4199 4620 2873 4400 2891 1350 5239 4480 403  4260 749  5550 1037 5300 4797 1750 1521 4930 987  3776 465  1372 2187 2272 2021 2214 2177 4628 5133 5728 117  4016 2587 3774 2747 4074 2881 4470 2981 4710 3071 5190 3427 228  3883 1788 4291 3582 4661 5748 5063 1182 5447 3054 5893 5126 211  5826 683  1052 1229 2908 1789 4948 2389 386  3011 1322 3637 2426 4271 3554 4957 4754 5639 2    
3289 4200 5681 5670 3211 600  3887 2310 221  4830 611  5310 913  180  1139 770  1053 4040 483  5830 1281 836  1635 1972 2595 2948 2117 2346 2257 5252 5559 1328 1083 40   2651 4002 2815 4296 2941 4578 3029 4794 3241 5778 3679 876  4103 2718 4469 4764 4849 426  5251 2118 5633 4098 23   5466 443  292  967  1922 1511 3932 2099 26   2707 862  3343 1882 3947 2978 4637 4166 5297 5378 5927 
3360 4301 5880 5797 2940 3509 840  5491 3080 481  420  781  5820 1043 2178 1219 2030 2601 5080 969  4288 555  1376 2211 2312 3129 3460 2183 2490 2321 5782 153  4112 2439 410  2759 4182 2885 4422 2983 4686 3073 5214 3431 276  3899 1734 4295 3684 4667 5766 5069 1194 5455 3126 5899 5128 223  5842 691  1058 1231 2932 1801 4996 2393 394  3019 1346 3643 2434 4273 3566 4967 4762 5641 1    
