3696 1105 5376 3245 1428 5555 3906 2645 5922 95   3536 3465 4864 3675 1976 3885 3784 525  4664 2775 5896 5925 224  1185 1372 2409 2540 3531 3650 4551 4844 5595 6052 927  4528 3771 430  123  1070 1077 1784 2229 2422 3207 3014 3639 3322 3921 3590 4377 3874 4803 4202 5223 4490 5619 4792 6033 5302 251  6034 743  1228 1291 3148 1877 5212 2473 454  3119 1418 3739 2518 4409 3694 5077 4874 5743 
5525 2016 2015 1008 4345 2898 845  4956 4775 1456 2475 6032 5775 1664 1155 3016 5565 4216 1665 5278 4365 1984 555  836  1695 1972 2967 3116 4053 4316 5133 5516 75   1808 2259 104  5337 776  573  1426 1671 2110 2901 2758 3427 3170 3831 3464 4227 3706 4593 4010 5007 4366 5403 4634 5847 5014 47   5726 487  412  1019 2164 1579 4156 2179 58   2789 914  3457 1966 4073 3098 4733 4274 5431 5482 
5544 1235 5796 3355 1596 5665 3948 2675 5964 115  3952 5355 5408 945  2176 4305 3848 735  4712 3015 5992 405  308  1245 1376 2505 2596 3537 3692 4587 4876 5673 1024 963  4688 3789 434  141  1090 1101 1786 2253 2438 3235 96   3661 3352 3957 3592 4413 3878 4821 4210 5241 4498 5631 4808 6051 5306 257  6054 751  1244 1297 3188 1879 5228 2477 458  3121 1438 3761 2554 4421 3722 5081 4882 5749 
4225 2772 2125 4914 4495 2912 775  4998 4805 1968 395  5456 2835 1496 2415 3224 5865 4408 1725 5368 4545 2368 615  868  1905 1988 2985 3124 4035 4292 5109 5420 63   2032 2313 110  5391 782  579  1432 1689 2114 2913 2774 3421 564  3883 3470 4269 3730 4629 4024 5063 4376 5433 4642 5853 5018 53   5734 491  428  1021 2188 1583 4196 2203 62   2791 922  3461 1982 4079 3106 4751 4282 5437 5498 
6048 1495 1512 3335 1632 5605 4004 2725 5984 125  3726 635  3872 1365 2432 4515 3968 825  4522 3075 6016 1875 352  1335 1484 2451 2656 3567 3668 4605 4964 5649 80   981  4802 3879 442  159  1102 1119 1790 2271 2456 3239 90   3667 1314 4103 3598 4443 3886 4827 4234 5251 4504 5637 4814 6065 5322 263  6056 761  1252 1301 3236 1889 5276 2503 466  3137 1454 3767 2558 4423 3734 5087 4894 5779 
3575 3528 2035 2268 4465 2976 925  5082 4825 2064 415  5264 2295 1672 2625 3128 2025 3094 1815 5474 4575 2624 645  884  1965 2044 3009 3140 4047 4324 5157 5428 99   2096 2367 128  5409 790  591  1442 1707 2134 2931 2770 3431 636  3893 2292 4295 3736 4647 4042 5065 1434 5459 4646 5905 5026 59   5738 499  436  1031 2228 1597 4204 2207 74   2797 926  3463 1994 4091 3118 4759 4286 5441 5506 
4032 935  2184 3485 1638 5695 4056 2825 3072 145  3792 655  2156 3315 2552 4935 3944 855  4736 3195 784  225  364  1455 1504 2553 2620 3597 3772 4611 4972 5685 112  1017 4912 3897 470  177  1106 1137 1798 2283 2482 3241 108  3665 1356 4105 3252 4471 3890 4839 4238 5255 2406 5663 4434 6071 5338 269  6058 757  1268 1303 3244 1901 5284 2521 478  3163 1466 3769 2566 4441 3742 5099 4918 5783 
4675 3276 2185 6006 4505 2964 1025 5096 4925 2106 445  5424 785  3388 4185 3256 6045 3416 1845 5434 4635 2752 705  928  2055 2048 3021 3164 4065 4384 5151 5452 117  2192 2421 130  5463 806  597  1448 1713 2146 2949 2776 3437 666  3899 2316 4303 4308 4681 4066 5069 1446 5461 3426 5909 5030 61   5752 503  452  1033 2252 1601 4244 2213 82   2801 934  3467 2018 4093 3134 4783 4306 5443 5534 
3024 1265 2688 3515 1716 5495 4092 3125 576  155  3984 685  588  905  728  4845 2408 975  4466 3225 1936 105  416  1515 1508 2595 2668 3585 3718 4623 4988 5691 176  1083 4976 3951 472  183  1112 1149 1802 2307 2486 3247 132  3679 1422 4109 3258 4487 5316 4849 642  5257 2454 5671 4458 6077 5362 271  6062 769  1324 1307 3284 1907 5308 2531 482  3167 1478 3779 2578 4447 3746 5101 4934 5791 
5225 4284 2255 2352 4625 3036 1075 5124 4975 2128 473  5488 815  1044 1055 1288 5625 3542 1935 5512 4815 3008 795  968  2085 2068 3051 3146 4071 4396 5205 5536 147  2224 2439 136  5517 808  633  1462 1731 2152 2973 2782 3439 708  3901 2358 4307 4338 4667 54   5071 1506 5465 3462 5911 5034 67   5770 509  508  1039 2276 1607 4252 2221 86   2803 958  3469 2026 4099 3142 4787 4322 5449 5554 
4368 1375 2856 3445 1824 5705 4248 3175 2916 185  4272 689  684  955  1692 1165 2618 1125 4774 3285 2704 135  392  1545 1564 2613 2650 3621 3796 4665 5012 5697 208  1143 5008 3987 488  201  1118 1167 1810 2319 2488 3261 3026 3683 1572 4115 3324 4499 5388 4853 654  5263 2514 5677 4506 25   5384 277  6070 773  1348 1319 3292 1913 5444 2539 502  3169 1486 3793 2582 4451 3754 5107 4946 5801 
3025 4704 2365 1344 4565 3096 1175 5152 5275 2256 485  5632 835  1116 1111 2412 1255 3458 2115 5504 4905 3392 885  988  2121 2050 3081 3212 4077 4444 5211 5450 153  2384 2493 152  5547 814  669  1474 1761 2158 2991 2786 3443 732  3935 2364 4309 4404 4685 66   5089 1542 5473 3522 5917 5038 71   5762 521  524  1049 2284 1609 4276 2237 94   2819 974  3491 2038 4111 3158 4789 4358 5471 5578 
4536 1595 3192 3565 1836 5735 4116 3275 3136 205  4048 4095 5888 965  1908 1195 3468 1355 4862 3525 4624 165  476  1593 1420 2607 2716 3615 3836 4671 5020 5709 304  1179 5072 4041 494  213  1130 1191 1816 2361 2494 3263 126  3695 1494 4117 3372 4501 5484 4855 678  5267 2586 5699 4542 49   5402 281  6078 787  1388 1321 3308 1931 5468 2543 514  3181 1502 3797 2594 4457 3758 5113 4954 5807 
715  4788 2405 4928 4615 3132 1325 5166 5575 2288 4725 2816 1575 1768 1115 2556 1285 4932 1415 5576 5025 3776 915  992  2067 2020 3111 3232 4089 4448 5181 5540 207  2416 2523 154  5553 824  681  1490 1779 2162 3027 2792 3455 726  3937 2388 4313 4476 4687 78   5093 1578 5485 3558 5921 5048 79   5786 523  548  1051 2308 1613 4348 2239 106  2833 982  3499 2042 4127 3166 4793 4406 5477 5582 
5712 1625 1848 3625 1932 5785 4128 3425 336  215  4784 5985 1144 1995 2728 1205 3492 1363 264  1555 5776 195  532  1599 1450 2619 2740 3633 3820 4683 5044 5727 272  1233 5296 4107 506  219  1162 1203 1826 2391 2504 3265 156  3713 1602 4121 3396 4511 5526 4859 762  5269 2526 5707 4566 121  5410 283  64   797  1396 1327 3316 1933 5492 2549 526  3187 1514 3803 2602 4463 3778 5119 5006 5813 
1045 5292 2375 5824 4895 3108 1445 5256 5675 2544 493  3328 2205 2024 3045 3496 1313 5004 1457 462  1649 3904 1005 1012 2091 2060 3129 3172 4137 4450 5217 5548 243  2512 2529 170  5571 826  687  1498 1797 2168 3039 2794 3473 738  3941 2466 4315 4518 4699 102  5095 1614 5489 3594 5933 5074 73   5798 541  556  1061 2348 1619 4364 2243 118  2837 998  3511 2062 4129 3194 4799 4414 5479 5594 
5616 1615 3864 3655 1944 5795 4312 3475 432  235  4144 6075 1408 1785 2944 4995 2632 1385 312  1565 744  1717 572  1533 1550 2667 2684 3657 3860 4731 5024 5745 368  1251 5392 4113 518  237  1166 1227 1832 2427 2506 3273 3032 3707 1524 4135 3438 4529 5532 4867 786  5287 2598 5713 4614 169  5416 293  12   809  1412 1361 3356 1949 5524 2551 538  3191 1522 3821 2606 4481 3802 5147 5042 5821 
1925 1872 2465 1764 4715 3234 1475 5236 5725 2576 4275 5936 2565 2392 3255 3608 3645 3752 1465 546  1655 984  1795 1184 2133 2108 3165 3196 4161 4460 5253 5564 171  2608 2547 182  5679 830  699  1510 1803 2198 3057 2806 3453 3178 3949 2502 4319 4548 4705 114  5105 1626 5497 3606 5935 5066 83   5802 547  578  1063 2372 1621 4372 2251 122  2843 1006 3517 2066 4133 3202 4801 4426 5483 5602 
3744 385  1728 3685 2052 5875 4256 5265 1232 3825 4592 1485 2548 3375 2584 5145 4136 1035 4888 1577 714  1735 1242 1865 1612 2679 2756 3699 3892 4773 5050 5763 464  1341 5552 4149 530  267  1178 1257 1834 2433 2510 3269 3034 3651 3346 4141 3474 4531 5556 4873 822  5293 2634 5723 4638 361  5442 307  18   811  1436 1367 3362 1951 5596 2557 542  3203 1538 3823 2614 4483 3814 5153 5062 5827 
2695 5304 2065 864  4445 3348 1525 5852 2925 3248 5175 1568 2805 4732 4125 3712 315  4472 2175 5642 1661 1026 1799 1464 1915 2132 3171 3260 4173 4484 5271 5566 279  2672 2637 184  5769 854  717  1526 1821 2216 3063 2810 3459 3182 3837 3478 4321 4596 4709 138  5111 1662 5509 3642 5941 5090 89   5816 557  596  1069 2396 1627 4388 2267 134  2851 1018 3527 2078 4139 3214 4813 4442 5501 5606 
4896 665  5508 3115 2088 5845 4428 3725 1904 4455 4816 1755 3724 3795 896  5115 4264 1215 4984 3555 448  1739 1254 1883 1704 1981 2780 3723 3916 4695 5084 5757 512  1359 5584 4167 536  249  1192 1263 1846 2463 2522 3277 3058 3669 3358 3963 3614 4535 5598 4883 834  5299 2658 5729 4722 289  5446 311  20   821  1468 1373 3412 1973 5618 2579 554  3209 1546 3833 2638 4493 3826 5167 5078 5839 
5005 2448 2135 792  4585 3366 1675 5346 5825 3472 5445 1792 3105 5684 4485 2072 495  3976 2325 5624 5085 4288 1807 1518 1937 1914 2051 3268 4155 4532 5235 5572 261  2768 2763 190  5787 856  723  1528 1839 2222 3093 2822 3489 3206 3849 3490 4281 3766 4717 174  5123 1686 5513 3678 5947 5118 97   5822 563  604  1087 2404 1637 4412 2269 142  2857 1042 3529 2098 4153 3218 4817 4474 5503 5638 
5472 455  5808 3395 2208 5945 4392 3577 528  265  5168 2145 3332 3705 952  5535 2744 1275 5192 3735 704  255  608  1891 1722 1985 2136 2149 3956 4755 5054 5781 496  1413 5648 4203 568  291  1208 1293 1864 2469 2534 3279 3064 3687 3368 3981 3634 4449 3896 4885 894  5305 2694 5731 4782 529  5464 313  28   823  1492 1381 3428 1979 5636 2591 562  3217 1574 3847 2642 4507 3862 5171 5086 5843 
2275 5016 2345 936  4795 3384 1775 5382 5341 2754 497  4352 3135 6076 4785 1736 585  4088 2385 5656 5325 4672 1065 1036 1943 1938 2077 2346 2191 4556 5289 5588 333  2864 2799 230  5823 872  753  1534 1851 2230 3099 2824 3487 3208 3867 3502 4287 3782 4659 4072 5129 1698 5515 3702 5951 5122 101  5826 569  628  1091 2428 1657 4418 2273 146  2861 1046 3533 2102 4157 3226 4831 4478 5507 5666 
4752 595  2112 3535 2232 5863 4452 3775 624  259  2460 703  4508 3915 1064 5655 2926 1305 5032 3975 832  285  544  1605 1628 2005 2214 2155 2568 2245 5068 5811 656  1467 5744 4311 574  303  1222 1299 1886 2481 2536 3281 150  3737 3370 4083 3638 4461 3914 4857 4246 5311 2742 5747 4826 6081 5470 317  32   827  1516 1399 3436 1987 5692 2593 566  3221 1594 3851 2654 4513 3866 5179 5098 5849 
2975 5928 2485 1056 4745 3402 1805 5412 5537 1650 511  2860 2907 616  4875 2296 675  4186 2655 5698 5415 4544 1095 1078 2139 2144 2071 2418 2195 2814 2327 5612 363  2896 2817 232  5877 874  771  1544 1857 2242 3101 5886 3493 774  3953 3512 4299 3790 4677 4082 5079 4378 5539 3714 5959 5126 103  5842 571  652  1093 2452 1663 4436 2281 158  2879 1082 3539 2122 4159 3238 4861 4486 5519 5674 
3168 805  2496 3605 2244 325  4512 3703 990  287  2550 707  4640 3519 1624 5805 2968 1395 5248 4005 1088 345  748  1635 1652 2685 2788 2165 2478 2263 3030 2419 592  1503 5872 4383 584  309  1246 1317 1898 2487 2542 3287 198  3715 1644 4145 3656 4467 3922 4863 4294 5259 4514 5753 4854 841  5466 331  44   829  1532 1409 3452 1993 5708 2609 586  3229 1618 3853 2722 4517 3898 5189 5102 5851 
3185 1584 2555 1152 4865 3552 1825 5664 5887 1710 517  3180 817  5740 3933 2002 765  4424 2535 5704 5475 5056 1113 1196 2109 2212 3201 3296 2197 2838 2329 3210 2483 3088 2853 238  5931 890  789  1558 1893 2248 3103 5790 3497 804  3959 2532 4331 3794 4701 4090 5091 4382 5469 4654 5963 5128 107  5846 577  668  1097 2468 1667 4468 2287 166  2887 1094 3541 2126 4177 3242 4871 4502 5521 5686 
5184 875  3264 3745 2484 5885 4446 3871 1020 301  2610 697  3850 3393 2480 4617 3304 1425 5336 4335 1216 375  736  1581 1460 2697 2812 3729 3940 2291 3066 2449 3390 2519 5968 4419 590  321  1256 1329 1910 2517 2546 3293 204  3743 1668 4151 3516 4537 3928 4881 4298 5277 4526 5667 4838 9    5486 337  50   839  1556 1423 3508 1997 5716 2617 614  3251 1622 3863 2734 4519 3902 5197 5114 5857 
3325 6072 2665 1188 5015 3444 1975 5676 2401 1740 527  1540 2223 5950 4257 700  4719 4648 2745 5768 5715 5312 1131 860  2163 2140 3237 3340 4179 4540 2353 3270 2489 3738 2587 248  5949 902  807  1562 1923 2264 3107 5838 3503 846  3961 2676 4333 4626 4711 4094 5097 4390 5493 4658 5919 5134 109  5858 587  692  1103 2476 1669 4492 2293 178  2897 1114 3547 2138 4201 3254 4877 4534 5527 5702 
5148 1015 3648 3815 2508 6035 4524 3925 648  323  2240 1989 4340 3267 2320 4563 280  5031 5432 4425 1472 435  644  1647 1580 2703 2828 3741 3950 4809 5092 2443 3498 2533 3930 2651 598  327  1258 1347 1912 2559 2570 3317 228  3749 1746 4163 3546 4541 5604 4891 4310 5317 4552 5703 4856 961  5494 347  52   853  1588 1427 3524 1999 5732 2621 622  3253 1642 3877 2746 4523 3946 5209 5158 5861 
4025 2592 2585 1224 4945 3654 2075 5418 5687 4830 533  2660 2673 5980 693  1700 4797 770  1053 5848 5895 5696 1161 850  2187 2150 3219 3350 4191 4588 5295 5644 2495 3768 2599 4170 2759 904  813  1570 1929 2266 3117 2830 3521 852  3973 2682 4343 4668 4727 186  5131 1758 5533 4670 5937 5138 113  5862 593  716  1109 2524 1693 4516 2297 194  2903 1126 3557 2174 4211 3274 4889 4538 5531 5714 
2376 1085 4416 3835 2142 5995 4644 3757 3990 319  4900 1683 4550 3663 2560 1827 6050 5301 1750 4941 1856 465  812  1677 1660 2727 2848 3753 3980 4767 5216 5817 688  2545 4008 2653 4344 2831 1270 1371 1918 2571 2626 3291 3070 3781 1734 4169 3582 4553 5634 4897 906  5315 2766 5759 4858 1369 5514 349  68   857  1604 1429 3532 2003 5756 2633 626  3257 1646 3881 2762 4547 3958 5227 5182 5867 
4165 2736 2635 504  5035 3588 2009 360  5819 3570 551  1820 2871 6020 4329 1100 3381 1870 1539 3430 429  4096 1173 940  2193 2180 3243 3424 4209 4580 5307 5620 369  3056 2603 4182 2761 4530 2899 1576 1941 2270 3113 2834 3513 3262 3977 2718 4351 4734 4735 222  5137 1842 5543 3786 5965 5142 127  5864 599  722  1117 2564 1697 4604 2309 202  2909 1138 3559 2182 4217 3314 4903 4546 5557 5722 
2808 1295 5568 3875 2436 275  4692 3971 2730 341  420  713  4940 4059 3440 1911 440  5439 2990 5427 4370 663  160  1653 1690 2739 2842 3765 4012 4833 5140 5829 752  1557 6064 2681 4374 2839 4746 2959 1928 2577 2630 3309 3074 3693 3374 4171 3684 4555 5706 4907 942  5321 2778 5755 4866 1681 5518 353  76   859  1636 1433 3548 2011 5788 2647 634  3259 1654 3889 2798 4549 3974 5231 5186 5869 
4235 3312 2765 1248 5125 3612 1859 4410 187  5250 559  2380 3069 5120 819  1900 3549 1880 6039 3560 231  5480 1209 1060 2211 2204 3333 3404 4215 4564 5319 5650 387  3152 2883 250  2771 4578 2911 5010 3007 2278 3127 2872 3505 3266 3873 3514 4367 4812 4739 246  5141 1866 5545 3846 5969 5144 131  5866 601  724  1123 2572 1699 4612 2311 206  2917 1142 3571 2186 4219 3326 4909 4562 5563 5758 
3456 1435 5832 3895 2464 425  4662 3887 4480 377  630  737  5180 3627 2960 1953 640  5247 1330 5751 4520 777  200  1659 1696 2715 2852 3759 4028 4887 5150 5883 944  1587 100  4491 602  2845 4758 2981 5352 3065 5658 3295 234  3755 3382 4101 3658 4559 5748 4913 978  5327 2802 5761 4870 1849 5522 359  92   863  1676 1439 3628 2017 5804 2657 662  3271 1658 3907 2818 4561 3986 5233 5218 5879 
4655 3564 2755 672  5135 3762 2225 5586 143  4760 583  3220 3159 1600 1071 1300 3717 2210 891  3710 459  5510 1221 950  2241 2236 3297 3460 4233 4598 5343 5660 423  3184 2979 266  6057 938  2921 5064 3013 5454 3133 5934 3545 876  3979 3526 4317 3806 4747 258  5143 1878 5549 3858 5971 5146 137  5870 607  764  1129 2588 1709 4652 2333 214  2927 1154 3581 2194 4229 3334 4919 4574 5569 5774 
3432 1505 5952 3905 2394 575  4576 4075 816  403  1050 731  4840 5187 3280 2331 520  5589 2030 5913 4510 837  260  1743 1748 2751 2888 3783 4018 4899 5194 5871 848  1611 196  4527 610  339  1298 2965 5358 3071 5730 3337 276  3763 1788 4181 3670 4479 3926 4915 1002 5339 2874 5765 4898 2209 5528 367  98   877  1682 1447 3644 2027 5812 2659 674  3299 1678 3911 2846 4567 3994 5237 5234 5881 
5075 3888 2795 756  5185 3816 2023 5688 5975 2832 589  3330 871  880  1197 2300 3843 2090 1377 3770 357  5560 1239 1150 2247 2260 3399 3488 4239 4606 5373 5668 531  3376 3033 286  81   946  831  1582 3029 5496 3131 5910 3523 948  3983 2724 4369 3818 4713 4102 5149 1902 5561 3882 5977 5154 139  5882 613  772  1151 2612 1721 4684 2339 218  2939 1174 3583 2206 4231 3338 4931 4586 5573 5794 
3672 1645 2304 3965 2604 475  4554 4067 912  305  4656 721  3870 1003 3760 2499 760  5499 2170 1089 4750 783  220  1767 1780 2769 2890 3801 4064 4917 5252 5835 976  1629 256  4581 632  381  1304 1383 1930 3073 5694 3353 306  3785 1812 4183 3732 4571 3938 4911 4318 5345 2922 5767 4886 2809 5542 373  116  881  1684 1451 3676 2029 5836 2663 694  3301 1706 3917 2854 4583 3998 5261 5242 5897 
5425 4176 2875 924  5365 3808 2425 5724 6025 2992 505  5994 869  4980 1121 2420 4221 2120 1863 3880 483  5590 1269 1148 2301 2254 3363 3476 4245 4628 5379 5728 477  3568 3123 290  21   962  843  1586 1959 2290 3143 5970 3551 996  3985 2748 4379 4764 4757 4142 5127 4394 5567 3918 5983 5162 149  5894 617  788  1153 2636 1723 4724 2341 226  2953 1186 3593 2218 4241 3386 4933 4594 5581 5806 
4104 1705 4872 3995 2574 725  4824 4175 1104 295  4698 695  768  979  240  1211 680  5577 2590 1521 4730 861  340  1749 1666 2781 2924 3813 4046 4929 5260 5889 1072 1719 484  4689 638  393  1334 1389 1946 2589 2648 3341 294  3791 1818 4187 3756 4573 5766 4927 4328 5331 4558 5771 4904 3481 5558 379  124  883  1724 1453 3698 2039 5884 2671 698  3307 1714 3919 2858 4591 4006 5273 5266 5903 
5635 4212 2915 1092 5375 3822 2299 5628 625  2928 515  252  865  1332 1133 450  1331 1190 2349 3910 399  5750 1281 1180 2337 2272 3345 3484 4323 4636 5397 5764 507  3632 3141 296  15   986  849  1592 1977 2282 3139 6018 3569 954  3991 2796 4381 4878 4741 282  5155 4402 5541 4696 5961 5174 151  5898 619  796  1163 2644 1733 4748 2347 254  2957 1198 3607 2234 4243 3394 4937 4618 5591 5818 
4224 1715 6084 4015 2646 605  4836 4205 1134 335  4848 745  828  985  2028 1219 3636 1387 2870 3249 4810 903  380  1809 1694 2829 2884 3855 4108 4893 5290 5901 1136 1737 676  4707 646  411  1310 1401 1958 2631 2662 3305 342  3787 1854 4189 3798 4577 5844 4939 1038 5353 4568 5721 4906 3721 5546 383  148  887  1732 1459 3716 2053 5924 2677 706  3313 1718 3923 2866 4597 4022 5279 5294 5923 
5915 4464 2905 1368 5335 3876 2107 5772 55   3078 535  288  889  1452 1135 2628 1315 5202 1469 4040 513  5830 1407 1210 2379 2312 3405 3556 4371 4708 5421 5792 549  3664 3177 310  27   970  879  1598 1983 2294 3147 2882 3563 1014 3997 2826 4385 4842 4763 318  5161 1986 5579 4706 5979 5176 157  5902 631  844  1171 2692 1741 4772 2351 262  2963 1202 3613 2246 4253 3398 4943 4622 5623 5834 
4488 1855 4356 3955 2652 6055 4884 4325 1392 329  4944 749  4020 989  2124 1243 3708 1379 120  1561 4930 897  500  1833 1804 2847 2948 3939 4114 4953 5324 5943 1168 1773 1156 4869 658  417  1336 1437 1970 2643 2666 3327 3082 3799 1884 4193 3804 4579 5892 4955 1074 5357 2946 5773 4910 4489 5570 389  164  907  1756 1471 3748 2063 5932 2683 718  3319 1726 3929 2878 4603 4034 5281 5314 5927 
4375 4608 2945 1404 5215 3828 2303 5742 35   3216 545  396  893  5070 1139 980  1333 5364 1477 390  1673 5890 1353 1204 2235 2324 3429 3550 4251 4660 5451 5746 603  3728 3231 322  33   994  921  1606 2019 2314 3149 2930 3543 3272 4009 2868 4387 4908 4765 354  5165 2022 5585 3954 5989 5178 163  5912 641  892  1181 2708 1747 4804 2357 274  2969 1214 3617 2258 4259 3418 4951 4666 5639 5854 
4968 1885 4158 4085 2664 175  5088 4361 1488 343  5022 755  882  1007 810  1241 3852 1393 270  1589 750  1751 350  1887 1708 2865 2996 3819 4148 4983 5332 5907 1250 1791 1444 4923 664  447  1342 1461 1978 2649 2674 3349 3110 3711 3406 4195 3972 4589 5958 4963 1086 5359 2994 5777 4922 5041 5574 397  172  911  1772 1481 3764 2069 5948 2687 734  3323 1754 3931 2894 4621 4054 5297 5318 5939 
1225 5328 3055 1176 5395 3936 2525 5814 65   3344 553  468  895  1476 1141 2844 1337 5436 1501 510  1651 930  1817 1220 2343 2336 3417 3580 4401 4676 5385 5782 639  3824 3303 328  39   1010 933  1630 2031 2318 3151 6024 3587 3278 3891 3538 4393 4986 4769 366  5173 2082 5587 3966 5993 5198 167  5918 643  908  1187 2732 1753 4852 2371 278  2971 1226 3623 2302 4261 3442 4957 4678 5641 5878 
4992 1955 5208 4255 2784 6083 5076 4475 1536 355  5104 763  972  995  2178 1247 3924 1391 210  1591 798  1763 1272 1897 1850 2877 2950 3993 4150 4947 5344 5955 1264 1899 2116 5013 670  453  1358 1473 1990 2661 2678 3365 348  3805 3422 4119 3674 4595 5988 4979 1146 5363 3018 5789 4926 5329 5608 401  188  919  1796 1483 3788 2081 5956 2689 746  3329 1762 3943 2902 4637 4058 5303 5326 5953 
5929 5904 3145 1386 5405 3978 2527 5856 77   3504 565  612  899  1548 1145 2988 1339 5652 1507 552  1685 1122 1829 1482 1939 2332 3423 3572 4407 4756 5457 5828 657  3856 3357 344  51   1016 939  1634 2049 2330 3153 2914 3589 1062 4033 3530 4341 3832 4771 402  5177 2094 5597 4038 5999 5206 173  5930 647  916  1193 2738 1759 4868 2377 298  2999 1234 3631 2306 4271 3446 4967 4682 5647 5906 
4320 2639 1296 4355 2904 245  5112 4477 1140 371  5136 767  4230 1027 2196 1253 4068 1397 378  1585 858  1745 1326 1895 1752 2021 2980 3999 4172 4965 5348 5973 1328 2007 3364 5043 682  471  1370 1497 2006 2721 2686 3351 3112 3809 1926 4207 3686 4497 3934 4981 1158 5371 3054 5803 4936 3    5614 409  212  929  1828 1487 3812 2083 5972 2693 758  3331 1766 3947 2906 4639 4078 5309 5342 5981 
1001 3240 3689 1656 5285 3996 2575 5916 91   1860 581  3450 901  5310 1147 2900 1343 5868 1513 594  1679 1032 1835 1554 1945 1992 2101 3604 4395 4768 5487 5860 711  4016 3411 370  57   1022 951  1670 2073 2338 3155 2936 3561 3286 4031 2892 4399 3830 4737 4118 5195 2118 5603 4062 6001 5210 179  5944 653  932  1201 2764 1777 4892 2381 302  3001 1238 3637 2326 4273 3466 4969 4694 5651 5914 
5400 2737 1980 4459 2952 539  5244 4525 1776 391  2580 779  4260 1037 3750 1261 4332 1403 330  1603 870  1757 1416 1903 1794 1991 2130 2167 4192 5019 5350 6021 1424 2043 3844 5067 686  489  1378 1509 2008 2733 2696 3369 3122 3747 3434 4213 4014 4601 3962 4971 4334 5377 3126 5809 4938 7    5622 419  236  937  1844 1489 3868 2087 5996 2699 766  3343 1774 3967 2918 4643 4106 5323 5354 5987 
1309 3120 3857 4950 5369 4440 2597 5976 85   3408 611  3500 913  5340 1159 2450 1357 6012 1517 570  1687 1110 1819 1566 1957 1974 2117 2370 2201 4796 5523 5876 747  4112 3447 374  69   1030 993  1688 2103 2344 3161 2938 3579 3298 3903 3544 4405 5028 4777 4154 5163 4430 5599 4098 6005 5224 181  5946 659  956  1213 2804 1783 4916 2383 314  3011 1262 3643 2342 4283 3482 4973 4702 5653 5926 
4680 2849 2700 4669 2040 637  1620 4693 1782 365  5232 781  4350 1043 4240 4653 910  1411 384  1631 888  1769 1290 1909 1770 2033 2226 2159 2562 2279 5356 6015 1552 2061 5476 5121 710  501  1384 1527 2014 2757 2690 3377 3130 3777 3448 4143 3682 4607 6036 4985 4342 5349 4570 5833 4942 5    5626 421  242  941  1852 1493 3884 2089 6044 2707 778  3347 1814 3989 2942 4649 4126 5333 5366 6007 
1463 4080 3731 5100 5453 5160 2783 5600 221  3584 629  3540 917  5490 1157 3100 4959 1610 1529 690  1691 1128 1837 1590 1963 1998 2095 2424 2215 2886 2335 5908 801  4208 3501 376  87   1034 1011 1702 2127 2354 3173 144  3599 3302 3909 3562 4353 3838 4781 426  5191 4438 5583 4718 5991 5222 191  5954 661  964  1217 2836 1787 4924 2389 326  3019 1282 3659 2362 4289 3494 4987 4714 5657 5938 
5760 2821 3060 4543 2760 833  4050 4901 2310 437  1120 793  4380 1057 4720 2541 920  5661 3010 1639 918  1765 1302 1919 1806 2041 2322 2171 2616 2285 3102 2395 1616 2097 40   5139 712  519  1390 1563 2054 2787 2702 3379 414  3811 3454 4197 3688 4533 3970 4997 1182 5401 4582 5739 4952 11   5630 431  244  947  1868 1499 3908 2099 16   2711 794  3359 1822 4001 2962 4651 4138 5347 5374 6011 
1547 2640 3913 5220 5467 4920 2873 4620 247  2800 3861 3800 923  5550 1169 3380 4263 2360 2511 4120 1703 1218 1843 1608 1961 2010 2119 2442 2219 2862 2359 3288 2491 4304 3573 406  93   1048 1041 1730 2157 2378 3183 2954 3595 1068 4039 3586 4359 3842 4749 4168 5183 2154 5611 4726 5997 5230 193  5962 673  1004 1223 2876 1789 4948 2393 334  3023 1286 3671 2374 4297 3506 4993 4742 5659 5942 
3960 3059 3300 4823 2280 847  960  5239 3080 5967 1400 2277 4960 1067 4880 2583 1000 5607 3160 441  5080 1781 1410 1921 1830 2047 2190 2173 2622 2305 3144 2435 3486 2537 56   5193 730  537  1394 1569 2056 2811 2698 3383 372  3817 1956 4223 3704 4569 3982 4989 4330 5383 3138 5815 4958 13   5646 433  268  953  1916 1511 3932 2111 6    2713 802  3361 1838 4003 2966 4657 4162 5351 5378 6029 
1729 6000 4123 1080 5551 5130 2891 480  299  5320 1287 4000 3003 1360 1323 3700 4473 2440 2997 4030 561  5530 1853 1674 1967 2046 2147 2472 2227 2982 2363 3294 2497 3774 2605 418  111  1054 1047 1738 2181 2390 3189 2984 3601 1098 4037 2934 4411 3854 4791 4184 5169 4454 5609 4146 6013 5246 197  5966 677  1028 1229 2908 1801 4996 2399 346  3037 1294 3673 2386 4327 3518 4999 4754 5669 5998 
5280 3367 3840 4697 3000 1127 4400 4753 1350 407  1960 1881 5800 5313 5000 2709 1160 5841 3230 4761 4690 957  460  1927 1896 2045 2262 2177 2670 2321 3090 2453 3534 2561 4002 2669 742  543  1406 1623 2074 2823 2710 3387 3154 3827 1962 4237 4044 4609 3992 5001 4346 5361 4610 5837 4962 17   5654 439  284  967  1922 1523 3964 2113 8    2719 818  3371 1858 4007 2974 4663 4166 5381 5386 6037 
2093 4560 3773 5580 5593 4290 2989 540  119  1950 649  4060 2691 1520 1449 4100 4557 2470 3321 4070 621  5810 1419 1274 1969 2058 2105 2538 2231 2958 2413 3318 2501 3810 2611 4218 2773 1066 1059 1742 2199 2398 3193 3002 3603 3310 4043 3006 4415 5046 4811 4190 5199 4456 5601 4738 6017 5254 199  5974 683  1052 1231 2932 1811 5036 2411 358  3041 1306 3677 2402 4337 3554 5003 4762 5683 6002 
5940 3451 3420 4879 2970 931  5200 4949 1170 413  2790 799  5390 4131 5360 2793 1430 6003 3250 2601 4970 969  490  1917 1862 2059 2328 2183 2706 2315 3162 2455 3576 2563 4110 2723 4386 2855 1414 1641 2086 2841 2714 3385 3176 3829 2004 4247 4086 4613 6066 5017 4354 5367 4616 5793 4966 19   5672 443  292  971  1948 1531 3988 2129 10   2729 838  3373 1874 4013 2978 4673 4174 5387 5398 6043 
2261 5520 4081 5700 5831 5640 3179 600  133  2070 623  3630 943  560  4437 4300 4599 2680 3483 4130 627  5960 1311 1276 2265 2356 2123 2490 2249 3048 2369 3306 2507 3834 2623 4266 2779 4602 2923 1778 2217 2410 3199 6042 3611 1164 4045 3012 4417 5052 4819 438  5207 4462 5613 4744 6009 5258 211  5982 691  1058 1237 2956 1823 5108 2417 362  3049 1318 3691 2426 4339 3566 5009 4766 5689 6022 
3600 3157 3900 4991 3480 1183 6080 4961 1380 427  2820 791  4650 1073 5680 2961 1240 6027 3190 351  5110 999  550  1869 1888 2889 3020 2189 2712 2317 3186 2461 3618 2567 4074 2701 4422 2863 4776 2977 2104 2859 2726 3397 444  3839 2034 4249 4122 4619 48   5027 1194 5389 4630 5799 4978 23   5662 449  316  977  1964 1543 4036 2131 14   2731 842  3389 1882 4019 2986 4679 4178 5393 5414 6047 
1771 1440 4301 5850 5621 720  3283 780  203  2220 667  3660 949  5820 1177 5300 4977 2530 3807 4250 741  6040 1431 1292 2289 2350 3441 3610 2257 2910 2407 3336 2509 3894 2615 4242 2785 4632 2929 5106 3017 2414 3197 324  3629 1206 4055 3084 4427 5058 4829 474  5201 2202 5617 4790 6019 5262 223  5986 701  1076 1249 2972 1831 5116 2423 382  3061 1322 3697 2434 4349 3574 5011 4778 5693 6038 
2880 3311 4500 4921 3510 1421 3520 5047 1500 451  1470 803  4740 1079 5840 3087 1480 6069 3320 189  5170 1029 580  1947 1924 2919 3050 4011 4220 2323 3198 2471 3624 2569 4026 2705 4482 2867 4806 2983 5370 3091 5736 3401 486  3841 2076 4265 4164 4627 162  5029 1266 5411 3246 5873 4974 29   5678 457  332  983  1996 1549 4052 2137 22   2741 862  3391 1894 4021 2998 4691 4198 5399 5422 6053 
2233 1800 4277 1320 5719 5610 3211 660  161  2250 671  3690 959  6030 1189 4700 4743 2750 4293 4280 609  400  1443 1312 2355 2444 3507 3596 4503 4780 2429 3354 2513 3912 2627 4278 2807 4674 2933 5190 3031 5538 3205 192  3635 1212 4061 3114 4429 5094 4835 498  5213 2238 5615 4206 6023 5272 227  5990 709  1084 1259 3004 1847 5132 2437 386  3067 1346 3701 2446 4357 3578 5021 4786 5701 6046 
4800 3553 4140 5117 3720 1813 5440 5243 1530 469  2850 851  4770 1081 180  1267 1640 567  3410 273  5240 987  620  1971 1876 2895 3068 3945 4214 5037 5372 2479 3666 2573 4134 2735 4584 2881 4794 2987 5406 3085 5754 3403 516  3845 2148 4267 4188 4631 36   5033 1338 5429 3282 5855 4982 31   5682 461  338  991  2012 1553 4076 2141 26   2749 866  3407 1906 4027 3022 4703 4222 5407 5426 6067 
2387 2340 4403 1560 5957 5720 3591 1760 217  2430 679  3740 973  6060 1199 3042 1349 2920 4779 4360 651  2500 1479 1316 2403 2366 3435 3616 4509 4820 5511 5978 2515 3942 2629 4296 2813 4686 2935 5214 3035 5478 3215 1458 3641 1236 4063 3156 4435 5172 4837 534  5219 2274 5627 4254 6031 5282 229  6008 719  1108 1277 3028 1861 5156 2441 394  3079 1354 3709 2458 4363 3602 5023 4798 5711 6074 
2160 3619 4860 5159 4590 1519 4160 3213 2200 481  3040 2457 5060 1099 300  1271 4572 1417 3290 297  5330 1023 650  2001 1892 2943 3038 4017 4228 5073 5380 6063 1648 2581 4152 2743 4470 2869 4818 2995 5394 3077 5778 3409 492  3859 2166 4279 4194 4633 24   5045 1362 5435 3342 5891 4990 37   5690 463  356  997  2036 1559 4084 2143 34   2753 878  3413 1934 4049 3046 4721 4226 5413 5438 6073 
2431 2400 4433 1920 5681 1200 3479 2080 4347 2720 5733 4180 4641 1840 1207 3204 1345 168  1537 4270 759  320  1491 1340 2373 2516 3471 3620 4521 4828 5529 6028 867  4336 2641 4326 2827 4710 2941 5226 3043 5502 3223 60   3647 1278 4069 3174 4453 5196 4841 582  5245 2298 5629 4314 6041 5286 233  6010 727  1124 1279 3044 1867 5164 2447 398  3083 1366 3719 2462 4373 3622 5039 4822 5717 6082 
5040 4147 4200 5291 1260 1573 900  5203 2600 4851 3400 5481 5500 3969 800  1273 4716 1405 408  1633 5270 1107 740  2013 1940 2937 3052 4023 4232 5055 5404 729  1712 2151 70   2747 4494 2893 4890 2993 5430 3097 5784 3419 522  3865 2172 4285 4236 4645 42   5053 1374 5447 3378 5893 4994 41   5710 467  388  1009 2084 1567 4124 2153 38   2767 886  3433 1942 4051 3062 4723 4258 5417 5458 6079 
2717 3360 4807 1680 5797 2100 3509 840  209  3200 2079 4420 5859 1040 1617 5780 1351 216  1535 696  1727 140  1551 1352 2397 2528 3477 3626 4539 4832 5505 6004 873  4432 3609 424  2815 4728 2947 5238 3047 5562 3227 72   3649 1284 4087 3222 4439 5268 4843 606  5221 2334 5633 4362 6049 5288 239  6014 733  1132 1283 3076 1871 5188 2459 422  3089 1382 3727 2474 4391 3646 5051 4834 5737 4    
2520 4199 5880 5423 5460 2057 3150 5491 3640 5049 3680 4389 5920 5103 1280 3339 1720 1441 456  1643 966  1793 820  2037 1952 2955 3104 4029 4268 5061 5396 45   1744 2169 88   5283 754  2885 4902 3005 5448 3095 5874 3415 558  3869 2286 4291 4302 4661 30   5057 1398 5455 3414 5899 5002 43   5718 479  404  1013 2092 1571 4132 2161 46   2777 898  3449 1954 4057 3086 4729 4262 5419 5462 1    
3289 3780 5083 5670 6061 2940 3751 1890 253  3920 5643 4600 3927 2000 1701 5900 5229 2840 1541 702  1711 1230 1841 1364 2445 2492 3495 3652 4431 4850 5559 6068 909  4496 3681 410  129  1096 2951 5334 3053 5592 3233 84   3653 1308 4097 3228 4469 5274 4847 618  5249 2382 5645 4398 6059 5298 241  6026 739  1172 1289 3092 1873 5204 2467 446  3109 1402 3733 2498 4397 3662 5059 4846 5741 2    
