5544 1105 4788 3445 1824 5285 4446 2525 6174 55   3792 565  588  955  2028 1205 3204 1415 5436 1631 510  1807 1026 1969 1674 2189 2328 2419 3066 2615 3894 2881 4530 3073 5394 3265 6162 3521 558  3809 1644 4069 2934 4343 4518 4619 6108 4891 942  5201 2406 5513 3138 5707 3714 5905 4458 6041 5210 83   5946 557  524  1087 2308 1657 4364 2281 74   2887 934  3547 2026 4211 3158 4903 4406 5563 5594 
5525 2016 2125 1008 4495 3366 245  5412 4205 1776 355  5632 785  1332 1135 2556 1345 3924 1541 264  1739 744  1895 1302 2095 1992 2305 2622 2515 3354 2771 4218 2987 4818 3155 5754 3401 198  3665 1068 3959 2286 4195 3684 4499 5274 4763 354  5069 1626 5345 2778 5609 3462 5773 4062 5971 4854 49   5622 307  6226 821  1388 1381 3316 1987 5524 2609 478  3251 1478 3877 2582 4547 3758 5231 5006 5879 
6048 715  5292 3515 1638 5605 4512 2575 6188 95   3984 635  612  965  2124 1255 3468 1457 5652 1651 462  1795 1032 1985 1704 2191 2346 2435 3102 2611 3810 2893 4578 3077 5448 3281 144  3523 564  3811 1668 4097 3006 4351 4548 4627 48   4907 978  5207 2454 5515 3246 5713 3786 5909 4506 6049 5178 89   5954 563  548  1091 2348 1663 4372 2287 82   2897 958  3557 2038 4217 3166 4909 4414 5569 5602 
3575 5712 2185 6006 4625 3234 575  5166 4325 1782 365  5936 803  1476 1141 2628 1355 4332 1555 378  1717 798  1903 1326 2105 1998 2315 2706 2513 3390 2761 4242 2983 4890 3161 5778 3403 204  3667 1014 3961 2292 4213 3732 4501 5316 4769 366  5071 1662 5353 2802 5611 3522 5777 4098 5977 4866 169  5626 311  6234 823  1396 1399 3356 1993 5596 2617 482  3253 1486 3881 2594 4549 3778 5233 5042 5881 
4032 1045 5376 3565 1836 5735 4004 2645 6204 35   3952 2805 4508 985  2178 1267 3492 1465 5868 1639 546  1819 1110 1981 1752 2195 2418 2443 3090 2623 3912 2885 4584 3091 5406 3269 6222 3545 636  3817 1746 4103 3012 4367 4596 4631 162  4897 1002 5213 2514 5533 3282 5723 3846 5911 4542 6059 5224 101  5962 569  556  1093 2372 1667 4388 2293 86   2903 974  3559 2042 4219 3194 4919 4426 5573 5606 
4675 3276 2255 2268 4565 3384 725  5236 4475 2064 395  6032 3375 616  1145 2844 1385 4572 1561 270  1751 750  1919 1410 2119 2046 2317 2670 2519 3486 2773 4266 2993 4902 3193 5784 3409 228  3679 1098 3973 2316 4223 3756 4511 5388 4771 402  5089 1686 5357 2874 5615 3558 5789 4146 5983 4926 289  5630 313  64   827  1412 1409 3362 1997 5618 2621 502  3257 1502 3889 2602 4561 3802 5237 5062 5897 
3024 935  5796 3625 1932 5785 4256 5265 3136 65   4048 4725 3872 3705 1496 1271 3636 1469 6012 1661 552  1829 1122 2033 1722 2197 2370 2453 3144 2627 3930 2899 4632 3085 5454 3287 324  3551 666  3827 1734 4105 3084 4379 4626 4633 36   4913 1038 5219 2526 5539 3298 5731 3858 5917 4566 6065 5246 97   5966 571  578  1097 2396 1669 4412 2297 94   2909 982  3571 2062 4229 3202 4931 4442 5581 5638 
5225 3528 2365 2352 4615 3108 775  5152 4455 2128 6075 2816 4095 1408 5985 2944 1387 4716 1565 312  1735 858  1915 1416 2117 2010 2321 2712 2533 3498 2779 4278 2995 5064 3173 5790 3419 276  3683 1164 3979 2358 4237 3798 4529 5484 4777 426  5093 1698 5359 2922 5617 3594 5803 4206 5989 4938 361  5646 317  12   829  1436 1423 3412 1999 5636 2633 514  3259 1514 3907 2606 4567 3814 5261 5078 5903 
4368 1265 1512 3655 2052 5875 4312 2925 1904 2475 4144 2565 5888 5355 2024 1365 3256 1477 6228 1655 594  1835 1128 1991 1770 2201 2424 2449 3186 2641 3942 2911 4602 3095 5478 3293 192  3563 708  3829 1788 4109 3114 4369 4668 4645 24   4915 1074 5221 2586 5543 3302 5729 3882 5921 4614 6071 5230 103  5982 577  596  1103 2404 1693 4418 2309 106  2917 998  3581 2066 4231 3214 4933 4474 5591 5666 
3025 4284 2375 1344 4715 3348 845  5852 5175 3248 5445 1568 3315 1672 2205 2584 2415 3848 1577 384  1745 888  1921 1464 2123 2058 2327 2814 2545 3576 2785 4296 3005 5106 3199 5886 3415 234  3695 1206 3977 2364 4247 3804 4531 5526 4781 438  5095 1758 5363 2936 3099 3634 5809 4254 5993 4958 529  5654 331  18   839  1468 1427 3428 2003 5692 2647 526  3271 1522 3911 2614 4583 3826 5273 5086 5923 
4536 1235 1848 3835 2088 5495 4554 2675 1232 3825 4592 2145 4864 2835 2176 1155 3712 4305 4472 1673 696  1837 1218 2005 1794 2215 2442 2455 3162 2629 4002 2923 4674 3101 5430 3317 1458 3569 726  3841 1812 4115 3156 4381 4734 4661 30   4927 1086 5245 2598 5545 3322 3687 3926 5933 4616 6051 5254 107  5974 587  604  1109 2428 1697 4436 2311 118  2927 1006 3583 2078 4241 3218 4937 4478 5623 5674 
6175 2772 2405 4928 4745 3552 1025 5418 4525 2288 2295 1792 3795 1768 3675 3016 2625 3968 4935 5032 1757 870  1927 1482 2149 2136 2323 2838 2561 3534 2807 4344 3007 5010 3197 5874 3427 294  3713 1212 3983 2388 4249 3972 4535 5532 4811 474  5105 1842 5371 2938 3117 3638 4317 4328 5433 4966 841  5662 337  20   853  1492 1429 3436 2011 5708 2657 538  3299 1538 3917 2638 4591 3862 5279 5098 5927 
3696 1495 2688 3875 2142 5795 4452 2725 3072 85   4784 3135 4732 4185 2392 1785 3496 3885 4664 525  5434 1841 1242 2021 1830 2219 2472 2461 3270 2651 4008 2921 4686 3097 5496 3295 72   3587 732  3839 1818 4117 3228 4385 4764 4667 42   4939 1146 5249 2634 5549 3310 3693 3928 4827 4630 6077 5258 109  5986 593  628  1117 2452 1699 4468 2333 122  2939 1018 3593 2098 4243 3226 4943 4486 5639 5686 
4225 4704 2465 5824 4895 3402 925  5586 4775 2106 415  2548 3915 896  4845 2728 3045 4136 6195 5248 1035 6136 1939 1518 2147 2130 2329 2862 2537 3618 2813 4326 3013 5190 3223 5838 3421 342  3707 1236 3985 2466 4265 4014 4537 5556 4819 498  5111 1866 5377 2946 5629 3656 4341 4318 5469 4978 961  5672 347  28   857  1516 1433 3452 2017 5716 2659 542  3301 1546 3919 2642 4597 3866 5281 5102 5939 
4752 1615 2184 3685 2208 5885 4524 2825 576  115  4272 655  3388 4485 1624 5535 3784 5145 4712 675  5278 1725 3776 2041 1806 2227 2478 2479 3198 2653 4026 2929 4710 3103 5502 3305 84   3589 738  3845 1854 4121 3174 4387 4812 4681 54   4955 1158 5251 2658 5561 3342 5747 3938 4839 4634 6081 5272 113  5990 601  652  1123 2468 1709 4492 2339 134  2953 1042 3607 2102 4253 3238 4951 4502 5641 5702 
2275 1584 2635 1764 5015 3444 1075 5628 4805 2256 427  5994 815  952  4875 2618 6045 4408 5565 5192 1125 6104 3015 812  2155 2214 2335 2958 2563 3624 2815 4374 3017 5214 3205 5934 3431 306  3715 1278 3991 2502 4267 4044 4541 5598 4829 534  5123 1878 5383 2984 5627 3606 5815 4334 5493 4982 1369 5678 349  32   859  1532 1439 3508 2027 5732 2663 554  3307 1574 3923 2654 4603 3898 5297 5114 5953 
3168 665  2112 3895 2232 5995 4662 3125 2916 125  4656 671  684  989  2072 5655 3304 6105 4888 735  5512 1815 4544 4905 1372 2231 2538 2471 3210 2669 4074 2935 4728 3107 5562 3337 60   3599 774  3859 1884 4135 3222 4393 4842 4685 78   4963 1182 5255 2666 2577 3346 5753 3918 5935 4642 6085 5262 127  6008 599  668  1129 2476 1721 4516 2341 142  2957 1046 3613 2122 4259 3242 4957 4534 5647 5714 
2975 1872 2065 936  4445 3588 1175 5664 4825 2544 445  6096 791  4180 4743 2632 5115 3976 3645 5336 1215 6118 3075 836  195  1988 2353 2910 2567 3666 2827 4386 3029 5238 3215 6018 3437 348  3737 1284 3997 2532 4279 4086 4553 5604 4835 582  5129 1902 5401 2954 3147 3658 5833 4314 5999 4962 1681 5682 353  44   863  1556 1447 3524 2029 5756 2671 562  3313 1594 3929 2722 4621 3902 5303 5158 5981 
5616 385  3264 3115 2244 5705 4576 3175 336  145  4816 685  768  973  5120 5247 3094 2025 4186 765  5624 1845 4288 5085 1376 1515 2528 2483 3288 2681 4110 2933 4776 3113 5538 3353 90   3601 804  3865 1926 4141 3252 4399 4878 4687 66   4979 1194 5257 2678 2589 3352 3711 3934 5941 4638 6103 5282 131  6010 607  692  1151 2524 1723 4604 2347 146  2963 1082 3617 2126 4261 3254 4967 4538 5651 5722 
1925 5304 2135 1056 4585 3762 1325 5676 4925 2576 1485 3328 817  4260 1147 3280 5841 4088 495  4984 1275 784  3195 868  345  2044 2301 1780 2569 3768 2831 4422 3031 5226 3227 5910 3439 372  3743 1308 4009 2676 4285 4122 4555 5634 4837 606  5131 1986 5389 3002 3153 3670 4353 4330 6001 4974 1849 5690 359  50   877  1588 1451 3532 2039 5788 2677 566  3319 1618 3931 2734 4637 3946 5309 5182 5987 
3744 805  3648 3395 2484 5831 4644 3275 432  155  5168 3465 5408 1003 5340 1273 980  6171 4648 825  5642 1935 4672 5025 1484 1545 2656 2703 2980 2701 4134 2941 4758 3127 5592 3341 96   3595 846  3869 1956 4145 3258 4405 4908 4699 102  4985 1266 5263 2674 2631 3358 3747 3962 4857 4646 6107 5286 137  6014 613  716  1153 2564 1733 4612 2351 158  2969 1094 3623 2138 4271 3274 4969 4546 5653 5758 
2695 2448 2345 1152 4795 3816 1183 5688 4975 2754 469  4352 5775 1976 1169 3440 5577 280  2349 5432 1305 6232 3225 884  375  2048 2289 1690 3171 3604 2845 4482 3035 5334 3233 5970 3443 414  3755 1356 4031 2682 4291 4164 4559 5706 4841 642  5137 2022 5429 3014 3183 3674 4359 4342 5541 4990 2209 5710 367  52   881  1604 1453 3548 2053 5804 2683 586  3323 1622 3943 2746 4639 3958 5323 5186 6007 
4896 875  4416 3535 2508 5845 4692 3425 528  185  4698 679  1664 1575 2432 5313 3100 6201 770  4761 5576 2115 5056 5325 1504 1605 2596 2727 2890 3537 4114 2947 4794 3131 5658 3349 108  3629 852  3883 1962 4151 3324 4411 4986 4705 114  4981 1338 5267 2686 2643 3368 3777 3970 4863 4654 6087 5288 139  6026 617  722  1163 2572 1741 4652 2357 166  2971 1114 3631 2174 4273 3314 4973 4562 5657 5774 
5005 2592 2485 1188 4865 3828 1475 5724 5243 2832 485  288  835  1144 945  3224 1323 1240 2997 2870 783  1936 3285 928  465  2068 2337 1850 3129 3610 3999 4598 3053 5352 3235 6024 3455 444  3749 1314 4037 2718 4295 4188 4571 5748 4843 618  5141 2082 5411 3026 3189 3682 4377 4346 5583 4994 2809 5718 373  68   883  1636 1459 3628 2063 5812 2687 614  3329 1642 3947 2762 4643 3974 5333 5218 6011 
5472 1015 5832 3605 2574 5719 4824 3475 624  205  4848 689  828  995  2552 1995 3608 3339 2990 297  4970 1269 5312 5415 1508 1635 2668 2739 3020 3567 4148 4245 5054 3133 5736 3365 126  3611 876  3893 2004 4163 3372 4415 5028 4709 138  4997 1362 5269 2690 2649 3370 3831 3982 4881 4658 6109 5298 149  6034 619  724  1171 2588 1747 4684 2371 178  2999 1126 3637 2182 4283 3326 4987 4574 5659 5794 
3185 2736 2555 1224 4921 2760 1421 5772 5275 2928 493  630  869  1548 1157 3128 3255 4264 6069 4280 837  6040 1551 992  555  2108 2343 1940 3219 3620 4011 4628 4695 5548 3239 6042 3473 486  3763 1422 4033 2724 4303 4194 4573 5766 4847 654  5143 2094 5447 3032 3207 3686 4413 4354 5601 5014 3481 5726 379  76   887  1676 1471 3644 2069 5836 2689 622  3331 1646 3967 2798 4649 3986 5347 5234 6029 
5184 1085 5568 3745 2652 6061 4920 3479 648  215  4944 697  3330 1007 5490 1313 3944 4515 4736 189  5170 1239 5696 5475 1564 1695 2716 2769 3050 3597 4150 4371 5068 5211 6112 3377 150  3641 948  3899 2034 4169 3396 4417 5046 4711 174  5027 1374 5287 2694 5567 3374 3837 3992 4911 4670 6117 5302 151  6054 631  764  1181 2612 1753 4724 2377 194  3001 1138 3643 2186 4289 3334 4993 4586 5669 5806 
3325 3312 2585 1248 4945 3808 2783 1620 5341 2992 497  2790 871  4350 1177 3750 1391 4216 315  5368 777  6110 1581 968  435  2132 2355 3038 3201 3626 4017 4636 4755 5564 5595 976  3487 492  3781 1494 4039 2748 4307 4236 4577 5844 4849 678  5149 2118 5435 2994 5633 3688 4443 4366 5613 5002 4489 5734 383  92   907  1682 1481 3676 2081 5884 2693 626  3343 1654 3989 2818 4651 3994 5351 5242 6037 
5148 1295 5952 3815 2664 5945 4836 3577 480  217  2220 707  3450 1027 5550 1331 450  1501 4862 855  5704 1221 6208 5715 1612 1905 2684 2781 3140 3621 4172 4251 5092 5217 6116 5955 2864 3635 954  3935 2076 4171 3438 4427 5052 4717 186  5017 1398 5293 2696 5579 3378 5755 4024 4971 4696 6115 5306 157  6056 641  772  1187 2636 1759 4748 2381 202  3011 1142 3659 2194 4297 3338 4999 4594 5683 5818 
4025 3564 2665 1368 5117 3996 1445 5742 5537 1530 511  2820 889  4380 1159 3760 1393 4932 1585 4774 1425 2704 3525 988  615  2144 2373 2020 3237 3650 4029 4606 4833 5540 5649 1072 153  4976 3785 1524 4043 2796 4309 4302 4579 5892 4853 762  5155 2154 5455 3018 5645 3642 5837 4376 5619 5018 3721 5738 389  98   911  1684 1483 3698 2083 5924 2699 634  3347 1658 4001 2846 4657 3998 5381 5266 6043 
2376 1435 2304 3905 2784 6035 4884 3703 540  259  2250 703  3540 1037 5820 1333 3380 1513 168  1679 5656 2175 4096 5895 1628 1965 2756 2751 3196 3633 4192 4395 5194 5253 6068 5973 3056 867  3844 3901 2148 4181 3474 4429 5058 4727 222  5029 1434 5299 2698 5585 3382 5759 3954 5947 4706 6119 5322 163  6058 643  788  1193 2644 1777 4772 2383 206  3019 1154 3671 2206 4327 3386 5003 4618 5689 5834 
4165 3888 2755 504  5035 3612 1525 5814 5819 1710 517  1050 851  4650 1189 4240 1449 1430 1591 330  1763 4624 3555 1012 645  2204 2397 2050 3297 3652 4023 4676 4887 5566 5673 1136 171  5008 1719 286  4045 2826 4313 4308 4589 5958 4855 786  5161 2202 5459 3034 3261 3704 5855 4362 6005 5026 5041 5752 397  116  919  1724 1487 3716 2087 5932 2707 662  3359 1678 4003 2854 4663 4006 5387 5294 6047 
2808 1375 2856 3965 2436 6095 4956 3725 816  287  2430 713  3630 1043 6030 1337 3700 3381 3160 1687 570  1883 352  5925 1652 2013 1340 2847 3232 3585 4214 4401 5140 5271 6140 6021 2896 873  5476 2637 518  4183 3516 4435 5094 4735 246  5033 1446 5305 2702 2661 3406 3849 4042 5951 4718 6127 5338 167  6062 647  796  1201 2692 1783 4804 2389 214  3023 1174 3673 2218 4337 3394 5009 4622 5693 5854 
4235 4176 2795 672  5125 3654 1675 5856 5575 3078 527  1120 893  4740 1199 4720 1617 1480 6111 4250 1769 918  1937 1036 705  2212 2379 2060 3243 3668 4035 4708 4893 5588 5691 1168 207  5072 1737 290  3771 754  4315 4338 4595 5988 4859 822  5165 2238 5461 3058 3273 3706 4449 4382 5631 5030 5329 5762 401  124  929  1732 1489 3748 2089 5948 2711 674  3361 1706 4007 2858 4673 4022 5393 5314 6053 
3456 1505 4356 3995 2394 6205 5076 3751 912  235  5104 2223 3740 1057 6060 1339 4100 3549 3190 273  5240 1843 1230 2047 1666 2055 2788 2877 3172 3615 4228 4407 5150 5289 6148 6015 3088 909  40   2763 530  4707 986  4439 5172 4739 282  5045 1506 5311 2710 2721 3422 3867 4010 4989 4726 6139 5384 173  6070 653  844  1213 2708 1787 4852 2393 218  3037 1186 3677 2234 4339 3398 5011 4666 5701 5878 
4655 4212 2765 1404 5185 3822 1775 5916 5675 3216 505  2156 3159 4840 1207 4880 1701 1640 567  4360 861  400  1943 1554 2165 2236 2403 2140 3333 3692 4065 4756 4899 5572 5685 1264 243  5296 1773 296  3789 776  5769 1192 4601 6036 4867 834  5173 2274 5473 3064 3279 3730 4461 4378 5637 5038 6241 5770 409  148  937  1756 1493 3764 2099 5956 2713 694  3371 1714 4013 2866 4679 4034 5399 5318 6067 
3432 1645 6084 3955 2904 6235 4998 3775 1104 265  5022 695  5684 3627 6020 5301 4300 3717 3230 231  5270 1281 160  2059 1896 2245 2812 2829 3260 3657 4268 4431 5216 5235 6164 6063 3152 927  56   2799 536  4869 994  69   1414 4741 258  5053 1542 5315 2714 2733 3434 3873 4066 5001 4738 6145 5362 179  6078 659  892  1217 2732 1789 4868 2399 226  3041 1198 3691 2246 4349 3418 5021 4678 5711 5906 
5075 4464 2875 1632 5135 3876 1825 5922 5725 3344 515  6237 865  1064 4653 5000 1827 1720 2511 4370 903  2500 1599 350  2159 2226 2363 2150 3363 3718 4047 4660 4917 5612 5697 1250 261  5392 1791 310  3879 782  5787 1208 309  1592 4873 894  5177 2298 5465 3074 3291 3736 4467 4390 5667 5048 3    5786 419  164  941  1772 1499 3788 2111 5972 2719 698  3373 1718 4019 2878 4691 4054 5407 5326 6073 
3672 1595 3192 4015 2604 6215 5088 3757 1134 295  5136 731  882  1055 2296 5499 5300 3843 3250 357  5330 1311 140  1749 580  2249 2490 2489 3212 3699 4220 4503 5252 5295 6176 6099 3184 963  70   2817 568  4923 1010 87   1426 591  1832 5057 1578 5317 2726 2757 3448 3891 4072 5007 4744 6155 5402 181  6086 661  908  1223 2738 1801 4892 2411 254  3049 1202 3697 2258 4357 3442 5023 4682 5717 5914 
5425 4608 2915 756  5335 3906 1805 5964 5825 3408 533  1400 899  1452 1165 2744 6003 1870 3321 4520 957  6230 1647 380  1887 860  2359 2886 2573 3772 4053 4768 4929 5644 5709 1328 279  5552 1899 322  3897 790  5823 1222 321  1598 921  2056 5183 2334 5485 3082 3309 3766 4479 4394 5703 5066 5    5798 421  172  947  1796 1511 3812 2113 5996 2729 706  3389 1726 4021 2894 4703 4058 5413 5342 6079 
4104 1625 3864 4085 2646 275  5096 3925 1392 301  2550 737  3660 1073 2196 1285 3416 1053 1330 351  5110 1353 200  1809 620  2067 1210 2491 3294 2705 4232 4509 5260 5307 6220 6123 3376 981  88   2853 574  5013 1016 93   1432 597  1834 1257 2266 5321 2742 5587 3454 3903 4082 5079 4790 6157 5416 191  6088 673  916  1229 2764 1811 4916 2417 262  3061 1214 3701 2302 4363 3446 5039 4694 5737 5926 
5635 5328 2945 924  5365 3936 1975 5976 5975 3504 551  1470 901  4960 1211 2988 1397 1190 3483 2590 897  5776 1659 460  1947 940  2451 2180 2581 3774 2855 4796 4947 5620 5727 1424 333  5584 2007 328  3951 806  5877 1246 327  1606 933  2074 1569 2456 5489 3054 5663 3782 4497 4402 5721 5074 7    5802 431  188  953  1828 1523 3868 2129 6044 2731 718  3391 1754 4027 2902 4721 4078 5417 5354 6089 
4224 1715 1296 4255 2464 325  5082 3887 1488 305  5232 767  3690 1067 6150 1343 2450 891  1610 429  5480 1407 220  1767 650  2091 1220 2889 3268 2723 4152 2951 5290 5319 1024 6129 3568 1017 104  2883 584  5043 1022 111  1442 633  1846 1263 2270 1923 2758 5597 3414 5761 4090 5091 4792 6159 5410 193  6094 677  932  1231 2804 1823 4924 2423 274  3067 1226 3709 2306 4373 3466 5051 4702 5741 5938 
5915 5508 2905 1716 5375 3948 2075 5984 5887 3536 535  252  913  4770 1241 5360 6039 910  3807 3010 969  320  1653 490  1971 950  2409 2260 3399 3796 2839 4470 3043 5650 5757 1552 363  5648 2043 344  3987 808  5931 1256 339  1630 939  2086 1623 2482 2253 3070 5671 3678 5873 4430 5739 5090 11   5816 433  212  967  1844 1531 3884 2131 6092 2741 734  3407 1762 4049 2906 4723 4106 5419 5366 6091 
4488 1855 792  4403 2952 425  5112 3871 600  319  5264 745  972  1079 6180 1349 4700 1539 1750 459  5530 1419 224  1833 740  2121 1420 2919 3340 3729 4292 2959 4746 3139 80   6141 3632 1083 110  2979 590  5067 1030 123  1448 669  1864 1293 2278 1929 2770 2787 3464 5765 3966 5959 4808 6161 5442 197  6106 683  956  1237 2836 1831 4948 2437 278  3079 1234 3719 2326 4391 3482 5059 4714 5743 5942 
6125 5808 3055 1656 5159 4056 1519 4050 6223 1860 559  396  895  1692 1219 5840 1911 1880 4293 3290 999  448  3735 1078 2001 1060 2553 2350 3417 3820 4071 4780 3047 5358 3241 1616 369  5744 2061 370  4041 814  5949 1258 381  1634 951  2104 1641 2486 2271 3110 3327 3794 5891 4398 6013 5034 13   5822 439  236  971  1852 1543 3908 2137 6124 2749 746  3413 1766 4051 2918 4729 4126 5431 5374 6101 
4968 1885 4158 4355 2976 5957 4290 4067 660  323  4830 779  1044 1099 1600 5187 5780 4221 3320 513  5560 1431 308  6165 1694 2109 1450 2937 3296 3723 4316 4521 5332 3143 5694 3379 3664 1143 128  3033 598  5121 1034 129  1474 681  1886 1299 2282 1941 2774 2811 3470 3909 4094 5965 4722 6167 5464 199  6114 691  964  1249 2876 1847 4996 2441 298  3083 1238 3727 2342 4397 3494 5077 4742 5749 5998 
4375 5904 3145 1176 5395 4092 1813 4400 2401 1650 589  1540 923  4980 1243 5680 1953 2090 4779 3430 1023 832  3975 1148 795  2254 2607 2540 3423 3860 4077 4820 4953 5660 3247 6102 3493 5872 2097 374  4107 824  6057 1270 393  1670 993  2110 1671 2488 2283 3112 3351 3790 4533 4438 6017 5118 17   5826 443  242  977  1868 1549 3932 2141 6172 2753 758  3433 1774 4057 2942 4733 4138 5437 5378 6113 
4992 1705 4872 4301 3096 6055 5244 4361 780  329  2460 793  3800 1081 240  1351 5900 4263 3410 621  5510 1491 416  6225 1708 2085 2828 2943 3350 3741 4324 4539 5324 5343 112  3383 132  3647 130  3123 602  5139 1048 141  1462 687  1898 1317 2290 1959 2776 2823 3478 3921 4102 5097 4814 6169 5446 211  6126 701  1004 1259 2908 1861 5036 2447 302  3089 1262 3733 2362 4409 3506 5081 4754 5779 6002 
1225 6156 3245 1092 5405 3978 2009 5200 77   1740 553  2850 917  5070 1247 180  1403 2120 4941 3710 1107 704  4005 1184 885  2272 2445 3068 3429 3836 4155 4832 4965 5728 5745 1648 3497 516  3787 376  4113 826  6093 1298 411  1688 1011 2114 1689 2494 2307 3122 3369 3806 4569 4454 5793 5122 19   5842 449  244  983  1916 1553 3964 2143 6196 2767 766  3449 1814 4073 2962 4751 4162 5441 5386 6121 
5016 1955 4914 4345 2912 475  5256 3971 1020 341  2580 721  3870 1111 560  1357 3708 1507 2030 561  5590 1479 364  405  1696 2133 2842 2865 3404 3753 4384 4551 5344 5373 176  6135 3728 3649 996  3937 610  5193 1054 159  1490 699  1910 1329 2294 1977 2782 2841 3490 3957 4118 5127 4826 6179 5466 223  6130 709  1028 1277 2932 1867 5108 2459 314  3109 1282 3739 2374 4421 3518 5087 4762 5783 6022 
455  6192 3335 1428 5555 4116 2225 6132 143  3990 583  3200 943  5180 4617 700  1411 5004 1633 4130 1173 1216 4335 1196 915  2312 2505 3052 3165 3916 4089 4828 4983 5668 5763 1712 387  5968 3791 1572 4063 830  6147 1304 417  1702 1041 2134 1707 2504 2319 3130 3387 3818 4593 4456 5799 5126 23   5846 457  268  991  1922 1559 3988 2153 6212 2777 778  3457 1822 4079 2966 4759 4166 5443 5398 6131 
6072 2015 6216 4433 2898 605  5124 4075 1536 377  5320 1287 4000 3933 880  5589 6050 1517 120  1691 5698 2325 392  1875 1748 2163 2848 2895 3424 3759 4444 4605 5348 5379 208  6153 3824 1179 152  3941 2166 4187 1066 177  1498 717  1918 1347 2314 1983 2786 2859 3502 3963 4142 5163 4838 6181 5470 227  6142 719  1052 1279 2956 1871 5116 2467 326  3119 1286 3761 2386 4423 3554 5099 4766 5791 6038 
595  1728 3355 1596 5665 4128 2425 6138 6025 3472 3861 1960 2907 5390 4797 800  2331 2210 1589 390  1817 1088 4365 1204 1005 2332 2595 3104 3345 3956 4137 4876 5055 5746 5781 1744 423  6064 2151 410  4061 2868 4319 1310 447  1730 1047 2146 1713 2506 2361 3154 3453 3830 4629 4462 5847 5128 29   5862 461  284  997  1948 1567 4036 2161 6236 2789 794  3461 1838 4091 2974 4783 4174 5449 5414 6133 
5928 2035 5208 4505 2964 6083 5382 4175 1456 4275 5488 1683 4060 4131 1520 5481 6100 4473 3560 1711 702  1865 476  225  1804 2139 2884 2955 3476 3765 4448 4665 5356 5385 272  6177 3856 1233 136  3141 632  4189 3546 4453 1510 723  1912 1371 2318 2019 2792 2901 3512 3981 4154 5169 4856 6185 5486 229  6146 727  1058 1283 2972 1873 5132 2473 334  3121 1294 3767 2402 4441 3566 5101 4778 5801 6046 
5929 2496 3485 1386 5695 4248 2023 6144 625  3584 1755 3724 3069 5740 4719 1280 2499 2360 5427 4270 1793 966  1945 1274 1065 2324 2613 3116 3405 3892 4161 4844 5037 5764 5811 1808 477  6128 2169 406  4149 854  4321 4404 4607 1738 1059 2152 1731 2510 2391 3170 3459 3832 4647 4490 5853 5134 31   5858 463  292  1009 1964 1571 4052 2179 16   2791 802  3463 1858 4093 2978 4787 4178 5471 5422 6143 
4320 2737 864  4465 3036 6097 5130 4477 1968 335  5456 3105 728  4257 1360 5859 440  4557 3770 627  5750 1853 1254 2045 1862 2187 1460 2967 3484 3813 4396 4587 5350 5397 304  6183 4016 1251 154  3177 638  5283 1070 4469 5196 4747 1928 1383 2330 2031 2794 2913 3514 4083 4168 5199 4858 6187 5494 233  6152 733  1076 1289 3004 1877 5156 2477 346  3137 1306 3769 2426 4447 3574 5107 4786 5807 6074 
1001 4800 3451 1944 5215 4392 2107 960  91   3726 545  3332 4125 1288 4959 1100 2583 2440 5751 4690 1131 1472 1961 1566 2167 1150 2619 2620 3441 3940 4173 4850 5019 5792 5817 2032 507  6224 2259 418  4167 856  6219 1334 4609 6066 4883 2158 1761 2522 2427 3176 3489 3838 4659 4498 5919 5138 37   5864 467  316  1013 1996 1579 4076 2203 6    2797 818  3467 1874 4099 2986 4789 4198 5477 5426 6151 
5400 2639 1980 4459 3132 175  5346 4693 990  343  5424 755  6076 4785 2408 5661 520  4599 3880 663  5768 2385 532  2077 1938 2257 1550 3009 3460 3783 4450 4611 5372 5421 368  6213 4112 1341 170  3231 646  5337 1090 183  1526 4757 318  5065 2338 2049 2806 2931 3526 4101 4184 5223 4870 6189 5518 239  6154 739  1084 1291 3028 1879 5164 2503 358  3163 1318 3779 2434 4451 3578 5113 4798 5813 6082 
1309 2160 3689 4860 5369 4428 2303 3520 119  1760 581  468  905  1736 4995 2926 1377 2470 5913 4510 1161 1856 4425 1276 2171 2190 2369 2650 3471 3950 4179 4964 5061 5828 5829 2096 531  100  2313 424  4203 872  81   1336 453  1778 4885 906  5191 2534 2433 3178 3513 3842 4677 4504 5937 5144 41   5866 479  332  1019 2012 1583 4084 2207 8    2801 838  3469 1882 4111 2998 4793 4222 5479 5438 6163 
4680 2849 2340 4543 1080 539  5160 4753 1140 371  2600 749  1116 1115 2002 5805 3458 1863 2170 741  5810 1443 544  105  1888 2279 2562 2497 3488 3801 4460 4623 5380 5451 496  729  4208 1359 182  3303 658  5391 1096 201  1528 753  1946 5063 1614 5339 2822 2949 3530 4119 4190 5241 4886 6191 5514 241  6170 743  1108 1297 3044 1889 5188 2521 362  3167 1322 3793 2446 4457 3602 5119 4822 5821 6098 
1463 3120 3619 3900 5453 3480 2527 4160 161  1950 623  2860 959  1908 1195 2968 5865 4424 1089 4930 1209 2624 4545 1292 1095 2356 2395 2982 2587 4012 4191 4988 5073 5782 5835 2192 549  196  2367 430  4311 874  15   1342 471  1742 1077 2162 5195 2382 5497 3182 3543 3854 4701 4514 5961 5146 43   5870 487  338  1021 2036 1597 4124 2213 10   2803 842  3491 1894 4127 3022 4799 4226 5483 5458 6173 
5760 3059 2400 4669 1320 637  5610 4949 1170 391  2610 763  4020 1121 2412 1315 3752 5625 4522 759  5848 2535 608  135  1876 2193 2852 2495 3306 2735 4484 4671 5404 5457 464  6231 4304 1413 184  3357 664  5409 1102 213  1534 771  1930 1389 2344 5327 2766 5599 3538 4143 4202 5259 4898 6193 5528 251  6182 751  1124 1301 3076 1901 5204 2531 382  3169 1346 3797 2458 4463 3622 5147 4834 5827 6122 
1547 2640 3857 4950 5551 2970 2597 5440 133  2080 629  3180 949  5060 1253 3042 1405 3542 585  5504 1395 2368 4575 1312 1185 2336 2667 3124 2599 3738 2867 4972 5109 5860 5871 2224 603  256  2421 434  4383 890  21   1370 489  1784 1101 2168 1779 2536 5509 3126 5677 3874 4713 4526 5979 5162 47   5882 491  356  1031 2084 1601 4132 2221 14   2819 862  3499 1906 4129 3046 4801 4258 5501 5462 6197 
3960 2821 2700 4823 1920 833  5640 4901 1350 407  6090 781  4230 1139 810  1363 3852 1535 4466 975  5896 2655 572  255  1892 2235 2888 2985 3556 2743 4170 2977 5396 5487 512  45   4336 1467 190  3411 670  5463 1112 219  1544 789  1958 1401 2354 2073 2810 5603 3426 5767 4210 5277 4904 6207 5522 257  6184 757  1132 1303 3092 1907 5212 2539 386  3181 1354 3803 2462 4481 3646 5153 4846 5839 6134 
1729 3240 3773 5100 5467 3510 2891 6080 187  3640 649  1820 979  5310 1261 300  1417 5202 1643 5474 1665 1984 4635 1316 1245 2366 2685 3146 3435 4018 2869 4494 3065 5876 5883 2384 639  484  2439 442  4419 902  27   1358 501  1786 1119 2198 1797 2542 2463 3206 5699 3702 5893 4552 5991 5174 53   5894 499  388  1033 2092 1607 4156 2237 22   2833 866  3511 1934 4133 3062 4813 4262 5503 5482 6199 
5280 3367 3060 4697 1560 847  6210 4961 1890 437  2800 1881 4340 1133 1840 1379 4068 1529 210  1703 5992 2745 644  165  1924 2211 2924 3021 3596 3819 4532 2965 4806 3149 656  63   4432 1503 230  3447 682  5517 1106 249  1558 807  1970 1437 2378 2103 2824 2973 3544 5771 4038 5963 4906 6209 5542 263  6186 761  1172 1307 3148 1913 5228 2543 394  3187 1366 3821 2474 4483 3662 5167 4874 5843 6158 
2093 4080 3913 5220 5593 3720 2873 4410 209  4480 5049 3220 3267 5800 3003 1700 1441 5364 1649 456  1765 2752 4815 1352 1335 2444 2697 2740 3477 3980 4209 5012 3071 5370 3263 2416 657  676  2493 470  4491 904  33   1378 519  1790 1137 2216 1803 2546 2469 3208 3561 3878 5899 4434 6019 5142 59   5898 503  404  1039 2164 1609 4196 2239 26   2837 878  3517 1942 4139 3086 4817 4274 5507 5498 6203 
5940 3731 3300 4879 2280 1127 720  5203 2730 451  3920 2673 4420 3591 2000 3969 640  1537 216  1685 714  1891 736  285  1952 2241 1580 3051 3550 3939 4540 4731 5420 3151 5730 3397 4496 1557 232  3501 686  5547 1130 237  1562 813  1978 1461 2390 2127 2830 2991 3562 4197 4234 5969 4782 6227 5558 269  6190 769  1228 1319 3188 1931 5276 2549 398  3191 1382 3823 2498 4493 3694 5171 4882 5849 6166 
2261 5520 4123 5850 5621 4440 2989 900  253  4760 5643 2380 3663 5980 3927 1300 2541 2680 1603 408  1781 984  1957 1364 1455 2492 2679 2780 3507 4028 4233 5020 5133 5908 3277 6168 3503 1156 2529 472  4527 938  39   1384 537  1798 1149 2222 1821 2570 2481 3262 3579 3886 4737 4558 6023 5154 61   5902 509  412  1049 2188 1613 4204 2243 34   2843 886  3527 1954 4153 3098 4831 4282 5519 5506 6211 
6240 3157 3840 4807 2040 931  5720 5047 1500 403  2240 2277 4550 4437 1040 5103 680  4977 3910 1727 690  1897 1272 2051 1972 2265 2948 3081 3572 3855 4564 4773 5450 5511 592  3385 156  3661 248  3573 710  5553 1162 267  1570 831  1990 1473 2398 2157 2834 3027 3586 4227 4238 5331 4910 6233 5546 271  6194 773  1244 1321 3236 1933 5284 2551 422  3203 1402 3833 2518 4507 3722 5179 4894 5851 6178 
1771 4560 4081 5580 5681 4590 3283 360  203  2070 611  2660 3519 5500 4347 1900 2709 2530 441  4750 1799 930  1963 1590 2177 2516 2715 3164 3495 4046 4215 5024 5151 5978 5889 2512 3505 522  3805 488  4581 946  51   1390 543  1802 1167 2230 1839 2626 2487 3266 3603 3890 4749 4568 5997 5176 67   5912 521  428  1051 2228 1619 4244 2251 38   2851 898  3529 1966 4157 3106 4861 4286 5521 5534 6217 
6120 3289 3420 5083 4200 1573 1200 5239 1380 413  2720 2691 3850 4329 2320 693  760  5229 4030 483  5830 1909 1290 2071 1914 2263 2996 3111 3616 3945 4556 4683 5428 5505 688  75   4528 3653 1062 3949 712  5571 1118 291  1576 843  2006 1497 2410 2181 2872 3039 3590 4269 4246 5349 4922 6239 5570 277  6198 787  1252 1327 3244 1949 5308 2557 446  3209 1418 3847 2554 4513 3734 5189 4918 5857 6218 
2233 6000 4147 3360 5797 5670 3179 5600 221  2200 5733 3400 3393 5950 5031 2300 2961 2750 2601 4730 987  3392 1967 1608 2173 2262 2413 2950 3531 4064 4239 5044 5157 6004 5901 2608 711  1444 3799 1602 4055 962  57   1394 573  1810 1191 2242 1851 2630 2517 3272 3639 3896 4791 4570 6009 5198 71   5918 523  436  1061 2252 1621 4252 2267 46   2857 914  3533 1982 4159 3118 4871 4306 5527 5554 6221 
3600 2717 2520 5291 5880 1859 2940 5491 6160 5967 3040 4851 4600 4563 2480 819  920  5439 4040 399  5960 1533 260  2101 1974 2285 2568 2501 3580 3993 4580 4767 5452 5523 752  99   4688 1587 238  3953 2172 4193 1166 303  1582 849  2008 1509 2414 2199 2882 3057 3592 4281 4294 5361 4936 9    5608 281  6202 797  1268 1361 3284 1951 5444 2579 454  3217 1438 3851 2558 4517 3742 5197 4934 5861 6238 
2387 1440 4199 3780 5863 1260 3211 4620 247  3080 1989 3680 2079 5920 4389 2900 2793 2840 1521 5080 1029 3008 1743 500  2183 2322 2407 3030 2603 4108 4323 5050 5181 6052 5907 2672 747  3364 2547 494  4087 2892 4331 1406 579  1816 1203 2248 1857 2648 2559 3278 3651 3914 4803 4582 6031 5206 73   5930 541  452  1063 2276 1627 4276 2269 58   2861 922  3539 1994 4177 3134 4877 4322 5531 5578 6229 
2880 3311 4140 5423 1680 2057 3150 6137 2310 481  4900 2871 4940 3213 2560 1071 1000 5607 4070 609  5890 1593 340  1869 820  2291 2616 2509 3318 2747 4588 4809 5536 5529 848  117  4802 1611 250  3609 730  4207 3582 4471 1586 879  2014 1527 2422 2217 2914 3063 3598 4287 4298 5367 4942 25   5574 283  6206 809  1324 1367 3292 1973 5468 2591 458  3221 1454 3853 2566 4519 3746 5209 4946 5867 4    
2431 1800 4277 5700 6149 2100 3509 840  299  5250 667  3500 4059 6200 4641 2420 3087 2920 3249 4810 1113 3904 1677 550  2037 1180 2429 3048 2605 3834 2863 5084 5205 6028 5943 2768 801  2116 2523 506  4689 970  4333 4476 4613 1826 1227 2264 1893 2662 2571 3286 3669 3922 4821 4610 6033 5222 79   5944 547  508  1069 2284 1637 4348 2273 62   2879 926  3541 2018 4201 3142 4889 4358 5557 5582 1    
5040 3553 4500 4991 3000 2299 5460 5687 3570 473  420  799  4640 2457 2960 1197 1160 6027 4120 651  6016 2775 748  1917 850  2247 1660 2507 3336 2759 4182 2981 5516 5559 944  147  4912 1629 266  3681 742  5679 1178 4487 5268 4765 2054 1563 2438 2229 2930 3093 3614 4299 4310 5403 4952 121  5614 293  6214 811  1348 1373 3308 1979 5492 2593 466  3229 1466 3863 2578 4523 3754 5227 4954 5869 2    
