5544 2015 3264 3157 2160 5621 5850 3283 4400 5733 3040 2079 4940 5481 1600 1449 5680 3843 1720 2511 4040 651  5750 1599 4096 6255 1696 2247 820  3297 3260 4209 4484 5295 5566 6315 1328 2259 2116 5547 686  633  1390 1797 2074 3057 2714 3981 3278 4317 3464 4593 3658 4881 3878 5349 4394 6031 5074 3721 5822 383  18   911  1492 1487 3452 2089 5732 2713 514  3373 1522 4021 2638 4721 3866 5419 5114 6101 
5525 2688 3245 1656 4459 2700 931  4290 5047 1760 4347 3800 5049 5980 693  2480 2499 6050 5661 2870 297  4810 1239 400  1887 1078 1005 2336 2739 1690 3759 3940 4809 5084 5811 6304 909  4112 3897 370  159  1034 1191 1738 2427 2398 3693 3074 4195 3368 4449 3544 4749 3782 5127 4066 5721 4790 6249 5446 151  6114 641  604  1193 2452 1783 4492 2393 94   3041 998  3697 2078 4363 3226 5051 4502 5743 5714 
6048 2035 2496 3311 3240 5719 1080 3479 5200 3591 2600 3927 4960 3969 1040 1617 5840 4221 1880 2997 4030 861  5830 1647 140  2067 1708 2301 850  3333 3140 4233 4532 5307 5572 729  1424 2367 3364 5553 710  669  1394 1803 2086 3063 2726 3983 3114 4415 3478 4629 3670 4911 3886 5361 4402 6033 5090 3481 5826 389  20   919  1516 1489 3508 2099 5756 2719 526  3389 1538 4027 2642 4723 3898 5431 5158 6113 
3575 2856 3355 1824 4669 3060 1127 4920 5243 2080 6237 4000 4641 4180 1071 2560 2541 5780 5841 3010 459  5080 1269 2500 1917 220  2091 490  2781 1940 3801 3950 4833 5050 5829 6260 927  4304 3951 374  177  1048 1203 1742 2433 2410 3711 3082 4207 4404 4631 3562 4791 3790 5163 4072 5739 4792 6259 5442 157  6126 643  628  1201 2468 1787 4516 2399 106  3049 1006 3701 2098 4373 3238 5059 4534 5749 5722 
4032 2185 5568 3367 2640 5957 1320 3577 960  119  3200 3003 5800 5859 880  1701 6320 4263 2120 3321 4070 837  5698 1653 160  2037 380  2343 860  3363 3340 4239 4540 5319 5588 63   1552 2439 3844 5571 712  681  1406 1821 2104 3093 2758 3985 3174 4417 5634 4853 3674 4971 3890 5367 4430 6041 5118 4489 5842 397  28   929  1532 1493 3524 2111 5788 2729 538  3391 1546 4049 2654 4729 3902 5437 5182 6121 
4675 2184 3485 1944 4823 3300 1183 5130 5341 600  329  4600 5187 4840 819  2960 2583 6100 6003 2926 351  4930 1311 4624 1947 260  2133 500  2751 2020 3783 3892 4887 5054 5835 6308 963  4208 3987 376  183  1054 1227 1778 2463 2414 3747 3112 4213 4476 4633 222  5089 3806 5169 4082 5793 4808 6245 5464 163  6130 647  652  1213 2476 1789 4604 2411 118  3061 1018 3709 2102 4391 3242 5077 4538 5779 5758 
3024 2125 3648 3451 4560 5831 1920 3703 3520 133  1170 581  3740 6279 1360 1827 800  4473 1870 3483 4088 897  5768 2325 224  2013 350  2337 940  3399 3350 4251 4556 5343 5612 45   1616 2421 5476 5679 730  687  1414 1839 2110 3099 2770 3991 3222 4427 5706 4849 1086 5287 3896 5403 4438 6049 5122 5041 5846 401  32   937  1556 1499 3532 2113 5804 2731 542  3407 1574 4051 2722 4733 3946 5441 5186 6131 
5225 3864 3445 2052 4697 3420 1421 5160 5537 660  343  2070 749  5500 1197 3280 2709 440  6027 3160 429  4970 1221 5776 3735 1036 2139 550  2829 2140 3813 3956 4755 5068 5871 6356 981  4336 4041 406  201  1066 1257 1784 2469 2422 3777 3110 4223 4518 4645 246  5093 2118 5489 4090 5799 4814 6261 5470 167  6142 653  668  1217 2524 1801 4612 2417 122  3067 1042 3719 2122 4397 3254 5081 4546 5783 5774 
4368 2255 4416 3535 3132 6083 1560 3871 4160 161  1500 623  2790 917  1840 1911 1100 4557 2090 3807 4120 957  5810 1677 308  405  1804 2289 950  3417 3424 4155 4564 5373 5620 99   1648 2493 40   5769 742  699  1426 1851 2114 3117 2774 3997 3228 4429 5748 4855 1146 5269 3246 5713 4454 6051 5126 5329 5858 409  44   941  1588 1511 3548 2129 5812 2741 554  3413 1594 4057 2734 4751 3958 5443 5218 6133 
6325 3192 3625 2208 4795 4128 1519 5610 5887 780  371  2220 763  3330 1111 3440 2793 520  6069 3190 273  5240 1353 320  1971 1148 1065 2356 2847 2050 3819 4012 4899 5092 5883 6340 1017 4496 4107 410  213  1070 1263 1786 2481 2438 3809 2172 4237 4548 4661 258  5095 2154 5497 4062 5905 4826 6267 5486 173  6146 659  692  1223 2564 1811 4652 2423 134  3079 1046 3727 2126 4409 3274 5087 4562 5791 5794 
4536 2365 5824 4345 3348 5785 5256 3887 5440 203  1530 667  2820 949  4020 1253 1280 4599 2360 4293 4250 777  5890 1659 200  2109 1876 2355 2888 3423 3460 4323 4580 5379 5644 117  1712 2523 56   5787 754  717  1432 1857 2134 3147 2776 4009 3252 4435 5766 4873 1158 5293 3282 5723 4434 6059 5128 6241 5862 419  50   947  1604 1523 3628 2131 5836 2749 562  3433 1618 4073 2746 4759 3974 5449 5234 6143 
6175 4872 3515 1638 4945 4116 275  5856 6223 990  413  2250 791  3450 1121 5490 1387 640  6039 3230 231  5270 1281 704  2001 340  2187 2324 2865 3146 3999 3980 4893 5140 5889 6350 1083 4432 4113 418  219  1090 1293 1790 2487 2456 3811 2286 4247 4596 4667 282  5105 2202 5509 4094 5899 4782 6281 5466 179  6152 661  716  1229 2572 1823 4684 2437 142  3083 1082 3733 2138 4421 3314 5099 4574 5801 5806 
6336 2375 4928 4255 3234 5735 4956 1805 528  217  1650 679  2850 959  4230 1247 180  1517 1610 4779 4280 903  5896 2385 352  2121 460  2379 2924 3345 3476 4371 4598 5421 5650 147  1744 2529 70   5823 776  723  1442 1893 2146 3153 2782 4031 3258 4439 5844 4859 1182 5299 3342 5729 4456 6065 5134 5    5864 421  52   953  1636 1531 3644 2137 5884 2753 566  3449 1622 4079 2762 4783 3986 5471 5242 6151 
2275 6072 3655 1596 5015 4004 425  5922 3925 2754 427  2430 793  3540 1133 5550 1391 6348 1639 3250 357  5170 1431 448  4005 1184 2163 580  2877 3172 3615 4018 4929 5150 5901 6358 1143 4528 4149 424  237  1096 1299 1798 2517 2482 3817 2292 4249 4626 4681 318  5111 2238 5513 4098 5909 4838 6283 5494 181  6170 673  722  1231 2588 1831 4724 2441 146  3089 1094 3739 2174 4423 3326 5101 4586 5807 5818 
4752 455  5832 4147 3108 5795 5082 1825 624  6275 4656 671  4900 979  4260 1261 300  1529 456  1739 4360 969  5960 1749 364  1875 1748 2373 1060 3429 3484 4215 4606 5451 5660 171  1808 2637 88   5877 782  753  1448 1923 2152 3183 2786 4033 3324 4453 5892 4867 1194 5305 3378 5731 4458 6071 5138 3    5866 431  68   967  1676 1543 3676 2141 5924 2767 586  3457 1642 4091 2798 4787 3994 5477 5266 6163 
2975 5016 1855 2232 5035 4248 325  5852 4075 2576 265  5994 799  2660 1139 6060 1393 120  1643 798  1837 4984 1419 832  4335 1196 1095 2444 2889 2060 3993 4028 4917 5194 5907 6364 1179 4802 4167 430  249  1102 1317 1802 2559 2486 3827 2316 4265 4668 4685 354  5123 2274 5515 4102 5911 4854 6289 5518 191  6154 677  724  1237 2612 1847 4748 2447 158  3109 1114 3761 2182 4441 3334 5107 4594 5813 5834 
5616 595  5952 3605 3366 5845 5346 1975 648  625  4698 515  828  1003 4350 1267 450  1537 462  1735 1242 1921 5992 2655 392  225  1862 2403 1150 3441 3488 4245 4588 5385 5668 75   2032 2547 104  5931 790  771  1462 1929 2158 3189 2792 4037 3372 4469 5958 4883 1266 5311 3414 5753 4490 6077 5142 7    5870 433  76   971  1682 1549 3698 2143 5932 2777 614  3461 1646 4093 2818 4789 3998 5479 5294 6173 
1925 5928 1771 2088 4865 4392 245  5976 4175 2832 305  6096 755  1908 1141 5820 1397 168  1649 858  1795 1554 2021 1088 4365 1204 1185 2366 2937 2150 3939 4046 4953 5216 5943 6368 1233 4688 4203 434  267  1106 1329 1810 2571 2488 3829 2358 4267 4734 4687 366  5129 2298 5533 4118 5847 4856 6295 5514 193  6182 683  764  1249 2636 1861 4772 2459 166  3119 1126 3767 2186 4447 3338 5113 4618 5821 5854 
3744 5929 4320 3619 3552 5875 5382 2225 816  35   4784 535  882  955  3042 1271 700  1541 546  1745 1122 1927 1914 2147 416  135  1888 2397 1180 3471 3550 4401 4636 5397 5728 153  2096 2763 110  5949 806  789  1474 1941 2162 3207 2794 4039 3396 4487 5988 4885 1362 5315 3426 5747 4462 6081 5144 11   5882 439  92   977  1684 1553 3716 2153 5948 2789 622  3463 1654 4099 2846 4793 4006 5483 5314 6197 
2695 5304 2233 5760 4879 4446 605  5964 4205 2928 295  6288 785  2028 1115 3924 1403 210  1661 888  1835 1566 2033 2190 2219 1276 1245 2492 2943 2260 4011 4064 4947 5252 5955 1024 1251 4976 4311 442  291  1112 1347 1816 2577 2494 3831 3130 4279 4764 4699 402  5131 2334 5539 4142 5853 4858 6297 5528 197  6184 691  772  1259 2644 1867 4804 2467 178  3121 1138 3769 2194 4451 3386 5119 4622 5827 5878 
4896 385  2304 3689 3120 6293 5664 2075 912  55   4816 545  972  965  3204 1205 5202 1577 510  1757 1254 1937 1974 2159 2616 2315 1892 2445 2948 3477 3580 4407 4660 5457 5764 207  2192 2817 128  6057 808  807  1490 1959 2168 3261 2806 4043 3438 4471 6036 4897 1338 5317 3462 5755 4498 6085 5146 13   5894 443  98   983  1724 1559 3748 2161 5956 2791 626  3467 1658 4111 2854 4799 4022 5501 5318 6199 
5005 6264 1729 5280 4921 3840 1813 5984 4325 3078 335  252  803  2124 1135 4068 1355 216  1651 870  1841 1590 2041 2328 2215 2982 2435 2516 2895 3164 4017 4114 5019 5260 6021 80   1341 4912 4383 470  309  1118 1371 1826 2589 2504 3837 3122 4285 4812 4705 426  5137 2382 5543 4146 5917 4866 6313 5522 199  6186 701  788  1277 2692 1871 4852 2473 194  3137 1142 3779 2206 4457 3394 5147 4666 5839 5906 
5472 805  4356 3731 4080 6061 2040 4067 1104 65   4848 565  1044 973  3468 1255 5364 1535 552  1751 1230 1939 1938 2149 2622 2329 3306 2509 2996 3405 3556 4395 4628 5487 5746 243  2224 2799 130  6093 814  813  1498 1977 2198 3273 2810 4061 3474 4499 6066 4891 1374 5321 3522 5759 4504 6103 5154 17   5898 449  116  991  1732 1567 3764 2179 5972 2797 634  3469 1678 4127 2858 4801 4034 5503 5326 6203 
3185 1584 2065 2244 4991 3900 2009 5640 6137 3216 355  288  815  2178 1145 4332 1385 264  1655 966  1843 1608 2045 2262 2227 3048 2449 3738 2587 3196 3765 4108 4965 5324 6015 112  1359 5008 4419 472  303  1130 1383 1832 2631 2506 3839 2364 4291 4842 4709 474  5141 2406 5545 4154 5919 4870 6319 5546 211  6190 709  796  1279 2708 1873 4868 2477 202  3163 1154 3793 2218 4463 3398 5153 4678 5843 5914 
3168 665  6084 3745 3384 6307 2280 3757 6160 377  4944 635  1116 985  3492 1285 5436 1555 594  1763 1272 1945 1992 2155 2562 2323 3336 2515 4074 2701 3572 4431 4708 5505 5782 261  2384 2853 136  6147 824  831  1510 1983 2216 3279 2822 4045 3516 4501 6108 4907 1398 5327 3558 5761 4514 6087 5174 19   5902 457  124  997  1756 1571 3788 2203 5996 2801 662  3491 1706 4129 2866 4813 4054 5507 5342 6211 
3325 1872 2135 2484 5117 4140 2023 6210 6253 5600 493  396  817  2196 1147 4572 1405 312  1673 918  1865 1674 2047 2418 2231 3066 2453 3768 2599 4326 2785 4148 5037 5332 5973 208  1413 5296 4491 488  321  1162 1389 1834 2643 2510 3841 2388 4295 4878 4711 438  5143 2454 5549 4168 5921 4886 6333 5542 223  6194 719  844  1283 2732 1877 4892 2503 206  3167 1174 3797 2234 4481 3418 5167 4682 5849 5926 
5148 875  1296 3773 5520 6097 2760 3971 1260 341  3640 697  420  989  4380 1273 5652 1561 570  1769 1302 1943 1998 2165 2706 2335 3318 2519 4110 2743 4578 2881 4676 5529 5828 333  2416 2883 152  6219 826  843  1526 2019 2222 3291 2824 4055 3546 4511 6252 4913 1434 5339 3594 5765 4506 6107 5162 23   5912 461  148  1009 1772 1579 3812 2207 6044 2803 674  3499 1714 4133 2878 4817 4058 5519 5354 6217 
4025 2448 2093 6120 5159 4500 2107 6360 143  840  527  5250 851  2380 1157 5950 1417 270  1679 930  1853 1704 2051 2346 2245 3102 2455 3774 2611 4344 2813 4806 2951 5290 6099 176  1467 5072 4527 494  327  1166 1401 1846 2649 2522 3845 2466 4303 4908 4717 498  5149 2514 5561 4184 5933 4904 6331 5558 227  6198 727  892  1289 2738 1879 4916 2521 214  3169 1186 3803 2246 4483 3442 5171 4694 5851 5938 
5184 1001 5400 3857 6000 6149 3000 4361 6080 391  3080 689  630  1007 4650 1313 980  1591 696  1781 1290 1957 2010 2167 2712 2353 3486 2537 4134 2681 4632 2885 5334 3007 5792 279  2512 2979 154  6309 830  849  1528 2031 2230 3309 2834 4063 3582 4529 6246 4915 1446 5345 3606 5767 4542 6109 5176 29   5918 463  164  1013 1796 1583 3868 2213 6092 2819 694  3511 1718 4139 2894 4831 4078 5521 5366 6221 
4165 2592 2261 5940 5369 4860 2303 5720 3213 2200 5967 5320 869  3220 1159 6030 1411 280  1691 984  1883 1752 2059 2370 2249 3090 2461 3810 2603 4374 2807 4818 2965 5454 3071 272  1503 5392 4581 506  339  1178 1437 1864 2661 2534 3849 3154 4307 4986 4727 534  5155 2526 5567 4190 5941 4898 6339 5570 229  6202 733  908  1291 2764 1889 4924 2531 218  3181 1198 3821 2258 4493 3446 5179 4702 5857 5942 
2376 1015 792  3913 1440 6251 2970 4753 6400 2457 3680 3861 1120 2673 4550 1331 1300 4653 1750 1793 1326 1961 2046 2171 2670 2359 3354 2513 4152 2705 4674 2899 5358 3013 5694 3113 2608 3123 170  6381 854  879  1534 2049 2242 3327 2830 4069 3684 4531 6276 4927 1506 5353 3642 5771 4526 6115 5198 31   5930 467  172  1019 1828 1597 3884 2221 6124 2833 698  3517 1726 4153 2902 4861 4106 5527 5374 6229 
4655 3312 2345 2508 5551 4950 2527 720  2401 2720 4851 4640 1287 3500 3069 6370 4437 760  6171 3290 1891 1722 2071 2424 2257 3144 2471 3834 2605 4386 2815 4902 2947 5478 3073 5886 3155 5584 4689 518  381  1192 1461 1886 2721 2536 3859 2502 4313 5028 4735 582  5161 2586 5579 4202 5935 4906 6341 5574 233  6206 739  916  1297 2804 1901 4948 2539 226  3187 1202 3823 2302 4507 3466 5189 4714 5861 5998 
2808 1085 864  3815 3762 637  3480 4477 900  259  3400 4389 5920 2277 5180 4059 1900 4719 2030 4941 4130 1963 2058 2173 2814 2363 3390 2533 4218 2723 4686 2921 5190 3017 5736 3127 6162 3233 182  81   856  921  1544 2073 2248 3351 2872 4087 3732 4535 6282 4939 1542 5357 3678 5773 4552 6117 5206 37   5944 479  188  1021 1844 1601 3908 2237 6172 2837 706  3527 1754 4157 2906 4871 4126 5531 5378 6247 
4235 2736 2387 2652 5125 4512 2597 1200 77   1020 469  4420 5313 5120 3159 560  4563 680  6201 3304 513  5110 2077 2442 2263 3186 2479 3894 2615 4422 2831 4890 2959 5496 3077 5910 3173 324  3281 530  393  1208 1473 1898 2733 2542 3865 2532 4309 5046 4739 606  5165 2598 5585 4206 5947 4910 6347 5608 239  6226 743  932  1301 2836 1907 4996 2543 254  3191 1214 3833 2306 4513 3482 5197 4742 5867 6002 
3456 1295 936  3955 3588 5885 5688 4693 360  287  1710 707  6200 5103 1520 3663 1700 4797 2170 5427 4186 999  6016 2177 2838 2369 3498 2545 4182 2735 4728 2893 5352 3029 5754 3131 6168 3235 108  3353 872  933  1558 2103 2264 3369 2882 4097 3756 4537 6354 4955 1578 5359 3702 5777 4566 6119 5178 41   5946 487  212  1031 1852 1607 3932 2239 6196 2843 718  3529 1762 4159 2918 4877 4138 5557 5386 6257 
5075 3564 2485 2574 5185 4256 575  6132 187  1140 497  2460 871  5060 1323 3760 3087 920  6273 3320 561  5278 1425 1472 2285 3162 2483 3912 2623 4482 2827 5010 2977 5502 3085 5934 3193 192  3287 234  3409 1222 1497 1910 2757 2546 3867 3170 4319 5052 4741 618  5173 2634 5587 4210 5951 4922 6349 5622 241  6214 751  956  1303 2876 1913 5036 2549 262  3203 1226 3847 2326 4517 3494 5209 4754 5869 6022 
3432 1435 1056 4123 3816 5945 4998 2425 1134 403  1740 703  1050 1027 2000 1953 2300 4959 2440 5751 4270 1023 6104 2535 476  2395 3534 2561 4170 2747 4710 2911 5370 3047 5778 3133 6222 3239 126  3365 444  3455 1562 2127 2266 3387 2914 4083 3286 4541 48   4963 1614 5363 3714 5789 4558 6127 5210 43   5954 491  236  1033 1868 1609 3964 2243 6212 2851 734  3533 1766 4177 2942 4889 4162 5563 5398 6263 
5425 3888 2555 2664 5135 4312 475  6138 4475 2992 511  2550 893  3630 1169 4240 2961 1000 6111 3410 621  5330 1479 1216 4425 1274 2491 3930 2627 4470 2839 5064 2981 5538 3091 5970 3197 1458 3293 276  3415 666  3545 1912 2787 2570 3869 3176 4197 3370 4747 642  5177 2658 5597 4238 5937 4936 6371 5614 251  6234 757  964  1307 2908 1931 5108 2551 274  3209 1234 3851 2342 4519 3506 5227 4762 5879 6038 
3672 1463 1152 4081 3876 6095 5096 2525 1232 5265 5104 713  1400 1037 4740 1333 2420 4977 2210 5913 4424 1161 6040 1743 544  165  1924 2563 4242 2759 4746 2923 5394 3031 5784 3139 6258 3247 132  3379 486  3473 852  3611 2270 3453 2930 4101 3298 4341 3470 4979 1626 5371 3786 5803 4568 6139 5224 47   5962 499  242  1039 1916 1613 3988 2251 6236 2857 746  3539 1774 4201 2962 4903 4166 5569 5414 6269 
5635 4176 2737 6240 5467 4428 725  6144 4525 3248 2925 2156 2223 3850 1189 6180 1457 1160 6321 3560 627  5432 1443 1856 4545 1292 1335 2528 2629 4494 2845 5226 2983 5562 3095 6018 3205 72   3295 294  3419 708  3551 1098 3679 2630 3873 3178 4227 3374 4461 3586 5183 2694 5599 4234 5959 4926 6377 5626 257  6254 761  1004 1319 2932 1933 5116 2557 278  3217 1238 3853 2362 4523 3518 5231 4766 5881 6046 
4104 1309 4680 4301 1800 6391 5724 2575 1392 85   5264 2295 3388 2691 5390 1343 2450 5031 2530 6399 4520 1107 6118 2745 532  195  1952 2409 1220 2761 4758 2929 5406 3035 5838 3149 6312 3241 156  3377 492  3487 876  3629 1314 3749 2936 4103 3302 4353 3490 4647 3682 5377 3846 5809 4570 6157 5230 53   5966 503  244  1049 1922 1619 4036 2267 6268 2861 758  3541 1814 4211 2966 4909 4174 5573 5422 6271 
5915 4464 2849 3600 5291 5100 2783 6174 4775 3344 5175 2548 3105 616  3393 4720 4617 770  6327 3416 663  5480 1551 1984 4575 1312 1455 2656 2919 2180 2863 5106 2987 5592 3097 6024 3199 60   3317 306  3421 732  3563 1164 3665 1668 3883 2676 4315 3382 4467 3590 4803 3794 5603 4246 5961 4942 6383 5630 263  6262 769  1028 1321 2956 1949 5132 2579 298  3221 1262 3863 2374 4547 3554 5233 4778 5897 6074 
4224 1505 1224 4277 2400 539  3510 4961 1456 3825 5456 2565 5408 3915 1288 4131 2900 5301 2618 5625 4466 1173 6136 2775 572  105  1972 2451 1210 3507 3596 2933 5430 3043 5790 3143 6330 3263 150  3397 522  3493 948  3635 1356 3755 1926 4105 3798 4553 3502 4659 3686 4989 3914 5433 4582 6145 5222 59   5974 509  268  1051 1948 1621 4052 2269 6284 2879 766  3547 1822 4217 2974 4919 4178 5581 5426 6277 
6125 4212 2765 2784 5453 5220 2891 1620 209  3472 6075 2816 5355 6292 4845 2002 4743 910  1539 3542 585  5504 1305 2624 4635 1352 1515 2596 2967 2350 4023 4150 2993 5730 3101 6042 3223 84   3337 342  3427 726  3569 1206 3683 1734 3899 2682 4331 5058 4757 3592 4821 3818 5199 4294 5963 4938 6385 5646 269  6266 773  1052 1327 2972 1951 5156 2591 302  3229 1282 3877 2386 4549 3566 5237 4786 5903 6082 
4488 1645 1188 4199 1980 833  3720 4901 2100 407  5168 4095 4864 1575 1408 4995 2408 5247 2590 1521 4522 825  6232 3015 608  255  1988 2505 3038 3531 3604 4503 4768 3053 5874 3151 6342 3265 198  3383 516  3497 954  3641 1422 3763 1956 4109 3804 4555 162  4981 3688 5001 3922 5469 4610 6161 5254 61   5982 521  284  1061 1964 1627 4076 2273 6316 2887 778  3557 1838 4219 2978 4931 4198 5591 5438 6287 
4375 4608 2639 2880 5593 5580 2873 4620 221  1890 559  3872 2835 1144 3675 1672 5655 2744 891  3430 759  5512 1665 2752 4815 1316 1545 2668 2955 3232 3855 4172 4983 5344 3103 6102 3215 96   3305 348  3431 738  3587 1212 3695 1746 3893 2718 4321 5094 4763 654  5191 3830 5223 4298 5969 4952 6387 5654 271  6278 787  1058 1361 3004 1973 5164 2593 314  3251 1286 3881 2402 4561 3574 5261 4798 5923 6098 
4968 1547 3960 4403 2340 847  4440 5239 2940 437  4480 1989 5888 5985 1496 1365 2728 6345 3094 1089 4648 765  6248 3075 644  285  2044 2595 3052 3435 3616 4509 4756 5523 5860 3161 144  3269 204  3385 558  3505 996  3647 1494 3781 1962 4115 3972 4559 36   4985 1662 5383 3926 5493 4616 6155 5246 67   5986 523  292  1063 1996 1637 4084 2281 6332 2897 794  3559 1858 4229 2986 4933 4222 5623 5458 6299 
1225 5328 2821 4800 5423 5700 2989 6270 299  2310 551  2800 1683 2392 945  2024 2625 3608 2025 3458 495  5624 1725 2368 4905 1364 1605 2684 2985 3212 3945 4192 5055 5356 6063 304  3227 90   3341 372  3437 774  3589 1236 3707 1788 3901 2724 4333 5172 4765 678  5195 2742 5609 4310 5971 4958 6393 5662 277  6286 797  1076 1367 3028 1979 5188 2609 326  3253 1294 3889 2426 4567 3578 5273 4822 5927 6122 
4992 1715 1368 4433 2520 1573 4590 4949 480  481  4760 5643 1820 2871 2432 1785 2552 3255 4136 6375 4888 1035 6314 3195 736  375  2048 2553 3068 3495 3626 4521 4828 5511 5876 363  2672 3277 228  3403 564  3503 1014 3649 1524 3785 2004 4117 4014 4571 24   4997 1686 5389 3858 5833 4614 6167 5258 71   5990 541  316  1069 2012 1657 4124 2287 6388 2903 802  3571 1874 4231 2998 4937 4226 5639 5462 6301 
3025 5508 2905 2952 5681 3780 3211 4050 91   1350 583  3920 1881 4340 3267 3016 2415 3784 5145 4664 525  5434 1935 3008 5025 1372 1635 2716 3021 3296 4029 4214 5073 5348 6129 368  1557 5552 3349 414  3439 804  3595 1278 3713 1812 3935 2748 4343 5196 4769 762  5201 2766 5611 4254 5965 4962 6395 5672 281  6294 809  1084 1373 3044 1987 5204 2617 334  3257 1306 3907 2434 4583 3602 5279 4834 5939 6134 
5712 2405 1632 4355 3402 1859 5880 5203 540  301  1860 731  1960 2907 5740 4257 3712 3885 4216 6195 5248 1125 6328 3225 748  345  2068 2613 1420 3537 3610 4539 4780 5559 5908 369  2864 3033 184  3401 636  3521 1062 3653 1572 3787 2034 4121 4044 4573 30   5017 1698 5401 3882 5815 4634 6169 5262 73   6008 547  332  1087 2036 1663 4132 2293 16   2909 818  3581 1882 4241 3022 4943 4258 5641 5482 6311 
4225 4158 3565 2142 5335 4452 3179 1680 247  1380 553  2610 901  4060 3627 4880 3339 3944 4515 4712 675  5474 1815 3392 5085 1376 1695 2788 3051 2540 4053 4220 5061 5350 6123 464  1587 5648 4707 536  3443 846  3601 1284 3715 1818 3937 2796 4351 5268 4771 786  5207 2778 5615 4314 5977 4966 25   5678 283  6296 811  1108 1381 3076 1993 5212 2621 346  3259 1318 3911 2446 4591 3622 5281 4846 5953 6158 
3696 2465 1764 4465 3444 5995 5124 5491 3150 451  1950 721  2860 3519 6020 4329 3100 5229 4264 5565 5192 1215 6344 3285 812  465  2132 2607 1340 3567 3620 4551 4796 5649 6004 387  2768 3141 190  21   874  3523 1068 3661 1602 3791 2076 4135 4086 4577 42   5027 1758 5411 3918 5837 4630 6159 5272 79   6010 557  338  1091 2084 1667 4156 2297 6    2917 838  3583 1894 4243 3046 4951 4262 5647 5498 6317 
1105 5208 3289 2436 5375 4524 775  6204 323  2730 589  2580 889  6380 3933 5000 3381 1240 6363 4736 735  5576 2115 3776 5325 1484 1905 2756 3009 2620 4047 4228 5109 5372 6135 496  1611 5744 4869 568  411  1246 3599 1308 3737 1854 3941 2826 4367 5274 4777 822  5213 2802 5617 4318 5979 4978 9    5690 293  6298 821  1124 1399 3092 1997 5228 2633 358  3271 1322 3917 2458 4597 3646 5297 4874 5981 6166 
6384 2431 5040 4807 3654 6035 5152 2675 1488 473  4830 737  3180 1043 2320 2331 3380 5439 2470 441  5336 1395 784  3525 836  435  2108 2619 1450 3597 3650 4587 4820 5673 6028 423  2896 3177 230  27   890  939  1570 3667 1644 3799 2148 4141 4122 4579 54   5029 1842 5429 3928 5541 4642 6179 5282 83   6014 563  356  1093 2092 1669 4196 2309 8    2927 842  3593 1906 4253 3062 4957 4274 5651 5506 6323 
715  6216 3553 6300 5797 4644 845  6272 4825 3408 611  6090 913  3660 1177 5360 3717 1430 567  3770 399  5848 1845 3904 5475 1504 1965 2812 3081 2650 4071 4292 5151 5380 6141 512  1719 5872 4923 574  417  1256 1509 1918 3743 1884 3949 2868 4369 5316 4781 834  5221 2874 5627 4328 5983 4974 49   5682 307  6302 823  1132 1409 3148 1999 5276 2647 362  3299 1346 3919 2462 4603 3662 5303 4882 5987 6178 
2016 2585 504  5083 3360 2057 5166 2645 1536 95   5022 767  1470 1067 4770 1337 3700 5589 2680 2601 4510 987  1936 3555 868  555  2144 2667 1460 3621 3652 4605 4832 5691 6068 477  3088 3231 232  15   902  951  1576 2157 2278 3805 2166 4145 4164 4589 66   5033 1866 5435 3934 5583 4646 6181 5286 89   6026 569  388  1097 2164 1693 4204 2311 10   2939 862  3607 1934 4259 3086 4967 4282 5653 5534 6329 
935  4914 3685 2394 5863 4200 3509 6188 4805 3504 395  588  899  3690 1199 6150 1441 1190 1053 3710 741  5560 1407 4544 5415 1508 2055 2848 3111 2740 4077 4232 5133 5396 6153 592  1629 5968 5013 584  447  1258 1527 1928 2811 2626 3953 2892 4379 5388 4811 894  5219 2922 5629 4334 5989 4990 121  5710 311  6306 827  1172 1423 3188 2003 5284 2657 382  3301 1354 3923 2474 4621 3694 5309 4894 6007 6218 
3276 2635 672  4495 3612 2299 5460 5687 1776 115  5136 655  1332 1057 4980 1339 4100 5499 2750 3249 4690 1131 6280 1767 884  615  2204 2685 3104 3633 3692 4611 4844 5595 6052 507  3056 3303 238  33   904  993  1582 2181 2282 3459 2938 4151 4188 4595 78   5045 1878 5447 3938 5601 4654 6187 5288 97   6034 571  404  1103 2188 1697 4244 2333 14   2953 866  3613 1942 4261 3098 4969 4286 5657 5554 6337 
1045 1008 3835 1932 5365 4692 3751 5670 253  3536 365  468  835  2412 1207 240  1469 1330 1377 3752 783  5530 1581 4288 5715 1564 2085 2828 3165 3268 4035 4268 5157 5404 6177 656  1737 6064 5043 590  453  1270 1563 1930 2823 2648 3891 3182 4381 5484 4819 906  5245 2946 5633 4330 5991 4982 169  5718 313  6310 829  1228 1427 3236 2011 5308 2659 386  3307 1366 3929 2498 4637 3722 5323 4918 6011 6238 
3528 2665 756  4505 3822 6215 5418 5819 4410 517  5232 685  1452 995  3636 1349 4300 5577 2840 4761 4730 1209 6230 1833 928  645  2212 2679 3124 3585 3668 4623 4850 5697 5978 531  3152 3357 248  39   938  1011 1586 2199 2290 3489 2954 4119 3310 4601 102  5053 1902 5455 3954 5873 4658 6185 5298 101  6054 577  412  1109 2228 1699 4252 2339 22   2957 878  3617 1954 4271 3106 4973 4306 5659 5578 6343 
1235 2268 3875 2464 5405 4662 1025 6318 319  3570 649  612  865  2556 1165 4716 1477 1480 1863 3880 483  5510 1593 4672 5895 1612 2193 620  3129 3404 4065 4316 5181 5420 6183 688  1791 6128 5067 602  471  1298 1569 1946 2841 2662 3903 3206 4269 3406 4829 942  5249 2994 5645 4342 5997 4994 289  5726 317  6322 839  1244 1429 3244 2017 5444 2663 394  3313 1382 3931 2518 4639 3734 5333 4934 6029 6242 
2772 2755 924  4615 3808 6235 5236 2725 1904 533  3990 781  1476 1055 3708 1315 5868 1589 2920 189  4750 1029 6110 1809 968  705  2254 2703 1550 3699 3718 4665 4876 5709 6112 549  3376 3411 250  51   946  1041 1592 2217 2294 3513 2984 4143 3322 4359 3514 5057 1986 5459 3962 5613 4670 6189 5302 103  6056 587  428  1117 2252 1709 4276 2341 26   2963 886  3623 1966 4273 3118 4987 4322 5669 5582 6353 
1495 2352 3895 2604 5395 4554 925  6324 4925 3584 629  2240 923  2628 1195 4932 1415 384  1687 3910 609  5590 1491 5056 6165 1628 2235 2842 3201 2780 4089 4384 5205 5428 6213 752  1773 6224 5121 598  489  1310 1623 1958 2859 2666 3909 3208 4281 3422 4479 3598 5251 3018 5671 4354 5993 5002 361  5734 331  6346 853  1252 1433 3284 2027 5468 2671 398  3319 1402 3943 2554 4643 3742 5347 4946 6037 6274 
4284 2717 1176 4565 3906 6205 5412 2825 1782 125  5424 779  1540 1073 3852 1345 6012 1565 702  1799 4370 1113 6290 1869 988  795  2236 2715 3116 3657 3796 4671 4964 5685 6116 603  3184 3447 266  87   962  1047 1598 2229 2314 3543 3002 4163 3346 4377 3512 4677 3704 5461 3966 5855 4638 6193 5306 107  6058 593  436  1123 2276 1721 4348 2347 34   2969 898  3631 1982 4283 3134 4993 4358 5683 5594 6359 
1265 5904 3905 2646 5555 4824 1075 6372 4975 3726 415  768  943  3870 1211 5004 1465 378  1685 1026 1897 5704 1533 5312 5925 1652 2211 2852 3171 2890 4137 4324 5211 5452 6231 848  1899 6352 5139 610  501  1304 1641 1970 2901 2674 3921 3262 4287 3434 4497 3614 4827 3832 5663 4346 5999 5014 841  5738 337  6366 857  1268 1439 3292 2029 5492 2677 422  3323 1418 3947 2558 4649 3746 5351 4954 6043 6326 
4704 2795 1428 4625 3936 6055 5742 3125 1968 145  5488 695  1548 1079 5310 1351 6228 1585 714  1765 1416 1967 6392 3975 992  915  2272 2727 1580 3729 3772 4683 4972 5727 6140 639  3568 3501 286  57   970  1059 1606 2253 2318 3561 3014 4171 3352 4413 3526 4701 3706 5007 3970 5619 4696 6191 5322 109  6062 599  452  1129 2284 1723 4364 2351 38   2971 914  3637 1994 4289 3142 4999 4406 5689 5602 6361 
1375 6156 3965 2898 5605 4576 1175 6396 5275 3792 445  684  895  2844 1219 6390 1501 408  1703 1032 1895 1794 2095 5696 6225 1666 2241 650  3219 2950 4161 4444 5217 5450 6291 944  2043 100  5193 632  519  1334 1671 1978 2913 2678 3957 3266 4299 3448 4533 3634 4839 3838 5241 4366 6001 5018 529  5752 347  6376 859  1324 1447 3308 2039 5524 2683 446  3329 1438 3967 2566 4651 3754 5381 5006 6047 6334 
4788 2875 1386 4745 3828 6265 5676 3175 2064 155  5632 745  1692 1099 5070 1357 4700 1603 690  1807 1464 1969 2136 2183 1012 885  2312 2697 1660 3723 3820 4731 4988 5757 6148 657  3664 3573 290  69   986  1077 1630 2271 2330 3579 3026 4169 3358 4443 3530 4713 3730 5079 3982 5631 4706 6207 5338 113  6070 601  508  1151 2308 1733 4372 2357 46   2999 922  3643 2018 4297 3158 5003 4414 5693 5606 6367 
1595 6192 3995 2904 5215 4836 1325 3072 5575 3952 4725 3328 905  2988 1241 810  1507 390  1711 1110 1903 1770 2101 2472 2279 1694 2265 2884 3243 2980 4173 4396 5235 5516 6285 976  2007 196  5283 638  537  1336 1689 1990 2931 2686 3959 2934 4385 3454 4569 3638 4857 3842 5259 4376 6005 5026 961  5762 349  6378 863  1348 1451 3316 2053 5596 2687 454  3331 1454 3989 2578 4657 3758 5387 5042 6053 6338 
5292 2915 1092 4715 3978 6335 5772 3275 2106 185  6032 3465 1664 1081 5340 1363 5300 1631 744  1817 1410 1981 2130 2189 2886 2407 2332 2769 1780 3741 3836 4695 5012 5745 6164 711  3632 3609 296  93   994  1101 1634 2283 2338 3603 3032 4181 4194 4607 3538 4737 3736 5091 3992 5637 4718 6227 5362 127  6078 607  524  1153 2348 1741 4388 2371 58   3001 926  3659 2026 4327 3166 5009 4426 5701 5638 6373 
1615 1344 4015 2912 5665 5076 1445 576  5675 3984 485  4352 5775 1976 1243 3750 1513 330  1717 1128 1909 1830 2117 2478 2291 3198 2489 740  3237 3020 4191 4448 5253 5536 6303 1072 2061 256  5337 646  543  1342 1707 2006 2949 2690 3961 3006 4387 5526 4835 3656 4863 3854 5277 4378 6009 5030 1369 5770 353  6386 877  1388 1453 3356 2063 5618 2689 458  3343 1466 4001 2582 4663 3778 5393 5062 6067 6362 
5376 2945 1248 4895 3948 6305 5586 3425 2128 205  5936 5445 1768 2205 2584 1379 5900 1633 750  1819 1482 1991 2214 2195 2862 2413 3576 2567 1850 3753 3860 4767 5020 5763 6176 747  3728 3681 310  111  1010 1119 1670 2307 2344 3639 3034 4183 4236 4609 114  5063 3766 5097 4010 5667 4726 6209 5384 131  6086 613  548  1163 2372 1747 4412 2377 62   3011 934  3671 2038 4337 3194 5011 4442 5711 5666 6379 
1625 5808 3059 2976 5695 4884 1475 2916 5725 4048 1755 3332 3135 2176 1155 3128 3549 1640 1727 1218 1915 1806 2105 2538 2305 3288 2495 3942 2641 3050 4179 4450 5289 5540 6351 1136 2151 484  5391 658  573  1358 1713 2008 2973 2696 3963 3272 4393 5532 4837 978  5255 3874 5331 4382 6017 5034 1681 5786 359  6394 881  1396 1459 3362 2069 5636 2693 466  3347 1478 4003 2594 4673 3802 5399 5078 6073 6374 
5796 3055 1836 4445 3996 6355 5628 3475 2256 215  6256 1485 5684 3705 2944 1995 3256 5607 2990 1829 1518 1985 2226 2197 2958 2419 3618 2569 4266 2771 3916 4773 5024 5781 6220 801  3856 3771 322  123  1016 1137 1688 2319 2354 3651 3058 4187 4302 4613 138  5065 2022 5465 4024 5703 4738 6239 5402 137  6088 617  556  1171 2396 1753 4418 2381 74   3019 958  3673 2042 4339 3202 5021 4474 5717 5674 6389 
1705 1728 3115 2964 5285 5088 1525 3136 5825 4144 4455 3724 3315 896  4785 3224 3045 3848 2349 3976 1919 1896 2119 2490 2317 3210 2497 4002 2651 4530 2867 4460 5271 5548 6357 1168 2097 676  5409 664  579  1370 1731 2014 2991 2698 3973 3012 4399 5556 4841 1002 5257 3054 5677 4390 6013 5038 1849 5798 367  6398 883  1412 1471 3412 2081 5692 2699 478  3359 1486 4007 2602 4679 3814 5407 5086 6079 6382 
1512 3145 1404 4543 4056 6365 5916 3725 2288 4275 1568 2145 6076 4125 1736 5535 3496 4305 4472 3645 4774 2005 2322 2191 2910 2429 3624 2573 4296 2773 4776 2941 5044 5817 6250 867  3824 3789 328  129  1022 1149 1702 2361 2378 3669 3064 4189 4308 4619 174  5069 2082 5473 4038 5891 4722 6233 5410 139  6094 619  578  1181 2404 1759 4436 2383 82   3023 974  3677 2062 4349 3214 5023 4478 5737 5686 6397 
1885 2112 3395 3096 5495 5112 1675 336  5975 4592 2475 4508 3375 952  4485 2072 5805 3968 4935 4862 855  5642 2123 2568 2321 3270 2501 4008 2653 4584 2855 5214 2995 5564 6369 1250 2169 1156 5463 670  591  1378 1761 2054 3027 2702 3977 3084 4405 5598 4847 1038 5263 3126 5699 4362 6019 5048 2209 5802 373  64   887  1436 1481 3428 2083 5708 2707 482  3361 1502 4013 2606 4691 3826 5413 5098 6089 4    
1848 3335 1716 4585 4092 175  5814 3775 2544 235  1792 2805 728  4185 1624 5115 2632 6105 4408 315  5368 1275 2704 2201 3030 2443 3666 2581 4278 2779 4794 2935 5448 3065 6244 873  4016 3879 344  141  1030 1167 1730 2391 2390 3687 3070 4193 4338 4627 186  5071 2094 5485 4042 5893 4744 6243 5416 149  6106 631  596  1187 2428 1777 4468 2389 86   3037 982  3691 2066 4357 3218 5039 4486 5741 5702 1    
1955 6006 4085 3036 5705 5244 1775 432  6025 4272 505  4732 3795 1064 4875 2296 5865 2968 6045 5032 975  5656 2175 6208 2327 3294 2507 4026 2669 4602 2869 5238 3005 5658 3107 1264 2313 1444 5517 682  597  1384 1779 2056 3039 2710 3979 3156 4411 5604 4843 1074 5267 3138 5707 4398 6023 5066 2809 5816 379  12   907  1468 1483 3436 2087 5716 2711 502  3371 1514 4019 2614 4703 3862 5417 5102 6091 2    
