6552 2035 1344 4147 5040 5797 3360 2783 5670 143  4480 3861 1120 3069 4550 4257 1600 2541 1280 5607 1430 4941 3290 783  5530 1653 1150 2697 2684 3633 3796 4623 4988 5649 6140 729  2672 2043 130  4923 790  291  1432 1257 2110 2391 2770 3651 3478 4353 3914 4737 4298 5127 4616 5611 1902 6049 3882 6505 5682 167  6302 659  772  1229 2692 1831 4868 2447 134  3119 1082 3769 2174 4457 3334 5153 4618 5849 5878 
4675 2184 3355 1656 5291 6300 1573 5880 4477 4410 323  6440 1989 2660 3663 5800 1197 2960 4263 6050 6489 2470 297  4370 1221 200  2187 2060 3171 3196 4137 4444 5157 5450 6129 496  867  5552 3411 470  6381 1102 723  1786 1803 2422 3027 3122 4187 3736 4533 4090 4881 4430 5361 4808 5873 2874 6289 4974 5329 6014 409  92   947  1724 1531 3764 2141 5996 2777 562  3463 1622 4111 2798 4801 3998 5507 5314 6217 
6048 2125 1728 3115 3384 5863 3780 2873 1260 187  2730 517  1400 3159 4640 5313 1040 2583 1100 5661 1640 5427 3430 837  5590 1659 1180 2703 2740 3657 3820 4671 5012 5673 6148 45   2768 2061 136  5013 806  303  1442 1263 2114 2427 2774 3669 3490 4359 3922 4749 4310 5163 4630 5613 4952 6059 3918 6509 5690 173  6306 661  788  1231 2708 1847 4892 2459 142  3121 1094 3779 2182 4463 3338 5167 4622 5851 5906 
3575 2688 3289 1944 4543 6000 1859 1680 4693 5600 391  6090 689  3220 4059 6200 1449 3440 4473 6100 567  2530 459  4520 1239 220  2193 2068 3219 3212 4089 4448 5181 5536 6135 512  873  5584 3447 472  6471 1106 753  1790 1821 2438 3039 3130 4181 3766 4569 4094 4911 4438 5367 4814 5793 5074 6295 5034 6241 6026 419  98   953  1732 1543 3788 2143 6044 2789 566  3467 1642 4127 2818 4813 4006 5519 5318 6221 
4032 2015 3264 3157 6120 5719 4500 3179 2100 209  3640 527  420  799  4940 693  1360 2793 1300 5841 1480 5751 3410 861  5750 1677 1210 2727 2716 3699 3860 4683 5020 5691 6164 63   2864 2097 152  5043 808  309  1448 1293 2134 2433 2776 3687 3502 4377 3926 4777 4328 5169 4634 5615 4958 5991 5222 6511 5710 179  6310 673  796  1237 2732 1861 4916 2467 146  3137 1114 3793 2186 4481 3386 5171 4666 5857 5914 
5225 2856 3445 2052 4697 1440 637  1920 4901 840  407  2800 697  1650 973  5980 1617 3760 4557 520  891  2590 513  4730 1269 340  2241 2132 3243 3232 4161 4450 5211 5540 6153 592  909  5648 3501 488  6543 1112 771  1798 1839 2456 3057 3154 4183 3782 4579 4164 5017 4454 5401 1074 5891 5090 6159 5402 9    6034 421  116  967  1756 1549 3812 2153 6092 2791 586  3469 1646 4129 2846 4817 4022 5521 5326 6229 
3024 2185 2112 3367 3600 5831 3300 2597 4920 221  4830 533  630  817  2610 1121 1840 2709 1700 6003 1330 5913 3710 897  5810 1749 1220 2739 2756 3723 3836 4731 5024 5697 6176 75   2896 2151 154  5067 814  321  1462 1299 2146 2463 2782 3693 3512 4381 3114 4771 5094 5201 318  5617 1986 6071 5210 6297 5726 181  6322 677  844  1249 2738 1867 4924 2473 158  3163 1126 3797 2194 4483 3394 5179 4678 5861 5926 
5525 1848 3485 2088 4823 1800 833  2280 4753 1620 377  6160 703  1860 979  3660 1243 4240 4599 440  1053 2680 429  4690 1311 260  2211 2140 3201 3260 4173 4460 5217 5548 6141 656  927  5744 3573 494  81   1118 789  1802 1851 2482 3063 3170 4189 2172 4589 4188 5027 6252 5389 1086 5893 2922 6313 5362 3    6056 431  124  971  1772 1553 3868 2161 6124 2797 614  3491 1654 4133 2854 4831 4034 5527 5342 6247 
5544 2375 2496 3311 2880 5957 4860 2891 5130 6419 6400 5967 1540 851  2790 1133 4740 1357 1900 6027 1720 6399 3880 957  5960 1743 1420 2751 2780 3729 3892 4773 5044 5685 6244 99   3056 2169 170  5121 824  327  1474 1317 2152 2469 2786 3711 3514 4385 3156 4781 5172 5207 354  5627 2022 6065 3954 6515 5734 191  6346 683  892  1259 2764 1871 4948 2477 166  3167 1138 3803 2206 4493 3398 5189 4682 5867 5938 
6175 3864 3515 2208 4879 1980 931  2040 4949 4050 301  2200 2691 3500 989  3690 1247 6060 1507 640  1377 2750 357  4750 1281 380  2247 2144 3237 3268 4155 4484 5205 5564 6177 688  963  5872 3609 506  15   1162 807  1810 1857 2486 3093 3176 4195 2286 4595 4194 5029 6276 5411 1146 5899 2946 6319 5118 5    6054 433  148  977  1796 1559 3884 2179 6172 2801 622  3499 1658 4139 2858 4861 4054 5531 5354 6257 
6336 2405 4416 3395 3552 6097 4950 2989 5160 2401 360  511  3400 3267 5180 1139 4770 1363 180  1639 1610 1521 4040 903  5830 1809 1450 2769 2788 3753 3916 4665 5054 5709 6220 117  3088 2259 182  5139 826  339  1490 1329 2158 2481 2792 3747 3526 4393 3222 4811 5196 5213 366  5629 2094 6077 3966 6523 5718 193  6366 691  908  1277 2804 1873 4996 2503 178  3169 1142 3821 2218 4507 3418 5197 4694 5869 5942 
2275 5016 1547 2232 4795 4512 1127 2970 5047 4400 329  660  679  4420 3933 6020 1261 6150 1513 120  1727 2840 399  4810 1407 460  2289 2150 3297 3296 4179 4532 5235 5572 6183 752  981  5968 3681 518  27   1166 813  1816 1893 2488 3099 3178 4197 3790 4601 4236 5033 6282 5435 1158 5905 2994 6331 5142 7    6058 439  164  983  1828 1567 3908 2203 6196 2803 626  3511 1678 4153 2866 4871 4058 5557 5366 6263 
4752 4375 3648 3451 3588 5735 5412 3211 5610 91   480  551  1170 803  5740 4563 560  1387 300  1643 690  1819 3770 969  6040 1767 1340 2781 2812 3741 3940 4767 5084 5727 6250 147  3152 2313 184  5193 830  381  1498 1347 2162 2487 2794 3777 3530 4387 3174 4819 5268 5219 402  5633 2082 6085 4038 6527 5738 197  6376 701  916  1279 2836 1877 5036 2521 194  3181 1154 3823 2234 4513 3442 5209 4702 5879 5998 
2975 5928 1715 2484 4865 4524 175  6204 5239 960  343  990  707  1950 1003 6380 4743 4720 1517 210  1739 930  1919 4970 1353 350  2301 2180 3333 3340 4191 4556 5271 5588 6213 848  1017 6064 3771 530  21   1130 831  1826 1923 2494 3117 3182 4193 2292 4607 4302 5045 6354 5429 1182 5909 3018 6341 5154 11   6062 443  172  991  1844 1571 3932 2207 6212 2819 634  3517 1706 4157 2878 4877 4078 5563 5374 6269 
5616 1225 5568 3535 3762 5845 5382 1975 1392 77   540  553  1350 869  2820 1141 880  2961 2300 1649 702  1837 1290 1991 5890 1833 1460 2829 2842 3783 3950 4809 5050 5763 6260 153  3184 2367 190  5283 856  393  1510 1371 2168 2517 2806 3831 3538 4399 3228 4829 5274 5221 426  5645 2118 6103 4062 6533 5752 199  6378 709  932  1283 2876 1879 5108 2531 202  3187 1174 3833 2246 4517 3446 5227 4714 5881 6002 
6545 6264 1729 2244 4991 4576 245  6318 4325 3726 371  1020 713  2220 1007 3630 1253 4880 4719 280  1751 1026 1921 1608 2119 490  2337 2212 3345 3404 4233 4540 5253 5566 6231 944  1083 6128 3789 536  33   1178 843  1832 1929 2504 3147 3206 4213 2316 4609 4308 5053 6462 5447 1194 5911 3054 6347 5178 13   6070 449  188  997  1852 1579 3964 2213 6236 2833 662  3527 1714 4159 2894 4889 4106 5569 5378 6271 
3744 5929 6480 3731 4800 6251 5664 2075 1488 6425 5456 559  1050 871  3330 1157 4980 1379 2900 6039 1750 1829 1410 2033 1914 2183 1550 2847 2828 3765 3956 4833 5068 5745 6304 171  3376 2421 230  5337 854  411  1526 1383 2198 2559 2810 3837 3544 4405 3252 4835 5316 5245 438  5663 2154 6107 4098 6535 5762 211  6386 719  956  1289 2908 1889 5116 2539 206  3191 1186 3847 2258 4519 3466 5231 4742 5897 6022 
1925 5304 1771 4320 4921 2340 847  6324 4205 3584 1755 2156 731  2070 1027 3870 1267 6180 1529 680  1539 2870 1937 1674 2095 2214 2279 2204 3399 3424 4215 4564 5289 5612 6285 976  1143 6224 3879 568  39   1192 849  1834 1941 2506 3153 3208 4207 2358 4613 4338 5057 6492 5455 1266 5917 3126 6349 5262 17   6078 457  212  1009 1868 1583 3988 2221 6268 2837 674  3529 1718 4177 2902 4903 4126 5573 5386 6277 
4896 385  5832 3619 6240 6061 5100 3283 1536 625  5632 3315 616  893  3180 1147 5070 1393 450  1651 1870 3249 3910 2021 1938 2189 2472 2359 2848 3759 4012 4695 5092 5781 6308 207  3568 2439 232  5391 872  417  1528 1389 2216 2571 2822 3849 3562 4411 3258 4837 5388 5249 474  5671 2202 6109 4146 6539 5770 223  6394 727  964  1291 2932 1901 5132 2543 214  3203 1198 3851 2302 4523 3482 5233 4754 5903 6038 
5005 6528 1855 2652 5159 2400 1183 2760 4961 3792 305  3388 3705 1624 1037 4020 1271 6390 1537 270  1757 2920 609  5080 2123 2190 2291 2706 2455 3476 4209 4588 5295 5644 6291 1072 1179 6352 3897 574  51   1208 879  1846 1959 2510 3183 3262 4223 2364 4619 4404 5063 48   5459 1338 5921 3138 6371 5286 19   6086 461  236  1013 1916 1597 4036 2237 6284 2843 694  3533 1726 4201 2906 4909 4138 5581 5398 6287 
5472 455  5952 3605 3816 6083 5220 3479 5640 119  6032 3375 896  5805 2002 1159 5310 1391 700  1661 744  1841 4030 987  6280 2191 2442 2363 3048 2533 3980 4887 5194 5757 6340 243  3632 2493 238  5409 874  447  1534 1401 2222 2577 2824 3867 3586 4415 3324 4841 5484 5251 498  5677 2238 6115 4206 6541 5786 227  6398 733  1004 1297 2956 1907 5156 2549 218  3209 1202 3853 2306 4547 3494 5237 4762 5923 6046 
2695 2448 2065 2508 5015 4644 1519 3000 5203 5200 6237 4352 4785 1736 6555 2968 1273 6450 1541 390  1763 1110 1927 4930 1419 500  2263 2712 2471 3210 2603 4580 5307 5620 6303 1136 1233 6416 3951 584  87   1222 921  1864 1977 2522 3189 3266 4227 3794 4631 4476 5065 162  5461 1362 5933 3246 6377 5298 23   6088 463  242  1019 1922 1601 4052 2239 6316 2851 698  3539 1754 4211 2918 4919 4162 5591 5414 6299 
5184 665  2304 3689 3828 5785 5676 3577 6210 133  2080 4851 1664 5865 2632 765  3976 1397 980  1679 714  1843 1302 2041 6230 1887 1580 2369 3102 2537 3576 2723 5140 5811 6350 261  3664 2523 248  5463 890  453  1544 1437 2230 2589 2830 3873 3590 4413 3928 4843 5526 5255 534  5699 2274 6119 4254 6557 5798 229  6410 739  1028 1301 2972 1913 5164 2551 226  3217 1214 3863 2326 4549 3506 5261 4766 5927 6074 
3185 6072 2135 2574 5035 4312 475  6372 5243 3520 3213 3040 3927 1976 5625 3304 1305 4424 5031 760  1769 1032 1915 1704 2147 550  2373 2236 2479 3294 2611 3912 2831 5650 6351 1250 1251 6544 3987 590  57   1246 933  1886 1983 2534 3207 3272 4237 3806 4593 4102 5069 36   5465 1374 5935 3282 6383 5322 29   6094 467  244  1021 1948 1607 4076 2243 6332 2857 706  3541 1762 4217 2942 4931 4166 5623 5422 6301 
3168 595  4356 3745 3936 5795 5166 2225 1776 161  1760 5733 3680 5481 3128 825  3458 1815 4984 6171 1880 1853 1416 1985 1974 2197 1660 2877 2852 2519 3618 2735 4182 2921 6356 279  3728 2529 250  5517 902  471  1558 1461 2242 2631 2834 3891 3592 4417 3938 4791 4318 5257 582  5707 2298 6127 4314 6559 5802 233  6414 743  1052 1303 3004 1931 5188 2557 254  3221 1226 3877 2342 4561 3518 5273 4778 5939 6082 
3325 1584 2093 2664 4895 4452 575  6174 4475 3952 4347 2720 2457 3740 5187 3944 1395 4522 2745 5642 1863 3010 1943 1722 2105 2226 2321 2260 3363 3350 2623 3942 2827 4386 2987 1168 1341 100  4041 598  93   1258 939  1898 2019 2536 3261 3278 4247 2388 4627 4118 4971 4456 5473 1398 5941 3378 6385 5416 31   6106 479  268  1031 1964 1609 4084 2251 6388 2861 718  3547 1766 4219 2962 4933 4174 5639 5426 6311 
5148 805  1296 3773 3876 5875 5236 2425 1782 35   6448 2079 3800 5859 4840 6279 4664 2115 5278 3525 6314 2601 4070 2047 1992 2195 2478 2407 2884 3813 4028 2743 4170 2923 4674 3065 3824 2547 266  5547 904  489  1562 1473 2248 2643 2872 3903 3598 4427 3372 4847 4330 5199 4642 5713 2334 6139 4362 25   5816 239  6430 751  1058 1307 3028 1933 5204 2579 262  3229 1234 3881 2362 4567 3554 5279 4786 5953 6098 
4025 1872 2233 4680 5467 4692 725  6396 4525 3984 335  4864 3003 4600 4641 6560 1701 5336 2775 5768 4425 3008 483  5170 2149 2262 2285 2814 2483 3460 4239 4598 2839 4422 2995 4902 3131 196  4107 610  69   1256 951  1910 2031 2542 3273 3286 4265 2466 4633 4518 5071 4462 5403 4826 5951 3342 6395 5442 37   6114 487  284  1033 1996 1613 4124 2267 6404 2879 734  3557 1774 4229 2966 4937 4178 5641 5438 6317 
2376 875  6084 3857 2160 6149 5586 2525 1968 55   5936 3795 2176 3591 5060 819  1520 3087 5848 3555 6328 5415 352  999  6110 2201 2538 2395 3066 2561 4018 4755 5216 2929 4686 3071 5352 3215 286  5553 938  501  1570 1497 2264 2649 2882 3909 3614 4429 3396 4849 5556 5263 4646 5619 4966 6145 4398 49   5822 241  6446 757  1076 1319 3044 1949 5212 2591 274  3251 1238 3889 2374 4583 3566 5281 4798 5981 6122 
4165 2592 2261 3960 5083 2520 2057 6408 4775 4144 2145 3332 4875 2024 3969 6460 1827 5000 4977 6424 4545 3392 225  748  1431 580  2317 2838 2489 3318 2615 4606 5319 5660 2993 4890 3133 5502 3287 602  111  1270 993  1912 2049 2546 3279 3298 4249 2502 4645 4548 5089 24   5485 4838 5799 5122 6401 5410 43   6126 491  292  1039 2012 1619 4132 2269 6428 2887 746  3559 1814 4231 2974 4943 4198 5647 5458 6323 
2808 1015 792  3913 2640 6409 4200 3509 2064 65   6256 3135 952  6045 3256 1323 2000 3339 2420 6069 832  5475 224  465  1148 1917 1690 2413 3090 2563 3624 2747 5150 5817 6358 3073 5358 3223 5754 3385 946  519  1576 1509 2266 2661 2914 3921 3634 4435 3438 4853 5532 5267 606  5729 4978 5997 5224 6333 5842 251  6454 761  1084 1321 3076 1951 5228 2593 278  3253 1262 3907 2386 4591 3574 5297 4822 5987 6134 
4235 2736 2345 2784 5117 2700 2299 5460 5491 4048 4095 5888 4995 2296 3645 3848 1953 5360 5229 920  2349 3776 135  812  1095 1484 2343 2254 2491 3306 2627 3930 2863 5668 6315 1264 3139 5538 3293 6042 3455 1298 1011 1918 2073 2570 3291 3302 4267 2532 4661 4596 5093 30   5489 1434 5959 5126 6189 5446 41   6130 499  316  1049 2036 1621 4156 2273 6436 2897 758  3571 1822 4241 2978 4951 4222 5651 5462 6329 
3456 1001 864  3815 3996 6293 5850 3751 2940 247  6512 5985 1144 6345 2618 855  4736 3381 3100 6111 2090 441  416  555  1196 1695 1708 2685 2888 2545 3666 2759 4218 2933 6364 363  3856 3227 5790 3397 6438 3587 1582 1527 2270 2721 2930 3957 3656 4439 3516 4855 5598 5269 618  5723 2382 6155 5246 6339 5846 257  6466 769  1108 1327 3092 1973 5276 2609 298  3257 1282 3911 2402 4597 3578 5303 4834 6007 6158 
4655 3312 2387 2952 5135 4554 1421 3510 5687 1890 403  3872 1575 2392 675  3094 1425 5368 5439 1000 2511 2990 561  868  1185 1504 2235 2272 3405 3484 2629 4002 2845 4482 3005 1328 1359 256  3317 6102 3473 72   3665 1928 2103 2626 3309 3310 4269 3830 4667 4626 5095 42   5497 1446 5947 3414 6403 5464 47   6142 503  332  1051 2084 1627 4196 2281 6452 2903 766  3581 1838 4243 2986 4957 4226 5653 5482 6337 
3432 1085 936  3955 4092 5945 5688 3703 6360 253  4760 2223 1408 3675 3016 1035 3752 2175 5896 6201 2030 1089 4120 1107 1204 1905 1748 2715 2924 3801 4064 2761 4242 2935 4728 3077 4016 2637 290  3401 6456 3589 204  3763 2278 2733 2936 3963 3638 4443 3934 4859 5604 5287 642  5731 2406 6157 4434 121  5826 263  6470 773  1124 1361 3148 1979 5284 2617 302  3259 1286 3917 2426 4603 3602 5309 4846 6011 6166 
5075 3564 2485 2904 5125 4004 775  6432 5341 4160 5643 3920 2907 2552 1785 3968 1665 4648 3075 5698 3321 3160 621  5110 1443 1564 2265 2312 3423 3488 4245 4628 2855 4494 3007 5010 3143 484  4113 632  3487 84   3667 444  3839 2630 3327 3322 4281 3818 4629 4142 5105 54   5509 1506 5963 3426 6407 5466 53   6146 509  338  1061 2092 1637 4204 2287 6476 2909 778  3583 1858 4253 2998 4967 4258 5657 5498 6343 
3672 1295 1056 4123 3978 6095 5418 2575 2106 203  2600 1683 1820 3519 3224 1155 4712 2385 5432 3735 784  4761 4130 1023 6520 1869 1804 2865 2948 3855 4046 4899 5252 2941 4710 3091 5370 3233 296  5571 962  3595 234  3781 708  3937 2938 3981 3658 4449 3962 4803 4334 5293 654  5747 2454 6161 4458 169  5858 269  6472 787  1132 1367 3188 1987 5308 2621 314  3271 1294 3919 2434 4621 3622 5323 4874 6029 6178 
5425 3888 2555 3036 5215 4824 605  3072 4805 4272 413  3200 2277 4060 4131 4264 3045 5434 3015 5992 4575 4288 627  5240 1479 620  2379 2324 3429 3572 4251 4636 5373 5728 3013 5064 3149 5562 3295 638  123  1304 3683 486  3841 948  3997 3352 4279 3832 4647 4154 4989 4490 5513 1542 5965 3462 6415 5494 59   6152 521  356  1063 2164 1657 4244 2293 6484 2917 794  3593 1874 4259 3022 4969 4262 5659 5506 6353 
4104 1309 1152 4199 4128 5885 5628 2645 2128 85   6096 581  4000 3627 3850 4617 4862 4305 6016 3975 448  5715 364  1161 6490 1971 1780 2889 2890 3939 4114 4893 5260 5829 6368 3085 5394 3235 5838 3403 970  537  1586 3785 726  3941 1206 4061 1746 4453 3970 4821 4342 5223 4654 5753 2514 6167 4506 289  5862 271  6478 797  1172 1373 3236 1993 5444 2633 326  3299 1306 3923 2446 4637 3646 5333 4882 6037 6218 
5635 4176 2737 5280 5369 5076 845  6534 4825 4592 355  972  721  4180 4329 5950 4959 5504 5145 6536 4635 3904 165  884  1491 650  2397 2332 3441 3550 4371 4708 5343 5764 6357 1424 3151 5592 3305 6162 3493 1310 1041 1946 3845 954  3991 1422 4285 2676 4681 4168 5001 4498 5433 4856 5969 3522 6431 5470 61   6154 523  388  1069 2188 1663 4252 2297 6508 2927 802  3607 1882 4261 3046 4973 4274 5669 5534 6359 
4224 1435 1188 4277 3240 6307 5742 2675 2256 95   6288 515  1908 889  5500 4797 2480 3549 6232 6405 1088 5895 392  615  1276 2037 1850 2919 2950 3819 4108 4929 5290 5871 6412 333  4112 3239 5874 3409 6474 3599 1592 1563 2282 3949 1212 4063 1788 4469 3474 4867 4346 5241 4658 5631 4990 6169 4542 361  5864 277  6482 809  1228 1381 3244 1997 5468 2647 334  3301 1318 3929 2458 4639 3662 5347 4894 6043 6238 
5915 4464 2639 5400 5423 3420 1813 576  4925 4656 365  882  685  2628 1043 5120 1911 5680 5247 2704 735  4544 195  836  1245 1508 2403 2336 3417 3556 4323 4660 5379 5746 6369 1552 1413 676  3337 6168 3503 90   3679 1930 2127 2648 4009 1494 4291 2682 4685 4668 5111 4504 5469 4858 5847 5128 6433 5486 67   6170 541  404  1087 2228 1667 4276 2309 6548 2939 818  3613 1894 4271 3062 4987 4282 5683 5554 6361 
4488 1505 1224 4081 3120 6391 5580 3757 2544 115  252  535  2028 815  3636 1169 2320 3717 3380 6273 1216 5925 308  645  1274 1947 1862 2895 2996 3945 4148 4917 5332 5835 6422 369  4208 2763 310  3419 6486 3601 228  3787 2290 2757 2984 4069 1812 4471 3546 4873 5634 5299 4670 5637 4982 6009 5230 6387 5866 281  6488 821  1244 1399 3284 1999 5492 2657 346  3307 1322 3931 2462 4643 3694 5351 4918 6047 6242 
6125 4212 2765 2964 5593 3840 2009 3480 5537 4698 395  1044 695  2844 955  4716 1313 5840 5301 770  2997 4672 255  928  1335 1612 2355 2356 3435 3596 4395 4676 5385 5782 6453 1616 1467 1156 4149 646  3497 96   3695 492  3859 2662 3351 3346 4295 2718 4687 4734 5123 66   5539 4870 5853 5134 6207 5518 71   6184 547  412  1091 2252 1669 4348 2311 16   2953 838  3617 1906 4273 3086 4993 4286 5689 5578 6367 
4968 1463 1248 4301 4560 6461 5700 3871 5720 217  288  545  2124 835  3708 1115 5652 1403 2450 6327 2120 6561 532  705  1292 1965 1876 2937 3038 3993 4172 4947 5324 5883 6524 387  4304 2799 322  5679 986  3611 294  3791 732  3953 2954 4083 3674 4487 3582 4883 5706 5305 678  5759 4994 6033 5254 6393 5870 283  6494 811  1252 1409 3292 2003 5524 2659 358  3313 1346 3943 2474 4649 3722 5381 4934 6053 6274 
6475 4608 2849 5760 5551 3060 2107 3720 5887 5440 427  1116 737  2988 965  4932 1205 6498 1591 910  3483 3190 663  968  1455 1628 2445 2366 3477 3580 4401 4756 5397 5792 6441 1648 1503 1444 4167 658  129  1336 3707 516  3865 996  4031 3358 4287 3838 4699 4764 5129 78   5515 1578 5971 5144 6243 5522 73   6182 557  428  1093 2276 1693 4364 2333 6    2957 842  3623 1934 4283 3098 4999 4306 5693 5582 6373 
4992 1645 1368 4403 5520 6479 1080 3887 6270 259  600  583  1380 899  3852 1135 5868 1345 312  1691 2170 351  4270 1131 1312 2001 1888 2943 2980 3999 4150 4953 5344 5889 6532 423  4336 2817 328  5769 994  543  1598 3799 738  3959 1236 4087 3670 4461 3982 4885 5748 5311 762  5755 2526 6179 5258 6411 5882 293  6522 823  1268 1423 3308 2011 5596 2663 362  3319 1354 3947 2498 4651 3734 5387 4946 6067 6326 
6325 5328 2821 5940 5453 3900 2023 4440 6223 6080 451  6510 767  2250 1057 5004 1255 6516 1415 462  1781 3230 759  5270 1533 740  2409 2350 3471 3604 4407 4768 5421 5828 6447 1712 1557 2116 4203 664  141  1334 1047 1958 3869 1014 4033 1524 4303 3842 4659 4184 5131 102  5533 1614 5977 3558 6437 5528 79   6186 563  436  1097 2284 1697 4372 2339 8    2963 862  3631 1942 4289 3106 5003 4322 5701 5594 6379 
4368 2255 1632 4459 4080 6517 1320 4067 720  287  780  629  1470 901  2850 1177 6012 1355 378  1555 798  1891 4250 1029 6290 2013 1924 2967 3020 4011 4192 4965 5348 5907 6550 477  4432 2853 344  5787 1010 573  1606 1569 2294 3961 1278 4097 1818 4499 3992 4827 4366 5315 786  5761 2586 6181 4566 529  5894 307  6526 827  1324 1427 3316 2017 5618 2671 382  3323 1366 3967 2518 4657 3742 5393 4954 6073 6334 
3025 3192 3565 3096 5621 4140 2303 4290 6137 900  437  2310 779  2430 1067 4230 1331 168  1465 546  1685 1122 1939 5330 1551 820  2451 2444 3507 3610 4431 4796 5451 5860 6477 1744 1587 3364 4311 670  159  1342 1059 1970 2157 2666 4037 1572 4307 2724 4705 4202 5007 4514 5543 1626 5983 3594 6439 5514 83   6190 569  452  1103 2308 1699 4388 2341 10   2969 866  3637 1954 4297 3118 5009 4358 5711 5602 6389 
4536 2365 5824 4345 4056 539  1560 4361 1200 299  4620 589  1500 913  3450 1189 5340 1411 384  1565 858  1795 1326 2051 400  2067 1940 3009 3050 4017 4232 5019 5350 5901 6556 507  4496 2883 370  5823 1016 579  1630 1623 2314 2787 3002 4103 1854 4501 3684 4891 4354 5259 4696 5765 2598 6185 4614 841  5898 311  6530 829  1348 1429 3356 2027 5636 2677 386  3329 1382 3989 2554 4663 3746 5399 5006 6079 6338 
4225 4872 3553 1638 5185 4836 2527 4590 5819 3570 481  3080 793  2460 1073 4260 1333 6420 1561 552  1735 1128 1945 1752 2159 860  2553 2492 3531 3616 4503 4820 5487 5876 6465 1808 1611 5476 4383 682  177  1358 1077 1978 2181 2674 3369 3368 4309 2748 4709 4812 5137 4526 5493 4886 5989 3606 6443 5546 89   6194 571  508  1109 2348 1709 4412 2347 14   2971 878  3643 1966 4327 3134 5011 4406 5717 5606 6397 
3696 2635 1764 4465 3234 6035 5724 3971 3150 319  5250 611  1530 917  2860 1211 5490 1417 3700 1673 888  1835 1464 2005 1998 2219 1892 2955 3052 4023 4214 4983 5356 5943 1024 531  4528 2979 374  5877 1022 591  1634 1641 2318 2811 3014 4101 3682 4511 3732 4897 5766 5317 4718 5667 5002 6187 4638 961  5902 313  6538 839  1388 1433 3362 2029 5692 2683 394  3331 1402 4001 2558 4673 3754 5407 5042 6089 6362 
1105 4158 3625 1932 5365 4956 925  2916 6253 3990 473  2240 781  2550 1081 4350 1337 240  1577 330  1799 1242 1957 1794 2155 2322 2305 2516 3495 3626 4509 4780 5457 6004 6495 2032 1629 3844 4419 686  183  1370 1101 1990 2199 2678 3387 3370 4299 3854 4711 4842 5141 114  5545 4898 5919 5138 6445 5542 97   6198 577  524  1117 2372 1721 4418 2351 22   2999 886  3659 1982 4337 3142 5021 4414 5737 5638 6421 
6384 2465 4928 4355 3402 5995 5814 2725 2576 341  5320 1287 1960 923  3465 1207 5550 1441 4100 1687 750  1883 1518 2045 2046 2215 2562 2419 3104 4029 4220 5037 5380 5973 112  549  4688 3033 376  5931 1030 597  1670 1671 2330 2823 3026 4109 3686 4467 4010 4907 5844 5321 822  5771 5014 6051 5272 6423 5912 317  6546 853  1396 1439 3412 2039 5708 2687 398  3343 1418 4003 2566 4679 3758 5413 5062 6091 6374 
715  5208 3655 2394 5335 4662 1025 3136 4275 4784 5049 4900 2673 4340 1079 4380 1339 6540 1589 510  1793 1230 1961 1806 2165 2328 2315 2862 2495 3652 4539 4832 5511 5908 6501 2096 1719 40   4491 710  201  1378 1119 2006 2217 2686 3453 3382 4315 3874 4677 4190 5143 138  5549 1662 5993 5146 6249 5558 101  6202 587  548  1123 2396 1723 4436 2357 26   3001 898  3671 1994 4339 3158 5023 4426 5741 5666 6427 
5712 2585 504  4433 3444 6205 5772 2825 2288 4725 3328 1881 2380 3393 5390 1219 5820 1457 4300 1703 870  1897 1482 2059 2058 2227 2568 2429 3144 2567 4268 5055 5372 5955 208  603  4802 3123 406  5949 1034 633  1702 1689 2338 2841 3032 4105 1884 4529 4024 4839 4376 5327 834  5767 2634 6191 5282 6429 5918 331  6554 857  1412 1447 3428 2053 5716 2689 422  3347 1438 4007 2578 4691 3778 5417 5078 6101 6382 
1045 4914 3685 2142 5375 4884 1075 336  4975 5104 5355 5408 2871 4960 4437 6370 1343 810  1603 570  1807 1254 1967 1770 2167 2370 2323 2886 2497 3336 2653 4828 5505 5978 6507 2192 1737 56   4527 712  213  1384 1137 2008 2229 2690 3459 3374 4313 2796 4717 4210 5079 4552 5561 1686 5999 3642 6455 5608 103  6206 593  556  1129 2404 1733 4468 2371 34   3011 914  3673 2018 4349 3166 5039 4442 5743 5674 6449 
2016 2755 672  4495 3808 6235 5852 3125 2754 125  2816 2835 1768 4389 5920 4653 2560 1469 4700 1711 918  1865 1566 2071 2010 2231 2490 2443 3162 2569 3768 2773 5396 6015 176  639  4912 3141 410  6057 1048 669  1688 1707 2344 2859 3034 4115 1926 4531 3756 4913 4378 5277 4706 5773 2658 6193 4722 1369 5930 337  6558 859  1436 1451 3436 2063 5732 2693 446  3359 1454 4013 2582 4703 3802 5419 5086 6113 6406 
935  6216 3835 2464 5265 5152 2925 1232 5275 4816 2295 6292 2205 2944 5103 6500 2331 6320 5577 1190 1817 1218 1963 1830 2171 2424 2327 2910 2501 3354 2641 4008 2867 6028 6513 2224 1773 70   4581 730  237  1390 1149 2014 2253 2696 3489 3406 4319 2826 4727 4878 5155 4558 5541 4904 6001 3678 6457 5570 107  6214 599  578  1151 2428 1741 4492 2377 38   3019 922  3677 2026 4357 3194 5051 4474 5749 5686 6451 
3276 2875 756  4505 4256 6435 6496 3825 3248 6075 1568 3915 1496 945  3496 1071 3280 3843 5300 6417 2210 1903 1554 2077 2130 2249 2616 2449 3186 2573 3738 2771 4266 2947 80   657  4976 3177 418  6093 1054 681  1730 1713 2354 2901 3058 4117 1956 4535 3798 4915 5892 5339 4726 5703 5018 6209 4782 1681 5944 347  64   863  1468 1453 3452 2069 5756 2699 454  3361 1466 4019 2594 4721 3814 5431 5098 6121 6418 
1265 6426 3875 2436 5395 6272 4455 1456 5175 5168 3105 4732 5535 2432 5775 4408 2499 800  5499 1160 3807 3250 1969 1896 2173 2346 2335 2958 2507 3390 2651 4074 2869 4470 3017 2384 1791 88   4689 742  219  1394 1167 2054 2271 2698 3513 3422 4331 2868 4735 4908 5149 174  5567 4906 5937 5162 6463 5574 109  6226 601  596  1153 2452 1747 4516 2381 46   3023 926  3691 2038 4363 3202 5059 4478 5779 5702 6469 
3528 2665 924  4615 3612 6215 6188 2475 3472 6525 1792 4125 728  6105 3712 2415 4888 4221 5780 6321 2360 189  4280 2101 2136 2245 2622 2435 3198 2581 3774 2785 4278 2951 4776 3095 5008 3231 424  6147 1066 687  1738 1731 2378 2913 3064 4119 3688 4537 3804 4927 5958 5345 894  5777 5026 6081 5288 1849 5946 349  12   877  1492 1459 3508 2081 5788 2707 458  3371 1478 4021 2602 4723 3826 5437 5102 6131 6434 
1235 1008 3895 2604 5405 4998 1175 1904 5445 5264 2565 4508 4845 2408 495  4216 3885 5512 5589 1240 4293 3320 651  5480 2177 2418 2329 2982 2515 3486 2705 4026 2881 4530 3029 5106 3155 104  4707 754  249  1406 1191 2056 2283 2702 3543 3434 4317 3878 4741 4986 5161 186  5579 1698 6005 5174 6261 5614 113  6234 607  604  1163 2468 1753 4604 2383 58   3037 934  3697 2042 4373 3214 5077 4486 5783 5714 6473 
2772 2795 1176 4565 3654 6305 5856 3175 3536 1485 2548 4185 1288 6375 2744 1125 5192 4515 6136 6363 2440 231  4360 1113 2500 2257 2670 2453 3288 2587 3834 2779 4296 2959 4746 3097 5406 3241 430  6219 1070 699  1742 1761 2390 2931 3070 4121 3704 4479 4042 4939 5988 5353 906  5789 2694 6233 5302 6459 5954 353  18   881  1516 1471 3524 2083 5804 2711 466  3373 1486 4027 2606 4729 3862 5441 5114 6133 6442 
1495 2268 3905 2646 5555 5088 1445 432  5575 5488 2805 5684 5115 2072 585  3416 1725 5576 5565 1936 4779 3560 741  5560 1581 940  2353 3030 2509 3498 2669 4110 2893 4578 3035 5214 3161 5658 3341 776  267  1414 1203 2074 2307 2710 3561 3448 4321 3890 4701 4234 5165 222  5585 1758 6013 3702 6467 5630 127  6254 613  628  1171 2476 1759 4612 2389 62   3041 958  3701 2062 4391 3218 5081 4502 5791 5722 6481 
4284 2717 1428 4625 3822 6355 5922 3275 2832 145  3724 4485 1064 2025 2926 1215 4088 2325 6248 315  1472 273  4510 1173 320  2091 1952 2461 3270 2599 3810 2807 4344 2965 4758 3101 5430 3247 5886 3415 1096 717  1778 1779 2398 2949 3074 4135 1962 4541 4072 4857 4382 5357 942  5803 2742 6227 4854 2209 5962 359  20   883  1532 1481 3532 2087 5812 2713 478  3389 1502 4049 2614 4733 3866 5443 5158 6143 6458 
1375 2352 3965 2898 5605 5082 1325 528  5675 4848 415  6076 5655 2584 975  3542 1845 4466 3225 4624 4815 5056 777  5510 1593 950  2607 2540 2513 3534 2681 4134 2885 4584 3031 5190 3173 5694 3349 6258 3505 1426 1227 2086 2319 2714 3579 3454 4333 2892 4739 4238 5091 4568 5587 1842 6017 3714 6485 5622 131  6262 617  652  1181 2524 1777 4652 2393 74   3049 974  3709 2066 4397 3226 5087 4534 5801 5758 6491 
4704 2431 1596 4745 3906 6365 5916 3425 2928 155  396  565  1672 1365 3608 1275 4186 2655 5474 4005 1856 6165 544  1209 140  2133 1972 3021 3068 2605 3894 2813 4326 2977 4794 3103 5448 3265 5934 3421 6504 3629 1784 1797 2410 2973 3082 4141 2004 4553 3972 4955 4394 5331 4738 5809 2766 6239 4866 2809 5966 367  28   887  1556 1483 3548 2089 5836 2719 482  3391 1514 4051 2638 4751 3898 5449 5182 6151 6502 
1595 5904 3995 2976 5665 5096 1475 624  5725 4944 445  1332 745  2728 1995 4136 1935 4774 3195 6104 5025 5312 105  1012 1599 850  2613 2528 3537 3692 2701 4152 2899 4632 3047 5226 3193 5736 3353 6222 3521 108  3713 2104 2361 2726 3603 3464 4343 2934 4747 5028 5173 4570 5583 4910 6019 3786 6487 5626 137  6266 619  668  1187 2564 1783 4684 2399 82   3061 982  3719 2078 4409 3238 5099 4538 5807 5774 6521 
4788 2915 1092 4715 3948 275  5964 3475 2992 185  468  623  2178 865  3784 2625 5032 2535 5656 4335 1984 6255 572  795  1316 2109 1988 2985 3116 4035 4228 2815 4374 2981 4806 3113 5454 3263 5910 3427 144  3635 276  3805 2414 2991 3110 4143 3706 4555 4014 4963 6036 5359 4744 5721 5030 6259 4926 3481 5974 373  32   907  1588 1487 3628 2099 5884 2729 502  3407 1522 4057 2642 4759 3902 5471 5186 6163 6506 
1625 5508 4015 2912 5695 5112 1525 648  5825 5022 469  1140 749  3042 985  4472 3255 5624 3285 6118 4905 5696 285  992  1515 1652 2505 2596 3585 3668 4521 4844 2911 4602 3043 5238 3197 5730 3377 6312 3523 126  3715 522  3883 2758 3639 3470 4341 3886 4763 5046 5177 246  5597 4922 5961 5176 6493 5646 139  6278 631  692  1193 2572 1787 4724 2411 86   3067 998  3727 2098 4421 3242 5101 4546 5813 5794 6529 
5292 2945 1404 4807 4116 325  5976 3725 3078 205  612  649  1710 943  3924 1145 5248 4935 6344 4365 2368 6225 476  885  1352 2055 2044 3051 3124 4065 4292 5073 5404 2983 4818 3107 5478 3269 5970 3431 324  3641 306  3809 774  3973 3112 4151 3730 4497 4066 4979 6066 5363 978  5815 5038 6087 5306 3721 5982 379  44   911  1604 1489 3644 2111 5924 2731 514  3413 1538 4073 2654 4783 3946 5477 5218 6173 6514 
1615 6006 4085 3108 5681 5124 1675 816  5975 5136 485  1476 763  2580 1099 5202 1285 5704 6195 5776 5085 6208 345  988  1545 1666 2595 2656 3567 3718 4605 4876 5529 6052 3053 5334 3205 5778 3379 6330 3551 150  3737 558  3893 1062 4039 1602 4351 3896 4713 4246 5183 258  5599 1866 6023 5198 6267 5654 149  6286 641  716  1201 2588 1789 4748 2417 94   3079 1006 3733 2102 4423 3254 5107 4562 5821 5806 6547 
5376 3145 1386 4945 4248 425  6132 3775 3216 215  588  635  2196 949  3540 1199 6228 1385 6392 525  2624 405  608  915  1364 2085 2048 3081 3140 4047 4316 5061 5420 6021 272  3127 5496 3277 6018 3437 192  3647 342  3811 804  3977 1284 4145 2034 4559 4082 4863 4390 5371 1002 5833 2778 6245 5338 6483 5986 383  50   919  1636 1493 3676 2113 5932 2741 526  3433 1546 4079 2722 4787 3958 5479 5234 6197 6518 
1705 6156 4255 3132 5285 5244 1775 912  6025 5232 493  1452 755  3204 1111 4650 1349 216  1535 704  5325 6464 375  1036 1605 1694 2619 2620 3597 3620 4551 4850 5523 6068 6531 2416 3199 5784 3365 6402 3545 132  3749 564  3899 1068 4043 1644 4367 3006 4757 4294 5097 4582 5603 1878 6031 3846 6497 5662 151  6294 643  722  1213 2612 1801 4772 2423 106  3083 1018 3739 2122 4441 3274 5113 4574 5827 5818 6551 
5796 3055 1824 4445 4392 6055 5984 3925 3344 235  684  655  2412 895  4068 1241 6030 1477 408  1585 2752 1875 644  1005 1372 2139 2020 3111 3164 4071 4384 5109 5428 6063 304  711  5072 3281 6024 3439 1458 3649 348  3817 846  3979 1308 4163 2076 4571 4044 4981 4402 5349 4790 5837 2802 6281 4938 4489 5990 389  52   929  1676 1499 3698 2129 5948 2749 538  3449 1574 4091 2734 4789 3974 5483 5242 6199 6542 
1885 5808 2905 3348 5495 5256 1805 1104 6275 5424 497  1548 785  3468 995  5364 1351 3750 1631 594  1745 4096 435  1078 1635 1696 2667 2650 3621 3650 4587 4964 5595 6112 6519 2512 1899 110  3383 6342 3569 156  3743 636  3935 1098 4045 1668 4369 3012 4765 5052 5191 4610 5601 4936 6041 3858 6499 5672 157  6296 647  724  1217 2636 1811 4804 2437 118  3089 1042 3761 2126 4447 3314 5119 4586 5839 5834 6553 
6468 3335 1716 4585 4428 6265 6138 4075 3408 265  768  667  2556 905  4332 1165 6348 1501 5900 1717 966  1895 736  1065 1376 2121 2050 3129 3146 4053 4324 5133 5516 6099 368  747  5296 3303 434  3443 60   3661 372  3827 852  3983 1314 4169 2148 4573 4086 4985 6108 5377 4792 5739 5048 6283 4962 5041 6008 397  68   937  1682 1511 3716 2131 5956 2753 542  3457 1594 4093 2746 4793 3986 5501 5266 6203 4    
1955 6192 3059 3366 5705 5346 1825 1134 6413 5994 505  1692 791  3492 1055 5436 1315 264  1633 696  1765 1272 1981 1184 1647 1060 2679 2668 3615 3772 4611 4972 5559 6116 6549 2608 2007 128  4869 782  3563 198  3755 666  3901 1164 4055 1734 4379 3084 4769 5058 5195 282  5609 4942 5979 5206 6503 5678 163  6298 653  764  1223 2644 1823 4852 2441 122  3109 1046 3767 2138 4451 3326 5147 4594 5843 5854 1    
1512 3245 1836 4669 4446 6335 6144 4175 3504 295  828  671  1740 959  4572 1195 6444 1405 456  1655 984  1909 1590 2117 160  2163 2108 3165 3172 4077 4396 5151 5452 6123 464  801  5392 3357 442  6309 1090 3653 414  3829 876  3985 1356 4171 2166 4577 4122 4997 6246 5383 1038 5855 5066 6117 5384 6537 6010 401  76   941  1684 1523 3748 2137 5972 2767 554  3461 1618 4099 2762 4799 3994 5503 5294 6211 2    
