3696 1105 2772 3565 1428 5555 3948 1325 6132 5575 2544 445  6096 815  588  1135 1476 1355 3636 1639 210  1891 888  2105 1722 2353 2490 2611 3354 2933 4374 3173 5430 3473 6456 3805 522  4115 1818 4399 3258 4709 5052 5045 42   5339 654  5567 1338 5753 1986 5917 2634 6041 3378 6187 3954 6401 4722 6523 5442 19   6198 463  188  1021 1868 1609 4036 2267 6316 2887 662  3571 1718 4243 2906 4967 4162 5659 5422 6359 
5525 6384 2405 4158 4625 3096 6365 5096 3425 3136 145  4592 655  396  965  1044 1285 2178 1517 5436 1763 510  1963 1254 2201 2136 2497 3030 2779 3942 3053 4794 3341 5838 3649 132  3977 1206 4267 2532 4559 4194 4853 5988 5191 354  5465 1002 5633 1626 5815 2298 5971 2946 6127 3642 6295 4398 6467 5034 6631 5894 227  6538 739  956  1303 2932 1933 5156 2591 202  3253 1186 3911 2302 4603 3494 5323 4766 6037 6082 
5544 1495 5292 3625 1638 5665 4116 1445 6138 5675 2576 1485 6448 835  828  1145 1548 1385 3708 1649 264  1841 930  2117 1770 2359 2538 2623 3390 2941 4422 3193 5448 3455 6474 3811 564  4117 1854 4405 3324 4711 5058 5053 30   5327 678  5585 1362 5755 2022 5921 2658 6049 3414 6191 3966 6403 4782 6527 5466 23   6194 479  212  1031 1916 1613 4052 2269 6332 2897 674  3581 1726 4253 2918 4969 4166 5669 5426 6361 
6175 5712 2185 6006 4715 3108 6565 5124 3475 336  155  4816 3135 3332 985  1116 1315 2196 1529 5652 1745 594  1967 1290 2219 2130 2501 3048 2807 4002 3065 4806 3305 5886 3647 150  3973 1164 4279 2676 4571 4236 4855 6036 5201 366  5473 1038 5645 1662 5833 2334 5983 2994 6139 3678 6313 4434 6485 5118 6635 5902 229  6546 743  964  1307 2956 1949 5164 2593 206  3257 1198 3917 2306 4621 3506 5333 4778 6043 6098 
6048 715  5376 3655 2052 5785 4248 1675 6144 5725 2754 485  6608 3705 5684 1165 1692 1397 3852 1651 378  1865 984  2119 1752 2363 2568 2605 3498 2935 4386 3197 5454 3487 6486 3809 636  4121 1884 4411 3372 4717 5094 5057 54   5345 762  5587 1374 5759 2082 5933 2694 6059 3426 6193 4038 6407 4854 6533 5514 29   6202 467  236  1033 1922 1619 4076 2273 6388 2903 694  3583 1754 4259 2942 4973 4174 5683 5438 6367 
3575 2016 2255 6216 4565 3132 6625 5152 3725 432  185  4698 685  2156 4485 952  1333 2412 1535 5868 1765 696  1969 1410 2227 2190 2507 3066 2785 4008 3071 4818 3337 5910 3653 198  3979 1212 4285 2682 4573 4302 4859 6066 5195 402  5485 1074 5663 1686 5837 2382 5989 3018 6145 3702 6319 4458 6487 5142 6641 5912 233  6554 751  1004 1319 2972 1951 5188 2609 214  3259 1202 3919 2326 4637 3518 5347 4786 6047 6122 
4032 935  5796 3685 1932 5735 4004 3825 6272 5825 2832 505  6288 865  6076 5535 2002 1403 3924 1655 312  1883 1026 2123 1794 2407 2562 2615 3486 2951 4470 3199 5478 3493 6504 3827 666  4135 1926 4415 3396 4727 5172 5063 66   5353 782  5597 1398 5761 2094 5935 2742 6065 3462 6209 4062 6415 4866 6535 5558 31   6206 487  242  1039 1948 1621 4084 2281 6404 2909 698  3593 1762 4261 2962 4987 4178 5689 5458 6373 
4675 3276 2365 6426 4745 3234 6665 5852 5175 1232 205  4656 695  468  995  1064 5865 2968 1541 6012 1757 570  1981 1326 2245 2214 2495 3102 2813 4026 3073 4890 3349 5934 3661 156  3983 1236 4291 2718 4577 4308 4867 6108 5207 426  5489 1086 5671 1698 5855 2406 5993 3054 6155 3714 6331 4504 6493 5154 6649 5918 239  6558 757  1028 1321 3004 1973 5204 2617 218  3271 1214 3923 2342 4639 3554 5351 4798 6053 6134 
6552 1045 1512 3835 2088 5795 4312 5265 6496 1755 2992 511  6512 895  882  1195 2408 6105 3976 1661 270  1897 1032 2147 1806 2369 2616 2627 3534 2947 4482 3223 5496 3497 6648 3817 708  4141 1956 4417 3438 4735 5196 5065 78   5357 786  5599 1434 5765 2118 5941 2776 6071 3502 6227 4098 6431 4886 6539 5570 37   6226 491  244  1049 1964 1627 4124 2287 6428 2917 706  3607 1766 4271 2966 4993 4198 5693 5462 6379 
5225 3528 2375 1008 4895 3348 6695 5236 4275 1904 6525 5168 6615 5408 1055 1332 1339 3304 3645 4522 1769 690  1991 1416 2231 2226 2509 3090 2827 4110 3077 4902 3353 5970 3667 204  3985 1278 4295 2724 4579 4404 4873 6246 5219 438  5497 1096 5677 1758 5873 2454 5999 3126 6157 3786 6341 4498 5367 5176 6639 5930 241  6562 761  1052 1327 3028 1979 5212 2621 226  3299 1226 3929 2362 4643 3566 5381 4822 6067 6158 
3024 1235 6468 3875 2142 5875 4256 2925 6664 6435 3472 2145 4352 3465 1976 1205 1908 1405 3752 825  5432 1903 966  2155 1896 2395 2622 2629 3576 2959 4494 3205 5538 3503 6594 3839 732  4145 1962 4427 3474 4739 5268 5069 114  5359 790  4383 1448 5767 2134 5947 2766 6077 3490 6233 4146 6433 4898 6087 5608 41   6214 499  268  1051 1996 1637 4132 2293 6436 2927 718  3613 1774 4273 2974 4999 4222 5701 5482 6389 
6325 4284 2665 2268 4945 3366 325  5984 6075 2128 2475 5264 3375 5888 2205 2024 1337 2556 1537 4648 1215 5768 1985 1464 2249 2322 2513 3144 2815 4074 3085 5064 3365 6018 3665 228  3991 1284 4303 2748 4589 4338 4883 6252 5213 470  3033 1102 5931 1790 591  2456 6001 3130 2859 3830 6347 4506 6497 5174 6663 5944 251  6568 769  1058 1361 3044 1987 5228 2633 254  3301 1234 3931 2374 4649 3574 5387 4834 6073 6166 
4368 1265 2688 3895 2232 5705 4428 1475 6188 4455 3248 2565 6656 5775 2176 1365 3128 1415 4068 1679 5434 1935 6344 2149 1830 2413 2670 2641 3618 2965 4578 3215 5502 3505 6666 3829 726  4151 2004 4429 3516 4741 5274 5071 102  5363 808  4419 1442 141  2146 1137 2782 2253 3512 3489 4168 6437 4904 6117 5614 43   6234 503  284  1061 2012 1657 4156 2297 6452 2939 734  3617 1814 4283 2978 5003 4226 5711 5498 6397 
3025 4704 2465 2352 5015 3384 6655 5166 3775 1456 5445 5488 3795 1664 3675 2552 1995 3712 1555 6228 1795 5896 2775 704  2263 2262 2519 3162 2831 4134 3091 5106 3377 6024 3679 276  3997 1308 4307 2796 4595 4476 4885 6276 5221 472  3123 1106 5949 1798 597  2482 1707 3154 2901 3832 4143 4514 5403 5198 6677 5946 257  6574 773  1076 1367 3076 1993 5276 2647 262  3307 1238 3943 2386 4651 3578 5393 4846 6079 6178 
4536 1375 2184 3905 2208 5845 4446 1525 6174 5975 3536 3105 1568 3915 1408 1785 3016 4305 4136 1673 384  1895 6392 3555 224  2419 2712 2651 3624 2981 4530 3227 5562 3521 6690 3859 738  4163 2034 4435 3546 4747 5316 5089 174  5371 806  4491 1462 177  2152 1149 2786 2271 3514 3513 4184 4749 4906 6159 5626 47   6254 509  292  1063 2036 1663 4196 2309 6476 2953 746  3623 1822 4289 2986 5009 4258 5717 5506 6421 
4225 4788 2585 1344 5035 3552 6685 5256 3925 528  215  5104 3315 3388 4845 2392 3255 3784 5565 4736 1781 714  2005 832  4635 884  2515 3186 2839 4152 3097 5010 3379 6042 3683 234  4009 1314 4309 2826 4601 4518 4891 6282 5245 474  5509 1112 6057 1802 633  2486 1713 3170 2913 3838 4197 4526 5433 5206 6667 5954 263  6582 787  1084 1373 3092 1997 5284 2657 274  3313 1262 3947 2402 4657 3602 5399 4874 6089 6218 
6336 1625 2856 3965 2244 5945 4512 1775 6204 6025 2928 515  1792 4185 616  5805 3256 4935 4264 525  5336 1915 1122 2165 308  6255 1316 2669 3666 2983 4584 3233 5592 3523 144  3841 774  4169 2076 4439 3582 4757 5388 5093 138  5377 814  4527 1474 183  2158 1167 2792 2283 3526 3543 4190 4791 4910 6189 5630 53   6262 521  316  1069 2084 1667 4204 2311 6484 2957 758  3631 1838 4297 2998 5011 4262 5737 5534 6427 
2275 6264 2795 4928 5125 3402 6715 5346 4075 624  235  4848 745  3724 4875 1624 6045 3944 6195 4862 1395 5848 2033 1518 2257 928  285  1708 2845 4182 3095 5214 3383 6102 3695 294  4031 1356 4313 2868 4607 4548 4897 6354 5249 488  3141 1118 6093 1810 669  2488 1731 3176 2931 3842 4227 4552 5469 5210 6671 5962 269  6584 797  1108 1381 3148 1999 5308 2659 278  3319 1282 3967 2426 4663 3622 5407 4882 6091 6238 
4752 665  2112 3995 2394 5885 4452 1805 6318 6275 3078 535  6576 905  896  5115 2632 6555 4472 735  5504 1815 784  2159 1914 2429 1352 1065 2144 2977 4632 3235 5658 3545 324  3845 804  4171 2148 4453 3684 4763 5484 5095 182  2007 824  4581 1490 201  2162 1191 2794 2307 3530 3561 4202 4803 4922 6207 5654 59   6266 523  332  1087 2092 1669 4244 2333 6508 2963 766  3637 1858 4327 3022 5021 4274 5741 5554 6449 
2975 6696 2345 1188 5135 3444 275  5382 4175 648  265  4944 749  612  1079 2072 6375 3416 495  4888 1275 5992 2745 1216 2279 2328 2533 1748 1965 2656 3101 5226 3385 6162 3707 306  4033 1422 4315 2892 4609 4596 4907 6462 5251 494  3177 1130 6147 1816 687  2494 1761 3178 2949 3854 4269 4558 5493 5222 6683 5966 271  6586 809  1124 1399 3188 2003 5444 2663 298  3323 1286 3989 2434 4673 3646 5413 4894 6101 6242 
5616 385  2496 3605 2484 5995 4524 1825 6324 6425 3216 545  6642 917  5310 1207 2744 2025 4088 765  5512 2115 6424 3735 352  2435 2706 2653 2204 2553 3020 3239 5694 3551 192  3865 846  4181 2166 4469 3732 4765 5526 5105 184  2043 826  4689 1498 213  2168 1203 2806 2319 3538 3579 4210 4821 4936 6243 5662 61   6278 541  338  1091 2164 1693 4252 2339 6548 2969 778  3643 1874 4337 3046 5023 4282 5743 5578 6451 
6545 1872 2485 1224 4585 3588 175  5412 4205 816  295  5022 755  684  1081 6420 1343 3458 675  4774 1305 6104 3015 1088 4815 968  2537 3198 2855 2684 2889 3484 3397 6168 3713 342  4037 1494 4319 2934 4613 4626 4913 6492 5255 506  3231 1162 6219 1826 681  2504 1779 3182 2973 3874 4281 4568 5541 5224 6697 5974 277  6590 811  1132 1409 3236 2011 5468 2671 302  3329 1294 4001 2446 4679 3662 5417 4918 6113 6274 
3744 805  3264 3745 2508 6035 4554 1975 6372 6575 3344 553  6672 943  5340 1211 180  1411 4186 855  5474 2175 6536 3975 364  6675 1364 2681 3768 2987 3038 3243 3892 3569 1458 3869 852  4183 2172 4471 3756 4769 5532 5111 186  5383 830  4707 1510 219  2198 1227 2810 2361 3544 3603 4234 4827 4942 6249 5672 67   6286 547  356  1093 2188 1697 4276 2341 6628 2971 794  3659 1882 4339 3062 5039 4286 5749 5582 6469 
1925 5304 2555 1248 4795 3762 245  5664 4325 912  301  3450 763  4350 1099 6450 1349 2628 1565 4984 1425 6016 3075 1472 4905 988  375  1804 2863 4170 3103 3476 3567 4324 3715 348  4039 1524 4321 3006 4619 4668 4915 6564 5257 498  5513 1166 6309 1832 699  2506 1797 3206 2991 3878 4287 4570 5583 5230 6707 5982 281  6610 821  1172 1423 3244 2017 5492 2677 314  3331 1306 4003 2458 4691 3694 5419 4934 6121 6326 
4896 875  3648 3815 2574 6055 4576 2075 6396 6713 2610 559  4180 949  5490 1219 300  1417 4332 1685 5576 2325 6578 4005 392  6705 1372 1095 2236 2993 4602 3241 3916 3855 4768 3883 876  4187 2286 4487 3798 4771 5556 5123 190  5389 822  5603 1526 237  2216 1257 2822 2391 3562 3639 4238 4839 4952 6261 5678 71   6294 557  388  1097 2228 1699 4348 2347 6652 2999 802  3671 1894 4349 3086 5051 4306 5779 5594 6473 
5005 6528 2765 1368 4865 3816 425  5418 4475 1104 329  3540 791  4650 1111 6540 1351 2844 1561 6348 1793 6118 3195 1856 5025 992  435  1862 2055 2668 3113 5190 3401 4316 4179 5150 4043 1572 4331 3012 4627 4734 4927 6606 5267 518  5515 1146 5699 1834 717  2510 1803 3208 3027 3886 4299 4582 5601 5246 6711 5986 283  6616 823  1228 1427 3284 2027 5524 2683 326  3343 1318 4007 2462 4703 3722 5431 4946 6131 6334 
5472 1015 4416 3955 2652 6083 4644 2225 6432 625  3408 581  4230 959  5550 1241 450  1441 4572 1687 390  1921 6622 4335 416  405  1376 1185 2254 2595 3052 3247 5736 3563 4780 4551 5540 4189 2292 4499 3804 4777 5598 5129 222  5401 834  5609 1446 5771 2222 1263 2824 2427 3586 3651 4246 4857 4958 6267 5690 79   6296 563  404  1103 2252 1709 4364 2351 6668 3001 818  3673 1906 4357 3098 5059 4322 5783 5602 6481 
2695 2448 2755 1404 5215 3876 575  5586 4525 1134 305  5136 767  4380 1121 240  1357 2988 1585 6444 1799 702  2045 1984 5085 1012 465  1876 2085 2716 2865 3488 3403 6222 3737 5194 4947 5978 4343 3084 4631 4764 4939 6684 5263 530  5533 1158 5707 1842 5891 2522 1821 3262 3039 3890 4317 4610 5613 5254 6717 5990 293  6618 827  1244 1429 3292 2029 5596 2687 334  3347 1322 4013 2474 4721 3734 5437 4954 6133 6338 
6624 1085 5832 4015 2664 6095 4662 2425 6408 55   3504 565  252  979  5820 1243 700  1457 4716 1691 330  1909 1128 2167 476  1875 1484 1245 2212 2613 3104 3237 3940 3589 60   3893 5548 5217 6368 4501 3972 4781 5604 5131 230  2061 854  5611 1506 5777 2154 5951 2830 2433 3590 3669 4294 4863 4966 6297 5710 73   6298 569  412  1109 2276 1721 4372 2357 6676 3011 838  3677 1934 4363 3106 5077 4358 5791 5606 6491 
3185 1584 2635 5824 5185 3612 475  5628 4775 1392 335  5232 779  3500 1133 6570 1363 3042 1577 6516 1807 744  2041 1554 2285 1036 615  1888 2235 2788 2895 3556 3597 4384 3743 372  4045 6004 5523 272  4633 4812 4955 6714 5269 536  3303 1192 5713 1846 5899 2514 6013 3266 3057 3896 4341 4616 5619 5258 9    6008 307  6632 839  1252 1433 3308 2039 5618 2689 346  3359 1346 4019 2498 4723 3742 5441 5006 6143 6362 
3168 1295 5568 4085 2436 6205 4824 2525 6534 2401 3726 583  6510 989  6030 1247 980  1501 4932 1703 408  1919 1110 2171 1938 2449 1504 1335 2272 2607 3068 3333 3950 3993 4820 3899 948  4193 6364 5835 1616 4811 5634 5137 232  2097 856  4869 1528 249  2230 5959 2778 6085 3592 3687 4298 4881 4978 6333 5726 83   6302 571  428  1117 2284 1723 4388 2371 16   3019 842  3691 1942 4373 3118 5081 4406 5801 5638 6521 
3325 2592 2875 1764 5291 3654 605  5688 4753 1650 343  3660 781  4060 1147 810  1387 3204 1589 6498 1817 750  2021 1566 2305 2346 2545 1892 2241 2540 2919 3550 3633 4448 4191 5216 4055 1602 4333 304  6177 3184 4963 48   5287 568  3357 1178 6381 1864 723  2534 6005 3138 6161 3914 4353 4630 5631 5272 25   6014 311  6634 829  1268 1439 3316 2053 5636 2693 358  3361 1354 4021 2518 4729 3746 5443 5042 6151 6374 
5148 1435 5952 4147 6720 6149 4692 2575 6588 91   2580 589  2240 2223 6380 1253 1100 1469 5004 1711 456  1927 1218 2173 1974 2453 2814 2701 2050 2619 3050 3297 3956 3945 4828 4605 5564 4195 2316 4511 1648 6501 5008 5141 246  5411 872  4923 1534 267  2242 1293 2834 6103 3522 6239 4310 4911 4982 6339 5734 89   6306 577  436  1123 2308 1733 4412 2377 6    3023 862  3697 1954 4391 3134 5087 4414 5807 5666 6529 
4025 2736 2905 1632 5681 2520 1859 5724 4805 1536 371  3630 793  3850 3519 880  1827 5900 1591 120  1819 798  2047 1482 2291 2418 2563 3210 2867 2620 2937 3572 3585 4396 4209 5252 4929 6028 4351 3114 4645 3376 75   256  5293 534  5539 1208 6471 1886 753  2536 1839 3272 6167 3846 6349 4642 5637 5282 49   6010 313  6654 853  1324 1447 3356 2063 5692 2699 362  3371 1366 4027 2554 4733 3754 5449 5062 6163 6382 
5184 1505 2304 4123 6660 6409 4200 3757 6612 35   3792 611  4900 2691 6200 5103 1280 4221 1870 1739 462  1937 1230 2177 1992 2443 2862 2723 3774 3007 3116 3345 4012 3999 4796 4611 5566 5235 6524 4531 4014 4819 5072 531  238  5435 874  5013 1544 291  2248 1299 2872 2463 3614 6245 4206 6439 4990 6387 5738 97   6310 587  452  1129 2348 1741 4418 2381 8    3037 866  3701 1966 4397 3142 5099 4426 5813 5674 6547 
4165 3312 2915 1656 5117 2760 2873 4620 5239 1776 355  5424 799  4340 3267 2320 1911 6100 5607 2840 1829 870  2051 1590 2317 2370 2561 3270 2869 4242 3107 3596 3615 4444 4215 5324 4953 6052 5529 464  4661 4842 4979 484  1143 574  3411 1222 6543 1898 771  2542 1851 3278 3063 3922 6371 4542 6499 5288 121  6026 317  6674 857  1348 1451 3362 2069 5708 2707 382  3373 1382 4049 2558 4751 3758 5471 5078 6173 6406 
2376 1615 3864 4199 5580 6251 6210 4693 6160 221  3584 629  420  1003 6370 3933 1700 4263 1880 6489 3910 1939 1242 2183 2010 2461 2838 2743 3738 2995 4674 3263 4018 4017 4832 4623 5572 5289 6412 5871 1712 4829 5706 5143 248  2151 890  5043 1562 303  2264 1317 2882 2469 3598 3693 4318 6445 4926 6541 5574 101  6322 593  508  1151 2372 1747 4436 2383 10   3041 878  3709 1982 4409 3158 5101 4442 5821 5686 6551 
4655 3564 2945 504  5423 3510 847  960  4901 3150 377  3990 803  4550 3663 2480 2331 6700 5577 2920 4941 4730 2059 1608 2321 2424 2567 3288 2881 4218 3127 5238 3415 4484 4233 5260 4983 6112 5559 368  6183 3568 4981 162  5299 584  3447 1246 6597 1910 789  2546 1857 3286 3093 3926 4359 4634 6505 5178 169  6034 331  6682 859  1388 1453 3412 2081 5716 2711 386  3389 1402 4051 2566 4759 3778 5477 5086 6197 6418 
2808 1645 4356 4255 2604 2057 5640 2597 990  247  2310 667  630  1007 6500 6699 1300 4473 2120 6633 3430 351  5530 2189 1998 2455 2886 2705 3834 3005 4686 3265 5754 3587 4844 4731 5612 5271 6422 5883 1744 6513 5296 5149 250  2169 902  5067 1558 309  2270 1329 2914 2481 3634 3711 4328 4971 4994 6557 5622 103  6346 599  524  1153 2396 1753 4468 2389 14   3049 886  3719 1994 4421 3166 5107 4474 5827 5702 6553 
4235 3888 3055 672  5335 3822 2783 4160 4949 1740 391  5250 817  4740 1139 2560 1953 440  5661 2170 5427 4930 741  2500 2323 2442 2569 3294 2885 4266 3131 5334 3419 6258 3749 5332 4965 6068 5595 496  6285 3632 99   676  1179 590  3501 1256 6627 1912 807  2570 1893 3298 3099 3928 4377 4646 5667 5302 289  6054 337  6698 863  1396 1459 3428 2083 5732 2713 394  3391 1418 4057 2578 4783 3802 5479 5098 6199 6434 
3456 1595 3192 4301 2646 6215 4836 2891 780  77   2790 649  1050 1037 6060 1261 1900 4557 2090 1053 3710 297  5750 1131 140  2483 2910 2747 3894 3013 4710 3277 5730 3599 72   3901 5588 5295 6532 5889 1808 6519 5392 549  266  2259 904  5121 1570 321  2266 1347 2930 2487 3638 3747 4330 4989 5002 6393 5752 107  6366 601  548  1163 2404 1759 4492 2393 22   3061 898  3727 2018 4423 3194 5113 4478 5839 5714 6563 
5075 4212 3145 756  5365 3808 725  5676 5047 1860 407  4760 851  4770 1141 2960 2499 520  6003 2590 5751 4690 783  6710 1443 490  2573 3306 2899 4296 3133 5352 3409 6312 3755 414  4061 6116 5649 512  6213 3664 117  1156 1233 598  3573 1258 6651 1918 813  2626 1923 3302 3117 3934 4413 4654 5703 5306 361  6056 347  6702 877  1412 1471 3436 2087 5756 2719 398  3407 1438 4073 2582 4787 3814 5483 5102 6203 6442 
3432 1715 6084 4345 2898 6235 4884 2645 6688 119  2820 671  1120 1027 6150 1267 2300 4599 2210 891  4030 459  5810 1161 160  1653 940  2759 3810 3017 4728 3269 5778 3595 84   3935 954  4207 6550 5901 2032 6531 5552 603  286  2313 938  5139 1576 327  2278 1371 2936 2517 3656 3777 4334 5001 5014 6411 5762 109  6376 607  556  1171 2428 1777 4516 2399 26   3067 914  3733 2026 4441 3202 5119 4486 5843 5722 6569 
5425 4176 3115 1824 5375 3906 845  5742 4825 1488 413  3680 6669 5060 1157 3280 2541 640  5841 2870 5913 4810 837  320  1479 500  1869 1460 2893 4278 3139 5358 3421 6342 3763 444  4063 1644 4367 592  6231 3728 147  1444 1251 602  3609 1270 6687 1928 831  2630 1929 3310 3147 3938 4443 4658 5721 5338 529  6058 349  6706 881  1436 1481 3452 2089 5788 2729 422  3413 1454 4079 2594 4789 3826 5501 5114 6211 6458 
3672 1705 1296 4355 2464 6305 4956 2675 6636 65   3984 623  4640 5187 6560 693  2900 4653 910  1377 4040 357  5830 1173 200  1659 950  2121 2060 3029 4746 3281 5784 3601 90   3937 996  4213 2358 4529 2096 6549 5584 639  290  2367 946  5193 1582 381  2282 1383 2938 2559 3658 3831 4342 5007 5018 6423 5770 113  6378 613  578  1181 2452 1783 4604 2411 34   3079 922  3739 2038 4447 3214 5147 4502 5849 5758 6571 
5635 4608 3245 1176 5395 3828 775  5772 4925 1782 365  5456 2457 5500 6279 3440 2583 680  6039 2990 6399 5080 777  2624 1491 550  1917 1550 2247 2650 3149 5370 3427 6330 3781 486  4069 1668 4369 3156 4667 3824 153  2116 1341 610  3681 1298 81   1930 843  2648 1941 3322 3153 3962 4449 4670 5739 5362 841  6062 353  6712 883  1468 1483 3508 2099 5804 2731 446  3433 1466 4091 2602 4793 3862 5503 5158 6217 6502 
4104 1855 864  4433 2784 6265 5076 2725 6678 85   3952 4725 2816 5859 5120 819  2420 4797 1190 1539 4070 399  5960 1209 220  1677 1060 2109 2150 2667 3124 3287 5790 3611 96   3941 1062 4223 2364 4535 4044 4835 5648 657  296  2421 962  5283 1586 339  2290 1389 2954 2571 3670 3837 4346 5079 5026 6429 5786 127  6386 617  596  1187 2468 1787 4612 2417 38   3083 926  3761 2042 4451 3218 5153 4534 5851 5774 6577 
5915 4464 3289 5040 5797 3936 925  5814 4975 1968 395  5632 5355 6292 3969 3760 2709 760  6201 3010 6723 5170 861  2368 1533 580  1947 1580 2289 2740 2943 3580 3431 6402 3785 492  4087 1734 4379 3174 4681 4878 4985 3364 1359 632  3771 1304 15   1946 849  2662 1959 3346 3183 3970 4461 4696 5793 5384 961  6070 359  64   887  1492 1487 3524 2111 5812 2741 454  3449 1478 4093 2606 4799 3866 5507 5182 6221 6506 
4224 1885 5208 4807 6300 6479 4998 2825 6708 95   4048 4095 3872 2835 1496 1197 3100 4719 1330 1863 4120 483  6040 1239 260  1743 1150 2163 2140 2679 3140 3363 3980 3629 108  3949 1014 4237 2388 4537 4086 4837 5748 5155 322  2439 970  5337 1592 393  2294 1401 2984 2577 3674 3849 4354 5091 5030 6459 5798 131  6394 619  604  1193 2476 1789 4652 2423 46   3089 934  3767 2062 4457 3226 5167 4538 5857 5794 6581 
6125 5328 3335 1092 6061 3360 3211 5856 5243 2064 403  6256 5985 1144 945  2728 2793 920  6171 3160 441  5240 897  2752 1551 620  1971 1660 2301 2780 2967 3604 3699 4450 3787 516  4097 1746 4381 3222 4685 4908 4997 36   5305 638  3789 1310 21   1958 879  2666 1977 3352 3189 3982 4467 4706 5799 5402 1681 6078 367  12   907  1516 1489 3532 2113 5836 2749 458  3457 1486 4099 2614 4801 3898 5519 5186 6229 6514 
4488 2015 1848 4465 2912 2299 5880 3887 1020 133  2720 6237 3328 1575 1672 2625 3224 4959 1610 2349 4250 429  6230 1221 340  1749 1180 2133 2180 2697 3146 3405 4028 4011 4850 3953 1068 4247 2502 4541 4122 4841 5766 5161 258  5429 986  5391 1598 411  2314 1437 3002 2589 3682 3867 4366 5097 5038 6483 5816 137  6398 631  628  1201 2524 1801 4684 2437 58   3109 958  3769 2066 4463 3238 5171 4546 5861 5806 6599 
6475 5508 3445 924  5405 3978 3509 5670 5203 1950 427  3800 4851 1768 2415 2584 3045 3848 6273 3250 1089 4970 957  3008 1593 650  2001 1690 2337 2756 2955 3616 3621 4460 4239 5290 4103 1788 4385 3228 4687 4986 5017 3844 5311 582  5543 1336 27   1970 921  2674 1983 3358 3207 3992 4479 4718 5847 5410 1369 6086 373  18   911  1532 1493 3548 2129 5884 2753 466  3461 1502 4111 2638 4813 3902 5521 5218 6247 6518 
4968 2035 4872 4505 2904 6293 6360 3971 1260 187  2850 679  4420 2079 2432 1155 3496 4515 4408 567  4280 513  6110 1281 380  1809 1210 2139 2260 2727 3164 3399 4064 4023 4876 4671 5620 4249 2466 4553 4164 4843 5844 5165 318  5447 894  5615 1606 417  2318 1461 3014 2631 3686 3873 4376 5127 5048 6537 5822 139  6410 643  652  1213 2564 1811 4724 2441 62   3119 974  3779 2078 4481 3242 5179 4562 5867 5818 6607 
4375 5904 3355 1596 5695 3996 1127 5440 5687 4410 451  3870 869  4940 3927 2944 3885 3968 6405 5032 1521 5110 969  3392 1581 740  2037 1780 2343 2812 2985 3626 3657 4532 4245 5344 5019 6140 4387 3252 4699 5028 5027 5476 5315 606  5545 1182 5723 1978 933  2678 2019 3368 3261 4010 4497 4726 5853 5416 1849 6088 379  20   919  1556 1499 3628 2131 5924 2767 478  3463 1514 4127 2642 4817 3946 5527 5234 6257 6542 
4992 1955 4914 4495 2952 6307 5720 3591 2080 209  2730 697  1400 2277 1600 1071 3608 5145 4664 975  5624 561  6280 1269 350  1767 1220 2187 2312 2685 3172 3417 4108 4035 4964 4665 5644 5307 6556 4555 4188 4847 5892 5173 282  5455 906  5617 1542 5789 2330 1473 3026 2643 3688 3891 4378 5163 5066 6559 5646 149  6414 641  668  1217 2572 1823 4748 2447 74   3121 982  3793 2098 4483 3254 5189 4574 5869 5834 6619 
1225 5808 3485 1386 5605 4056 1421 3520 3213 2600 437  6090 871  5180 3393 4240 2961 4216 315  5192 1725 6136 903  3776 1599 850  2067 1850 2373 2848 3009 3610 3723 4564 4251 5348 5037 6176 5673 656  4705 5046 5029 6724 5317 618  5549 1194 5729 1866 5893 2686 2031 3370 3273 4024 4533 4738 5919 5464 2209 6094 383  28   929  1588 1511 3644 2137 5932 2777 482  3467 1522 4129 2654 4831 3958 5531 5242 6263 6598 
5016 2065 792  4615 2976 6335 5088 2989 1760 4347 2860 703  1470 1067 6580 4329 4100 4977 4712 1035 5642 2385 1936 4365 532  1833 1340 2193 2332 2715 3212 3423 4150 4029 4972 4695 5668 5319 6566 5907 2192 4849 5958 5177 328  5461 942  5627 1578 5773 2202 5963 3032 2649 3704 3903 4382 5169 5074 6583 5682 151  6430 647  692  1223 2588 1831 4772 2459 82   3137 998  3797 2102 4493 3274 5197 4586 5879 5854 6637 
455  6156 3395 1836 5285 4092 1025 5916 5341 2200 5481 3740 893  4980 1159 4720 3087 1000 6027 5368 1665 6232 3225 3904 5325 1078 2091 1924 2265 2828 3021 3620 3729 4540 4371 5356 5055 6148 5685 688  6291 3856 5033 24   5321 642  5561 1266 5731 1878 5905 2526 6017 3374 3279 4042 4569 4744 5937 5446 2809 6106 389  32   937  1604 1523 3676 2141 5948 2789 502  3469 1538 4133 2722 4861 3974 5557 5266 6269 6602 
6072 2125 936  4445 2964 6601 5112 3125 3072 161  3040 5733 4840 973  6180 1271 3380 5229 2360 2511 5656 2535 4624 4425 544  225  1508 1455 2324 2703 3232 3429 4046 4047 4988 4683 5728 5343 6572 5943 2224 6567 5744 5183 310  5459 978  5629 1614 5803 2238 5965 2802 6107 3706 3909 4390 5199 5090 6589 5718 157  6446 653  716  1229 2612 1847 4804 2467 86   3163 1006 3803 2122 4507 3314 5209 4594 5881 5878 6653 
595  6192 3515 1716 5495 4128 1175 5964 5275 2106 469  4000 4641 5800 1169 3750 1379 1160 6069 3190 2601 6248 3285 4288 5415 1148 555  1952 2355 2842 3051 3650 3741 4556 4323 5350 5061 6164 5691 752  6303 4016 171  40   1413 646  5579 1334 5747 1902 5909 2586 6019 3246 6169 4066 4593 4790 5961 5470 3481 6114 397  44   941  1636 1531 3698 2143 5956 2791 514  3491 1546 4139 2734 4871 3986 5563 5294 6271 6614 
5928 2135 1056 4403 3036 6355 5082 3175 576  115  4272 689  4960 3003 1360 1273 2028 1477 2440 2997 4130 621  2704 4545 572  135  1564 1515 2336 2739 3196 3441 4114 4053 5020 4767 5650 5373 6596 5955 2384 6573 5872 711  344  2493 1010 5409 1630 5809 2274 5969 2874 6109 3558 6259 4394 5223 5122 6587 5802 163  6454 659  722  1231 2636 1861 4852 2473 94   3167 1018 3821 2126 4513 3326 5227 4618 5897 5906 6659 
5929 1728 3535 1944 5369 4392 1075 5922 5491 2256 415  5994 889  5920 4389 4880 1393 3468 1603 3230 4761 5270 987  4544 5475 1184 645  1972 2379 2852 3081 3652 3753 4580 4401 5372 5073 6220 5697 848  6315 4112 207  56   1467 658  3879 1342 39   1990 5911 2598 6023 3282 6179 3858 6377 4792 5979 5486 3721 6126 401  50   947  1676 1543 3716 2153 5972 2797 526  3499 1574 4153 2746 4877 3994 5569 5314 6277 6626 
6480 2387 1152 4459 5700 6391 5244 3275 2916 125  4144 635  288  1043 1040 1323 3700 1507 5202 1727 4270 627  6290 1311 748  105  1612 1545 2356 2751 3260 3471 4148 4071 5012 4755 5746 5379 6604 5973 2416 6585 5968 747  370  2523 994  5463 1634 447  2338 5977 2922 6115 3594 6281 4254 6443 5126 6593 5826 167  6466 661  724  1237 2644 1867 4868 2477 106  3169 1042 3823 2138 4517 3334 5231 4622 5903 5914 6661 
1001 3600 3311 3060 5467 3480 1183 5976 5537 2288 2295 5936 785  768  1177 5000 3339 1240 1631 216  1837 5330 1023 4672 5715 1196 705  1988 2397 2888 3111 3668 3765 4588 4395 5396 5133 6244 5709 944  6351 4208 243  70   1503 664  3897 1358 33   2006 939  2690 6031 3342 6181 3882 6383 4566 6503 5262 4489 6130 409  52   953  1682 1549 3748 2161 5996 2801 538  3511 1594 4157 2762 4889 3998 5573 5318 6287 6638 
4320 2431 6000 4543 5850 6517 720  3283 1140 203  4784 2805 2548 955  972  1313 4300 5247 2470 1717 546  1943 6520 1353 608  165  1652 1605 2366 2781 3268 3435 4172 4065 5024 4773 5660 5421 6620 6021 2512 6591 6064 801  374  2529 1016 5517 1670 453  2344 1497 3058 6119 3606 6283 4314 6455 4938 6595 5842 173  6470 673  764  1249 2692 1871 4892 2503 118  3181 1046 3833 2174 4519 3338 5233 4666 5923 5926 6673 
1309 2880 3553 3840 5453 3720 1813 6080 5819 2220 473  6032 4125 4508 1115 1452 1391 280  6417 3290 1843 858  2071 5056 5895 1204 795  2044 2403 2890 3129 3692 3813 4598 4407 5380 5109 6250 5727 976  6357 4304 261  88   1557 670  3951 1370 51   2008 951  2696 2049 3382 6185 3918 6385 4614 6509 5286 5041 6142 419  68   967  1684 1553 3764 2179 6044 2803 542  3517 1618 4159 2798 4903 4006 5581 5326 6299 6646 
4680 2737 1440 4669 1080 6461 6270 3479 1170 217  3180 707  4864 4785 728  1255 2124 1513 1750 3321 4360 1957 1272 2191 736  195  1628 1635 2444 2829 3296 3477 4192 4077 5050 4809 5792 5397 6644 6015 2672 6603 6128 867  376  2547 1022 5547 1688 471  2354 1509 3034 2661 3736 6289 4362 6457 4962 6605 5846 179  6472 677  772  1259 2708 1873 4916 2521 122  3187 1082 3847 2182 4523 3386 5237 4678 5927 5938 6679 
1463 4800 3619 3420 5551 4440 1519 900  5887 2070 481  3690 899  4732 4995 1736 1345 3492 1633 3320 3249 5480 2077 1704 2315 1276 885  2048 2409 2884 3165 3718 3759 4628 4431 5420 5151 6260 5757 1072 6369 4336 279  104  1587 682  3987 1378 57   2054 993  2698 2073 3406 3291 4072 6395 4638 6511 5298 5329 6146 421  76   971  1724 1559 3788 2203 6092 2819 554  3527 1622 4177 2818 4909 4022 5591 5342 6301 6658 
5400 2717 4080 4697 1920 6643 1200 3577 1350 259  3200 713  1540 2907 1288 5655 2618 1465 5364 1751 4510 609  6490 2197 2046 2471 1696 1695 2492 2769 3404 3495 4232 4089 5044 4833 5764 5451 6692 6063 2608 6645 6224 873  406  2637 1030 5553 1702 489  2378 1527 3064 2721 3730 3921 4402 6463 4974 6611 5858 181  6478 683  788  1277 2732 1877 4924 2531 134  3191 1094 3851 2186 4547 3394 5261 4682 5939 5942 6689 
1547 2160 3731 4140 5593 4920 2023 6400 6137 2250 493  5320 1989 5390 3627 2296 6345 3094 1643 168  1853 5560 999  5312 2327 2472 2581 2068 2445 2924 3171 3772 3783 4636 4509 5404 5157 6304 5745 1136 6441 4432 333  110  1611 686  4041 1384 87   2014 1011 2702 2103 3422 3309 4082 4629 4808 6515 5322 6241 6152 431  92   977  1732 1567 3812 2207 6124 2833 562  3529 1642 4201 2846 4919 4034 5623 5354 6311 6662 
3960 2821 1800 4823 1320 637  1620 3703 1500 253  3640 5049 1960 3159 6650 4437 2926 5625 4424 1735 552  1961 6670 1407 460  2479 2982 2735 2516 2847 3340 3531 4214 4155 5054 4887 5782 5385 6716 6099 2768 6657 6352 909  410  2763 1034 5571 1730 501  2390 1563 3070 2733 3766 3957 4430 5241 5128 6613 5862 191  6482 691  796  1279 2738 1879 4948 2539 142  3203 1114 3853 2194 4549 3398 5273 4694 5953 5998 6691 
1729 6600 3689 4500 5719 4590 2009 360  6223 2430 517  6440 1287 5740 4131 5360 4743 3542 585  5248 1835 918  2101 5696 1647 820  2587 3318 2911 2948 3219 3796 3819 4606 4521 5428 5181 6308 5763 1168 6447 4496 363  128  1629 710  4107 1390 69   2056 1041 2710 2127 3434 3327 4090 4647 4814 5991 5494 5    6154 433  98   983  1756 1571 3868 2213 6172 2837 566  3533 1646 4211 2854 4931 4054 5639 5366 6317 6686 
5280 3059 1980 4879 1560 539  6630 3871 1380 287  3330 731  2660 2673 560  4563 2450 5031 4466 1125 5698 1945 1302 2195 644  1887 1420 2761 3912 3031 3350 3507 4220 4161 5068 4917 5828 5457 1024 6123 2864 6681 6416 927  418  2799 1048 5679 1738 519  2398 1569 3074 2757 3782 3963 4438 5259 5134 6609 5864 193  6488 701  844  1283 2764 1889 4996 2543 146  3209 1126 3863 2206 4561 3418 5279 4702 5981 6002 6701 
2093 2640 3857 3900 5621 5130 2107 480  6253 2550 497  4020 901  5980 4059 5680 4617 770  6327 5278 1845 6328 2095 1674 2329 860  2013 1940 2921 4344 3143 3820 3801 4660 4503 5450 5211 6340 5781 1250 6453 4528 369  130  1719 712  4113 1394 93   2074 1047 2714 2157 3448 3351 4094 4659 4826 5997 5518 3    6170 439  116  991  1772 1579 3884 2221 6196 2843 586  3539 1654 4217 2858 4933 4058 5641 5374 6323 6694 
5760 3367 2400 4921 2040 6721 4050 4067 1530 299  3400 721  4260 1057 1520 1449 4700 5301 2030 3483 5704 2655 5776 2215 2058 2489 1450 2211 2350 3043 4758 3293 4268 4137 5084 4893 5860 5487 80   6129 2896 6693 6544 963  424  2817 1054 5769 1742 537  2410 1623 3082 2787 3790 3981 4454 5277 5138 6617 5866 197  6494 709  892  1289 2804 1901 5036 2549 158  3217 1138 3877 2218 4567 3442 5281 4714 5987 6022 6703 
1771 3240 3773 4860 5863 3780 3179 540  6413 5600 3861 4600 913  5070 1189 5840 3381 1430 6579 3410 6561 6314 3525 6208 2335 2478 2599 2020 2451 2950 3151 5394 3437 4708 4539 5452 5253 6350 5811 1264 6465 4688 387  136  1737 730  4149 1406 123  2086 1059 2726 2181 3454 3369 4102 4677 4838 6009 5522 13   6182 443  124  997  1796 1583 3908 2237 6212 2851 614  3541 1658 4219 2866 4937 4078 5647 5378 6329 6718 
6120 2849 2340 4991 2280 1573 1680 4477 2100 319  4480 5643 1820 1073 6390 1331 5300 5439 2530 3807 4370 663  448  4575 812  2491 2958 2773 2528 2877 3424 3295 5874 3635 5092 4899 5876 5511 112  6135 3056 729  6704 981  430  2853 1066 5787 1778 543  2414 1641 3110 2811 3794 4083 4456 5331 5144 6621 5870 199  6522 719  908  1291 2836 1907 5108 2551 166  3221 1142 3881 2234 4583 3446 5297 4742 6007 6038 6709 
2233 3120 4081 5100 5957 5160 3751 5460 6647 840  527  2800 1683 6020 1199 6320 3549 1640 6111 3560 189  5510 1107 6464 5925 1274 2603 3336 2929 2980 3201 3836 3439 6438 3791 5516 5205 6356 5829 1328 6477 4802 423  152  1773 742  4167 1414 111  2104 1077 2758 2199 3464 3387 4118 4701 4856 6033 5528 7    6184 449  148  1009 1828 1597 3932 2239 6236 2857 622  3547 1678 4229 2878 4943 4106 5651 5386 6337 6722 
6240 3157 2700 5159 3000 833  5200 4961 2940 323  3080 5967 3220 2871 1840 1617 5780 5499 2680 4293 4520 651  6680 1419 868  255  1694 2771 3930 3047 3460 3537 4228 3641 126  3959 5908 5505 176  6141 3088 45   196  1017 434  2979 1070 5823 1784 573  2422 1671 3112 2823 3806 4101 4462 5349 5146 6623 5882 211  6526 727  916  1297 2876 1913 5116 2557 178  3229 1154 3889 2246 4591 3466 5303 4754 6011 6046 6719 
2261 5520 3913 5220 5831 4290 2303 600  143  1890 533  3920 1881 5950 4257 6640 3717 1480 6321 3770 231  5590 1029 6592 6165 1312 915  2132 2923 4326 3161 3860 3939 4676 3799 558  4105 6358 5817 1552 6495 4912 477  154  1791 754  4203 1426 129  2110 1101 2770 2217 3470 3453 4142 4713 4858 6051 5542 11   6186 457  164  1013 1844 1601 3964 2243 6268 2861 626  3557 1706 4231 2894 4951 4126 5653 5398 6343 4    
5940 3451 3300 5083 2970 931  4400 4361 1710 341  3570 737  2380 3069 2000 1701 6050 5589 2750 4779 4750 759  400  1431 836  345  1666 1905 2596 3035 4776 3317 4292 4173 5140 3961 1098 4265 208  6153 3152 63   100  1083 442  2883 1090 5877 1786 579  2438 1689 3122 2841 3818 4119 4490 5361 5162 6629 5898 223  6530 733  932  1301 2908 1931 5132 2579 194  3251 1174 3907 2258 4597 3482 5309 4762 6029 6074 1    
2639 4560 4277 4950 6097 5610 2527 660  6419 2460 551  4830 923  6460 5313 800  3843 1720 6363 3880 273  5890 1113 4096 6225 1292 1005 2108 2505 2996 3155 5406 3443 4756 4587 5536 4109 1812 4393 1424 6507 4976 507  170  1899 776  4311 1432 159  2114 1119 2774 2229 3478 3459 4154 4737 4870 6081 5546 17   6190 461  172  1019 1852 1607 3988 2251 6284 2879 634  3559 1714 4241 2902 4957 4138 5657 5414 6353 2    
