5544 2125 5808 3059 5940 5957 4860 2891 5610 6811 480  511  1530 763  2550 1169 4770 1507 3750 1769 330  1939 984  2105 1482 2279 2010 2483 2616 2651 3294 2911 4026 3085 4686 3265 5454 3487 6258 3743 84   3991 774  4247 1884 4501 3228 4765 4842 5071 6606 5357 822  5699 2298 6001 3882 6319 4542 6487 5178 6859 6078 269  6754 809  1052 1409 3044 2017 5276 2683 214  3347 1214 4019 2362 4729 3574 5449 4846 6173 6218 
5525 2688 3485 1944 4669 1440 637  2760 5047 4400 301  1170 707  1740 1027 3540 1343 6420 1661 2450 1909 750  2021 1242 2189 1770 2359 2346 2563 3030 2807 3666 2995 4374 3161 5106 3383 5790 3629 6744 3865 348  4117 1284 4369 2532 4627 4086 4897 5604 5213 222  5539 1542 5891 3126 6157 4254 6431 4926 6629 5762 53   6398 523  244  1091 1996 1697 4156 2347 6476 3001 698  3677 1766 4373 2974 5087 4226 5813 5506 6551 
6048 2035 6156 3157 3600 5863 5100 2989 5720 3213 1760 553  1650 791  2580 1177 4980 1513 4240 5589 770  1943 966  2119 1554 2291 2046 2489 2670 2653 3306 2921 4134 3091 4710 3269 5478 3493 6312 3755 96   3997 804  4249 1926 4511 3252 4769 4878 5089 6684 5359 834  5707 2334 6005 3918 6331 4566 6493 5262 6865 6086 271  6758 811  1058 1423 3076 2027 5284 2687 218  3359 1226 4021 2374 4733 3578 5471 4874 6197 6238 
3575 2856 3289 4320 4823 1800 847  3000 5243 5200 3591 2200 721  1860 1037 3690 1349 6450 1673 2900 6201 1190 2033 1272 2195 1794 2395 2418 2567 3048 2815 3768 3005 4386 3173 5190 3397 5874 3635 6792 3869 372  4121 1308 4379 2676 4631 4122 4907 5634 5219 246  5543 1578 5893 3138 6161 4314 6433 4938 6631 5786 59   6410 541  268  1093 2012 1699 4196 2351 6484 3011 706  3691 1774 4391 2978 5099 4258 5821 5534 6553 
4032 2185 5904 3311 2880 6061 5580 3179 6210 2401 2080 4347 2860 889  2610 1199 5070 1517 4720 3381 1160 3483 4070 2147 1518 2285 2058 2491 2622 2669 3318 2929 4152 3095 4728 3277 5496 3497 6342 3763 90   4009 846  4265 1956 4529 3258 4771 4908 5093 6714 5363 894  5713 2382 6013 3938 6341 4614 6497 5286 6881 6088 277  6766 821  1076 1427 3092 2029 5308 2689 226  3361 1234 4027 2386 4751 3602 5477 4882 6199 6242 
4675 2184 3553 4680 4879 2340 833  3480 5239 6800 6237 2600 5481 3740 1043 3660 1351 6540 1687 3100 6111 2990 399  5560 2191 1896 2407 2370 2569 3090 2813 3774 3007 4422 3193 5214 3385 5838 3641 6810 3883 414  4135 1314 4381 2682 4633 4164 4913 5706 5221 258  5545 1614 5899 3246 6167 4342 6437 4962 6635 5798 61   6414 547  284  1097 2036 1709 4204 2357 6508 3019 718  3697 1814 4397 2986 5101 4262 5827 5554 6563 
6552 2255 6192 3451 6600 6251 4950 3283 6270 91   2720 4851 3400 2457 4180 1189 5310 1529 4880 3549 1240 3807 4120 999  320  2317 2130 2497 2712 2681 3336 2933 4110 3097 4746 3281 5502 3503 6330 3781 108  4031 852  4267 1962 4531 3324 4777 4986 5095 6756 5371 906  5723 2406 6017 3954 6347 4638 6499 5298 6887 6094 281  6770 823  1084 1429 3148 2039 5444 2693 254  3371 1238 4049 2402 4759 3622 5479 4894 6203 6274 
5225 3864 3625 1824 4991 1980 931  2970 5341 960  329  3200 5733 3800 4641 5500 1363 6570 1691 3700 6171 1610 429  5510 1533 580  2413 2424 2573 3102 2831 3810 3013 4470 3197 5226 3401 5886 3647 6798 3893 444  4141 1356 4385 2718 4645 4188 4915 5748 5245 282  5549 1626 5905 3342 6169 4346 6439 4974 6641 5770 67   6430 557  292  1103 2084 1721 4244 2371 6548 3023 734  3701 1822 4409 2998 5107 4274 5839 5578 6569 
3024 2365 6768 3367 4800 6097 5220 3479 6360 77   540  581  3680 2079 4600 5187 6560 1537 5000 3717 1480 4293 4130 1023 6592 2013 1180 2501 2814 2701 3354 2923 4170 3101 4758 3287 5538 3505 6402 3785 126  4037 876  4279 2004 4535 3372 4781 5028 5105 6822 5377 942  5729 2454 6019 3934 4857 4670 6503 5322 49   6106 283  6774 827  1108 1433 3188 2053 5468 2699 262  3373 1262 4051 2426 4783 3646 5483 4918 6211 6326 
6175 4872 3565 1836 4921 2400 1127 3510 5491 4160 343  1350 731  4000 3003 5800 4389 1600 1827 3380 6273 2030 459  5530 1581 650  2289 1690 2581 3144 2827 3834 3017 4482 3199 5238 3403 5934 3649 6834 3901 486  4145 1422 4387 2724 4661 4194 4927 5766 5249 318  5561 1662 5909 3282 6179 4354 5583 5030 6649 5802 73   6446 563  316  1109 2092 1723 4252 2377 6628 3037 746  3709 1838 4421 3022 5113 4282 5843 5582 6571 
6336 2375 1344 4147 2160 6083 5700 3509 1680 253  600  583  6510 893  4640 3927 6500 693  5360 3843 1430 4779 4270 1107 6848 2091 1210 2679 2180 2723 3390 2941 4218 3103 4776 3293 5562 3521 6438 3787 132  4033 948  4285 2034 4537 3396 4819 5046 5111 6828 5383 978  5731 2514 6023 3962 4863 4706 6249 5402 25   6114 307  6794 829  1124 1439 3236 2063 5492 2707 274  3389 1282 4057 2434 4787 3662 5501 4934 6217 6334 
2275 4224 3655 1596 5083 2700 1183 3720 5687 3150 437  4760 737  1820 3267 5980 6699 1040 1953 4100 6321 3160 513  5590 1593 620  2373 1780 2889 2890 2863 3894 3029 4530 3223 5334 3415 6018 3653 6858 3899 492  4151 1494 4393 2748 4667 4236 4939 5844 5251 366  5567 1686 5911 3378 6185 4366 5601 5038 6621 5816 71   6454 569  332  1117 2164 1733 4276 2381 6652 3041 758  3719 1858 4423 3046 5119 4286 5849 5594 6577 
4752 6475 1728 4301 5040 6149 6660 3577 6630 319  2730 589  4900 2277 4550 4131 6760 1071 5680 4221 1640 4941 4250 1029 4096 2067 1220 2697 2260 3129 3350 2947 4182 3107 4794 3295 5592 3523 6456 3791 150  4039 954  4291 2076 4541 3438 4811 5052 5123 6852 5389 1002 5747 2526 6031 3966 6349 4726 6261 5410 6861 6130 293  6802 839  1132 1447 3244 2069 5524 2711 278  3391 1286 4073 2446 4789 3694 5503 4946 6221 6338 
2975 4968 1463 5400 5291 6300 1573 4440 5537 5440 451  4830 767  2660 3663 5740 4437 880  2331 4300 6327 2170 621  5830 1599 740  2397 1850 2919 2950 3507 4114 3031 4584 3205 5352 3409 5910 3661 6870 3937 516  4163 1524 4399 2796 4681 4302 4955 5892 5255 354  5579 1698 5917 3414 6181 4362 6445 5048 6639 5822 79   6466 571  338  1123 2188 1741 4348 2383 6668 3049 766  3727 1874 4441 3062 5147 4306 5851 5602 6581 
5616 4375 2496 3619 3240 6409 3360 3751 6750 133  780  629  420  899  4940 4257 6370 4743 5840 4263 1720 5427 4280 1131 140  2133 1340 2703 2350 3171 3460 4011 4636 3113 4806 3305 5658 3551 6474 3799 156  4045 996  4295 2148 4553 3474 4829 5058 5129 48   5401 1038 5753 2586 6041 3970 6371 4718 6267 5416 6879 6142 311  6806 853  1172 1451 3284 2081 5596 2713 298  3407 1294 4079 2458 4793 3722 5507 4954 6229 6362 
6545 4992 1645 2052 5117 3300 2873 4200 5819 900  371  1380 779  1950 1057 6200 4617 560  5247 4700 6363 3190 483  5890 1647 820  2379 1940 2937 2980 3531 4148 4401 5150 3227 5358 3419 5970 3667 6846 3935 522  4169 1572 4405 2868 4685 4308 4963 5958 5257 402  5585 1758 5921 3426 6187 4376 5613 5066 6663 5842 89   6470 577  356  1129 2228 1747 4364 2389 6676 3061 778  3733 1882 4447 3086 5153 4322 5857 5606 6599 
3744 1225 2112 3395 3036 6293 1080 3757 5670 221  660  611  630  901  2790 1207 6580 4719 6320 4473 1870 5751 4360 1113 160  2109 1372 2727 2516 3201 3550 4017 4660 4929 5650 3317 5730 3563 6486 3805 198  4043 1062 4303 2166 4555 3516 4835 5094 5131 162  5411 1074 5755 2598 6049 3982 4881 4738 6297 5446 9    6146 313  6818 857  1228 1453 3292 2083 5618 2719 302  3413 1306 4091 2462 4799 3734 5519 5006 6247 6374 
1925 5304 1715 2088 4865 4248 1421 4920 6137 6160 481  3990 781  2070 1067 3870 1357 1360 2541 5300 6417 2590 561  5750 1653 850  2403 1972 1515 3116 3537 4150 4407 5260 5373 6340 3421 6024 3665 6882 3941 558  4171 1602 4411 2826 4687 4338 4979 5988 5263 426  5587 1842 5933 3462 6191 4378 5619 5074 6677 5846 83   6472 587  388  1151 2252 1753 4372 2393 6772 3067 794  3739 1894 4451 3098 5167 4358 5861 5638 6607 
4896 5929 3264 3535 3348 5795 5346 3703 720  299  2310 667  1050 913  2820 1211 5340 1541 6640 4557 1880 5913 4370 1161 200  2121 1376 465  2528 2715 3626 4023 4676 4953 5660 5817 6868 3545 6504 3809 204  4055 1014 4307 2172 4559 3546 4837 5172 5137 36   5429 1086 5759 2634 6059 3992 4911 4744 6333 5464 121  6126 317  6824 859  1244 1459 3308 2087 5636 2729 314  3433 1318 4093 2474 4801 3742 5521 5042 6257 6382 
5005 6264 1729 2208 5035 4004 6665 6144 5887 3520 493  5250 793  2220 1079 4020 1379 6780 1703 5780 6489 3230 609  5960 1659 860  2409 1988 1545 3104 3567 4192 4503 5290 5379 6350 6351 1648 3679 144  3949 564  4181 1644 4415 2892 4699 4404 4981 6036 5267 438  5597 1866 5935 3522 6193 4382 5631 5090 6667 5826 97   6478 593  404  1153 2276 1759 4388 2399 6788 3079 802  3761 1906 4457 3106 5171 4406 5867 5666 6619 
5472 385  4416 3605 3366 5875 5082 1025 3072 119  990  689  1120 923  2850 1219 5490 1561 180  1793 2120 6399 4510 1173 220  2139 1420 2739 2668 2865 3652 4029 4708 4893 5668 5829 1024 6693 4016 3811 228  4061 1068 4309 2286 4571 3582 4841 5196 5141 24   5435 1146 5761 2658 6065 4024 4971 4790 6339 5470 169  6152 331  6830 863  1252 1471 3316 2089 5692 2731 326  3449 1322 4099 2498 4813 3746 5527 5062 6263 6406 
2695 5928 1855 2232 4945 4116 6715 5964 2725 2256 413  1500 799  2250 1073 4230 1387 240  1711 6100 6579 2870 663  5810 1677 928  2451 2020 2943 3124 3585 4172 4509 5252 5385 6356 6285 1712 387  6544 3953 636  4189 1734 4417 2934 4705 4476 4985 6066 5269 474  5599 1878 5941 3558 6209 4390 5637 5122 6671 5858 103  6482 599  412  1163 2284 1777 4412 2411 6796 3083 818  3767 1934 4463 3118 5179 4414 5869 5674 6637 
6624 595  3648 3731 3384 5885 5096 1075 6776 4825 4656 623  1710 917  3180 1241 5550 1577 300  1799 2090 6723 4520 1209 224  4815 1484 2769 2540 3219 3668 4035 4756 4965 5728 5835 112  6735 4112 1341 170  4069 1098 4313 2292 4573 3684 4843 5268 5143 30   5447 1158 5765 2694 6071 4010 4989 4792 6387 5486 289  6170 337  6838 877  1268 1481 3356 2099 5708 2741 334  3457 1346 4111 2518 4817 3754 5531 5078 6269 6418 
3185 5016 1547 3960 5369 4392 6745 6132 2825 2128 625  6448 749  2430 1081 4260 1391 810  1717 5900 6741 3250 627  6040 1749 868  6255 2044 2967 3020 3597 4214 4521 5332 5397 6358 6315 1744 423  6704 2439 470  4187 1668 4427 3006 4709 4518 4997 6108 5287 498  5603 1902 5947 3594 6227 4402 5667 5126 6683 5862 101  6488 601  428  1171 2308 1783 4418 2417 6836 3089 838  3769 1942 4481 3134 5189 4426 5879 5686 6653 
3168 455  5568 3689 2640 6307 5382 1175 576  4925 4144 6525 4864 943  3330 1243 5820 1589 450  1807 2360 441  4810 1239 260  2187 1504 435  2596 3237 3580 4047 4768 4983 5746 5871 176  6747 4208 1359 182  3609 712  4315 2316 4577 3732 4847 5274 5149 42   5455 1182 5767 2742 6077 4038 6377 4808 6393 5518 361  6154 347  6842 881  1324 1483 3362 2111 5716 2749 346  3461 1354 4127 2554 4831 3758 5557 5086 6271 6434 
3325 4488 2065 2484 5453 3840 1519 6318 3125 2288 3825 6512 6615 1496 1099 4350 1393 1520 1727 6700 6867 3320 651  6110 1743 884  6675 2048 1605 3164 3621 4220 4539 5344 5451 6364 6357 1808 477  6736 2493 442  4923 994  4429 3012 4711 4548 5017 6246 5293 534  5609 1986 5951 3606 6233 4394 5703 5128 6697 5864 107  6494 607  436  1181 2348 1787 4436 2423 6884 3109 842  3779 1954 4483 3142 5197 4442 5881 5702 6659 
6864 665  5832 3745 3552 6391 5850 3871 2916 4975 4592 1755 5888 6825 2552 1253 6030 1591 700  5661 2440 1089 4750 1221 340  2163 1508 555  2656 2895 3718 4053 4780 5037 5764 5889 80   6771 4304 1413 184  3681 730  5949 1256 4579 3756 4849 5316 5155 54   5459 1194 5773 2766 6085 4042 5001 4814 6411 5494 529  6182 349  6854 883  1348 1487 3412 2113 5732 2753 358  3463 1366 4129 2558 4861 3778 5563 5098 6277 6442 
4025 6528 1771 2652 5125 4446 1813 4290 6223 2544 55   6608 2565 2024 1365 3256 1403 2000 5301 6050 567  3560 759  6230 1767 940  2553 2068 1635 3146 3615 4232 4431 5324 5421 6368 6369 2032 507  100  2523 472  5013 1010 51   1498 4717 4596 5027 6252 5299 582  5611 2022 5959 3642 6239 4430 5721 5134 6707 5866 109  6522 613  452  1187 2372 1789 4468 2437 16   3119 862  3793 1966 4493 3158 5209 4474 5897 5714 6661 
5148 805  5952 3773 3588 5845 5412 4067 1200 161  4698 215  3332 3375 2584 2415 3848 1197 800  4599 2210 3249 4690 1269 308  2193 1450 2751 2684 2955 3692 4065 4796 5019 5792 5883 208  6777 4336 1467 190  3771 742  6057 1270 327  1778 4853 5388 5161 66   5461 1266 5771 2778 6103 4062 6383 4826 6423 5522 841  6184 353  6856 887  1388 1489 3428 2129 5756 2767 362  3467 1382 4133 2566 4871 3802 5569 5102 6287 6458 
4165 6696 2093 5760 5159 4428 6685 6204 6253 6080 427  6576 485  4732 3915 3608 3255 4736 2499 440  1539 3010 741  6280 1809 950  2607 2050 3009 3172 3633 4268 4551 5350 5487 6412 6441 2096 531  196  2529 488  5043 1016 57   1510 681  1990 5029 6276 5305 606  5615 2082 5963 3678 6245 4398 6443 5138 6711 5870 113  6526 617  508  1193 2396 1801 4492 2441 6    3121 866  3797 1982 4507 3166 5227 4478 5903 5722 6673 
5184 875  2304 3857 3120 6479 5664 1325 3136 3861 3040 649  768  755  1288 4845 4136 5145 5248 4977 2530 1521 4730 1281 352  2241 1460 2781 2620 3243 3610 4071 4820 5073 5860 5907 272  6789 4432 1503 230  3789 754  6093 1258 321  1784 1041 2242 5165 78   5465 1338 5777 2802 6107 4066 6385 4722 6505 5528 961  6186 359  6862 907  1396 1493 3436 2131 5788 2777 382  3469 1402 4139 2578 4877 3814 5573 5114 6299 6502 
4235 1872 2135 2244 5719 3060 1859 6174 3175 2576 5049 5320 803  1908 985  2408 5535 4712 6405 5704 1053 3290 783  6290 1833 968  2613 2108 3021 3050 3657 4228 4587 5348 5457 6422 6447 2192 549  256  2547 494  5067 1022 69   1526 687  1978 1383 2456 5311 618  5617 2094 5965 3702 6259 4434 6455 5034 6731 5882 127  6530 619  524  1201 2404 1811 4516 2447 8    3137 878  3803 1994 4513 3194 5231 4486 5923 5758 6679 
2808 1015 4356 3815 3816 6461 1920 3887 336  5275 4784 1683 1400 949  3204 1195 3094 6105 5336 315  6232 2601 4970 1311 350  2301 1550 2829 2716 3333 3620 4089 4828 5055 5782 5955 304  6837 4496 1557 232  3879 776  6147 1298 339  1786 1047 2248 1779 2686 5473 1362 5789 2874 6109 4072 6395 4782 6509 5442 1369 6190 367  6872 911  1412 1499 3452 2137 5804 2789 386  3491 1418 4153 2582 4889 3826 5581 5158 6301 6506 
4655 6072 2261 2574 5185 4512 2009 4590 6413 2754 35   6656 6831 3500 1111 4332 1345 3976 6765 5848 1035 6622 837  6490 1887 992  2619 2060 3051 3140 3699 4316 4605 5356 5505 6524 6453 2224 603  484  2637 506  5121 1030 87   1528 699  2006 1389 2482 2127 2872 5627 2118 5969 3714 6281 4438 6457 5118 6739 5894 131  6538 631  548  1213 2428 1823 4604 2459 10   3163 886  3821 2018 4517 3202 5233 4502 5927 5774 6689 
6732 1085 6084 3955 3762 5945 5676 4361 1620 203  4848 235  3724 2673 4960 1247 5436 1535 4522 585  6248 1425 1088 1407 380  2211 1564 2847 2650 3363 3650 4077 4844 5133 5828 5973 368  6855 4528 1587 238  3897 782  6219 1304 381  1790 1059 2264 1797 2690 2487 3112 5803 2922 6115 4082 5007 4838 6511 5466 1681 6194 373  6874 919  1436 1511 3508 2141 5812 2791 394  3499 1438 4157 2594 4903 3862 5591 5182 6311 6514 
5075 1584 2345 2508 5135 4256 6785 6324 6419 6400 469  6642 505  728  3933 5390 1411 6444 1655 5656 1125 6734 2325 3776 1869 988  6705 2144 3081 3196 3729 4292 4623 5372 5511 6532 6465 2384 639  676  2763 518  5139 1034 93   1534 717  2008 1401 2486 2157 2834 2901 3358 5971 3782 4461 4454 5739 5144 6743 5898 137  6546 641  556  1217 2452 1831 4612 2467 14   3167 898  3823 2026 4519 3214 5237 4534 5939 5794 6691 
2376 1295 1296 3913 3828 6035 5124 1475 432  217  1020 671  828  785  1624 3627 6650 1633 264  1795 6314 1725 1216 3075 416  4905 1612 615  2812 2985 3772 4137 4832 5061 5876 5901 464  729  4688 1611 248  3951 790  6309 1310 411  1798 1077 2266 1803 2696 2517 3122 3261 3530 3981 4090 5079 4856 6429 5542 1849 6198 379  6878 929  1468 1523 3524 2143 5836 2797 398  3511 1454 4159 2602 4909 3866 5623 5186 6317 6518 
5425 2448 2233 6120 5551 4554 6815 6188 3275 2832 473  6090 817  2028 995  2618 4797 2320 1739 462  1865 784  2385 3904 3975 1012 6795 2204 1695 3212 3741 4324 4611 5380 5523 6550 6477 2416 657  1156 2799 530  5193 1048 111  1544 723  2014 1437 2488 2181 2882 2913 3346 3651 3730 4467 4456 5793 5146 6717 5902 139  6554 643  578  1223 2468 1847 4652 2473 22   3169 914  3833 2038 4523 3218 5261 4538 5953 5806 6701 
3432 1435 864  4081 4080 6517 5688 1525 528  5575 4944 697  1470 979  3042 1205 3304 5031 980  1817 696  1945 1472 3195 364  5025 1628 645  2756 3165 3796 4155 4964 5109 6004 5943 496  6873 4802 1629 250  3987 806  6381 1334 393  1802 1101 2270 1821 2698 2559 3130 3273 3544 4083 4094 5091 4858 6459 5546 2809 6202 383  6886 937  1492 1531 3532 2153 5884 2801 422  3517 1466 4177 2606 4919 3898 5639 5218 6323 6542 
5635 2592 2387 6240 5467 3900 2023 6372 3425 2928 65   6672 851  2460 1121 4572 1355 4088 5499 280  1903 714  2005 4288 4005 1036 405  2132 1905 3232 3753 4384 4665 5396 5559 6556 6495 2512 711  1444 2817 536  5283 1054 123  1562 753  2054 1461 2494 2199 2914 2931 3368 3669 3766 4479 4462 5799 5162 6729 5912 149  6558 647  596  1229 2476 1861 4684 2477 26   3181 922  3847 2042 4547 3226 5273 4546 5981 5818 6703 
3456 1001 6480 4123 5520 6853 1560 3971 624  5675 4816 265  882  989  3630 1261 5652 1555 4984 5841 910  1957 1032 2123 392  5085 1652 705  2788 3297 3820 4161 4876 5151 5908 6015 512  45   4912 1719 266  4041 808  6471 1336 417  1810 1119 2278 1839 2702 2571 3154 3279 3562 4101 4102 5097 4870 6483 5558 2209 6206 389  64   941  1516 1543 3548 2161 5924 2803 446  3527 1478 4201 2614 4931 3902 5641 5234 6329 6598 
5915 2736 2639 5280 5593 3420 2107 5640 6647 3078 85   6832 515  2124 1139 4380 1397 6498 1685 5642 6633 3430 2047 1290 2197 1078 1875 2212 1965 3268 3723 4396 4671 5404 5529 6566 6501 2608 747  2116 2853 568  5337 1066 129  1558 771  2074 1473 2504 2217 2930 2949 3370 3687 3790 4497 4490 5847 5174 6751 5918 151  6562 653  604  1231 2524 1867 4724 2503 34   3187 926  3851 2062 4549 3238 5279 4562 5987 5834 6709 
3672 1505 792  4277 4560 6601 1320 4693 4620 377  5022 295  972  815  3492 1267 6060 1603 312  1819 1330 4761 4930 2149 1566 2305 1666 795  2828 3345 3836 4173 4850 5157 5978 6021 592  63   4976 1737 286  4107 824  6543 1342 447  1816 1137 2282 1851 2710 2577 3170 3291 3586 4119 4118 5127 4886 6515 5514 3481 6214 397  12   947  1532 1549 3628 2179 5932 2819 454  3529 1486 4211 2638 4933 3946 5647 5242 6337 6602 
6125 3312 2485 2664 5423 4500 2303 5160 6877 4410 517  252  535  2178 1055 4716 1417 1840 1751 120  1921 3410 777  6520 2201 1806 2419 2236 2055 3296 3765 4444 4683 5420 5697 6572 6507 2672 801  3364 2883 574  5391 1070 141  1570 789  2056 1497 2506 2229 2936 2973 3374 3693 3794 4533 4498 5853 5176 6749 5930 157  6568 659  628  1237 2564 1871 4748 2521 38   3191 934  3853 2066 4561 3242 5281 4574 6007 5854 6719 
4104 1309 936  4345 2912 2057 2280 4477 1260 323  3640 703  1044 835  3468 1255 5868 1631 1100 1829 390  1961 5080 1353 460  2321 2136 2495 2842 3405 3892 4209 4972 5211 6028 6063 656  75   5008 1773 290  4113 814  6597 1358 453  1826 1149 2290 1857 2714 2589 3176 3309 3590 4143 4142 5163 4898 6523 5570 3721 6226 401  18   953  1556 1553 3644 2203 5948 2833 458  3533 1502 4217 2642 4937 3958 5651 5266 6343 6614 
6325 3888 2555 2784 5335 4452 2783 5460 187  5600 5643 6440 869  2196 1115 4932 1385 6516 1757 270  1883 690  2051 6670 1917 1060 2429 2442 2587 3404 3783 4448 4695 5428 5595 6596 6513 2768 867  3844 2979 584  5409 1090 159  1576 807  2086 1509 2510 2253 2938 2991 3382 3711 3806 4569 4504 5919 5198 6753 5944 163  6574 661  652  1249 2572 1873 4772 2531 46   3203 958  3863 2078 4567 3254 5297 4586 6011 5878 6733 
4368 2465 1056 4355 3108 5995 5166 5203 2100 341  4480 5967 1960 1003 3636 1271 6012 1565 384  1837 510  1963 1026 2159 490  2337 1580 2507 2706 2705 3916 4179 4988 5181 6052 6099 688  99   5072 1791 296  4149 826  6627 1370 471  1832 1167 2294 1893 2726 2631 3178 3327 3592 4197 4154 5169 4904 6527 5608 4489 6234 409  20   967  1588 1559 3676 2207 5956 2837 466  3539 1514 4219 2654 4943 3974 5653 5294 6353 6626 
6875 3192 3835 1386 5375 4524 275  6272 143  840  527  2800 1287 4060 1133 4740 1441 6876 1735 546  1919 870  2077 1254 2227 1150 2667 2140 2599 3066 2839 4450 4731 5450 5649 6604 6519 2864 873  5476 3033 590  5463 1096 177  1582 813  2104 1527 2522 2271 2954 3027 3406 3747 3818 4593 4514 5937 5206 6757 5946 167  6582 673  668  1259 2588 1877 4804 2539 58   3209 974  3877 2098 4583 3274 5303 4594 6029 5906 6737 
4536 2405 4928 4495 3234 6095 5418 1445 648  391  3080 6669 2380 3069 5180 1273 6150 1639 378  1835 702  1967 1110 2171 1590 2327 1660 2877 2780 2743 3486 2951 5012 5217 6112 6129 752  117  5296 1899 310  4167 830  6651 1378 489  1834 1191 2314 1923 2758 2643 3182 3351 3598 4227 4168 5199 4906 6533 5574 5041 6254 419  28   971  1604 1567 3698 2213 5972 2843 478  3541 1522 4229 2722 4951 3986 5657 5314 6359 6638 
3025 5208 3895 1428 5365 4312 325  6408 3475 3216 533  3920 1881 4420 4059 5950 1457 2560 1763 552  1895 858  2059 1302 2231 1830 2443 2150 3111 3260 2867 3912 3035 5516 5673 6620 6531 2896 909  6724 3123 598  5517 1102 183  1592 831  2110 1563 2534 2283 2984 3039 3422 3777 3830 4629 4526 5961 5210 6767 5954 173  6584 677  692  1277 2612 1879 4852 2543 62   3217 982  3881 2102 4591 3314 5309 4618 6037 5914 6761 
5712 2585 5824 4565 3402 6205 5152 1675 816  5725 5104 1989 3220 2871 5920 4563 6860 4959 1280 1841 744  1981 1122 2155 1608 2323 2190 2509 2740 3399 3860 2959 4242 3127 6068 6123 848  147  5392 2007 322  4203 854  6687 1384 501  1846 1203 2318 1929 2770 2649 3206 3369 3614 4269 4184 5223 4910 6537 5614 5329 6262 421  32   977  1636 1571 3716 2221 5996 2851 482  3547 1538 4231 2734 4957 3994 5659 5318 6361 6646 
4225 6216 3685 1638 5405 4576 6885 6496 3725 2992 4095 2816 2907 4340 3393 6020 4653 2480 2583 520  1897 888  2045 1326 2215 1914 2449 2472 2611 3340 3759 4460 3043 4494 3215 6644 6549 3056 927  40   3141 602  5553 1106 201  1586 843  2114 1569 2536 2307 3002 3057 3434 3831 3832 4647 4552 5979 5222 6773 5962 179  6586 683  716  1279 2636 1889 4868 2549 74   3221 998  3889 2122 4597 3326 5323 4622 6043 5926 6763 
3696 2635 1764 4505 3444 6235 5852 5265 1232 4275 5456 5355 6292 3519 4840 4329 6880 1323 1300 5229 2470 1969 1128 2165 1674 2315 2214 2513 2838 2747 3940 4191 5020 3131 4818 3337 976  153  5552 2043 328  4311 856  6759 1390 519  1864 1227 2330 1941 2774 2661 3208 3387 3634 4281 4190 5241 4922 6535 5622 6241 6266 431  44   983  1676 1579 3748 2237 6044 2857 502  3557 1546 4241 2746 4967 3998 5669 5326 6367 6658 
1105 4158 3875 1932 5395 4662 425  6688 2925 3248 5175 3328 2835 1672 5859 6380 5103 2960 2709 640  891  3710 2071 1416 2219 1938 2435 2538 2603 3162 2869 4540 4773 5452 3233 5370 3427 3088 963  56   3177 610  5547 1112 213  1598 849  2134 1623 2542 2319 3014 3063 3448 3837 3838 4659 4558 5991 5224 6769 5966 181  6590 691  722  1283 2644 1901 4892 2551 82   3229 1006 3907 2126 4603 3334 5333 4666 6047 5938 6779 
6384 2665 504  4433 3612 6215 5586 1775 1904 6435 5168 3465 1664 2205 2944 6783 6820 1449 1700 5439 2680 6561 5110 2167 1704 2335 2226 2515 2862 2735 3498 2977 5024 5205 6116 3341 5736 3569 5584 2061 344  4383 872  6813 1394 537  1886 1257 2338 1959 2776 2721 3262 3453 3638 4287 4202 5259 4936 6539 5626 6889 6278 433  50   991  1682 1583 3764 2239 6092 2861 514  3559 1574 4243 2762 4969 4006 5683 5342 6373 6662 
715  6426 3905 2142 5555 4644 575  6396 3775 3472 2475 4352 5775 1976 1155 3712 819  3280 2793 680  1863 3770 969  6680 2249 1974 2453 2478 2605 3186 2845 3942 3047 5536 5685 6692 3431 6042 3683 70   3231 632  5571 1118 219  1630 879  2146 1641 2546 2361 3026 3093 3454 3849 3842 4677 4568 5997 5230 6787 5974 191  6610 701  724  1289 2692 1907 4916 2557 86   3251 1018 3911 2138 4621 3338 5347 4678 6053 5942 6781 
2016 2717 672  4615 3654 6305 5236 1805 1104 5825 5264 1485 1768 3675 3016 2625 4216 1617 2300 5607 2750 189  5170 1431 476  2353 2322 2519 2886 2759 3576 2935 4266 3133 6148 6135 944  3587 6594 3817 370  4419 874  6849 1406 543  1898 1263 2344 1977 2782 2733 3266 3459 3656 4299 4210 5277 4942 6541 5630 3    6286 439  52   997  1684 1597 3788 2243 6124 2879 526  3571 1594 4253 2798 4973 4022 5689 5354 6379 6686 
935  6888 3965 2394 5665 4692 475  6432 3925 3344 6075 1568 3105 2176 1995 3784 4305 4888 3087 760  1377 3880 861  6710 1971 1148 2455 2562 2615 3198 2855 4002 3053 4578 3235 6716 6567 3152 3695 324  3961 638  5679 1130 237  1606 921  2152 1671 2570 2391 3032 3099 3464 3867 3854 4701 4570 6009 5246 6797 5986 193  6616 709  764  1291 2708 1913 4924 2579 94   3253 1042 3917 2174 4637 3386 5351 4682 6067 5998 6791 
3276 2755 756  4625 3808 6355 5628 1825 912  5975 5488 2145 5684 3135 3128 3045 4472 5565 5368 6003 1750 297  5240 1443 500  2343 1696 2533 2982 2761 3534 2965 4278 3139 5064 3349 1072 171  5648 3827 234  4063 890  81   1414 573  1912 1293 2354 1983 2786 2757 3272 3489 3658 4317 4234 5331 4952 6557 5646 5    6294 443  68   1009 1724 1601 3812 2251 6172 2887 538  3581 1618 4259 2818 4987 4034 5693 5366 6389 6694 
1045 4914 3995 2436 5605 4824 605  6588 4075 3408 95   1792 2805 896  4125 3496 4935 4862 6555 5698 2349 3910 903  400  1947 1184 225  2254 2623 3210 2881 4008 3065 4602 3239 5394 3437 3184 981  88   3959 708  4193 1166 249  1634 933  2158 1689 2626 2427 3034 3117 3470 3873 3874 4713 4582 6033 5254 6799 5982 197  6618 719  772  1297 2732 1931 4948 2591 106  3257 1046 3919 2182 4639 3394 5381 4694 6073 6002 6793 
3528 2875 924  4715 3822 6625 5772 1975 1134 6025 5136 305  4508 3705 1736 4785 4264 6195 5504 765  6328 351  5270 1419 532  5325 1694 885  2848 2771 3624 2981 4296 3143 4890 3353 5694 3589 5744 2097 374  4087 1164 4319 1426 579  1910 1299 2378 2019 2792 2787 3278 3513 3670 4341 4238 5349 4958 6559 5654 7    6296 449  76   1013 1732 1607 3868 2267 6196 2897 542  3583 1622 4261 2846 4993 4054 5701 5374 6397 6718 
1235 1008 4085 2464 5695 4836 6755 6534 4175 3504 115  288  545  616  4485 2632 5115 5032 2025 5768 1215 1936 897  6790 2001 1204 135  2272 2085 3424 2885 4074 3071 4632 3241 5406 3439 6102 3707 104  3303 646  4183 1746 4435 1688 939  2162 1707 2630 2433 3058 3147 3478 3891 3878 4737 4610 6051 5258 6801 5990 199  6632 727  788  1301 2738 1933 4996 2593 118  3259 1082 3923 2186 4643 3398 5387 4702 6079 6022 6803 
2772 2795 1152 4745 3906 6365 5724 2075 1392 6275 5232 335  1116 865  2072 4875 3416 6045 5432 825  6344 1845 1856 1551 544  5415 1708 1005 2852 3417 3956 2983 4326 3149 4902 3365 5754 3595 6648 3829 376  4491 902  4321 2358 4589 1918 1317 2390 2031 2794 2811 3286 3543 3674 4353 4246 5361 4966 6583 5662 11   6298 457  92   1019 1756 1609 3884 2269 6212 2903 554  3593 1642 4271 2854 4999 4058 5711 5378 6421 6722 
1495 2268 4015 2604 5681 4884 175  6612 4325 3536 125  396  565  2412 1135 2744 5655 4424 5625 5992 1275 2704 2655 4544 4365 1196 165  2312 2235 3476 3801 4532 3077 4674 3247 5448 3443 6162 3715 192  3973 658  5769 1162 4439 3084 4727 2168 1713 2648 2463 3064 3153 3490 3903 3886 4749 4616 6081 5272 6805 6008 211  6634 733  796  1303 2764 1949 5036 2609 122  3271 1094 3929 2194 4649 3418 5393 4714 6089 6038 6823 
4284 2915 1092 4807 6720 6851 5742 2225 1456 4455 5936 355  1332 895  3708 1285 3542 6345 5278 855  6424 1935 1984 3225 572  5475 1748 915  2884 3429 3950 4233 5044 3151 5010 3377 5778 3599 6666 3841 294  4097 904  15   1432 4595 3798 4855 2398 2049 2806 2823 3298 3561 3682 4359 4294 5367 4978 6587 5672 13   6302 461  98   1021 1772 1613 3908 2273 6236 2909 562  3607 1646 4273 2858 5003 4078 5717 5386 6427 6742 
1265 2352 4255 2646 5797 2520 3211 6636 4205 3584 5445 2548 635  2556 1141 5004 1405 4186 3645 5896 1305 4624 2535 4672 4335 1274 255  2324 2265 3484 3813 4484 4755 5548 3263 5430 3473 6168 3713 1458 3977 666  4195 1178 267  1702 4735 4626 5033 2662 2469 3070 3183 3502 3909 3890 4791 4630 6087 5282 6807 6010 223  6654 739  844  1307 2804 1951 5108 2617 134  3299 1114 3931 2206 4651 3442 5399 4742 6091 6046 6827 
4704 2431 1176 4895 3936 6721 3780 4901 1488 6425 6032 2295 3388 905  3852 1313 6228 1585 5434 525  6392 1815 2368 3525 608  5715 1804 1065 2888 3423 3980 4239 5054 5235 6164 3379 5784 3601 6690 3839 276  4103 1206 4331 1442 591  1928 4859 5484 5173 2810 2841 3302 3579 3686 4377 4298 5403 4982 6589 5678 19   6306 463  116  1031 1796 1619 3932 2281 6268 2917 566  3613 1654 4283 2866 5009 4106 5737 5398 6449 6746 
1375 4176 4199 2898 5735 4956 2299 5880 209  3726 155  2156 3315 1064 1145 5202 1415 168  1745 6016 1395 5776 2745 5056 4425 1276 105  2332 2355 3488 3819 4564 4833 5564 5691 6728 3455 6222 3737 60   3983 732  4207 1788 4453 1670 951  2198 5045 6282 5317 3074 3189 3512 3921 3896 4803 4634 6117 5288 6809 6014 227  6674 743  892  1319 2836 1973 5116 2621 142  3301 1126 3943 2218 4657 3446 5407 4754 6101 6074 6829 
4788 3055 1188 5015 3948 6565 5856 4961 2940 403  5424 365  6076 3795 2296 1315 6348 1643 408  1843 6578 2115 2624 3285 644  5895 1888 1095 2924 3435 4012 4215 5068 5253 6140 6141 1136 3611 6726 3859 342  4105 1212 4333 2364 4601 1930 1329 2414 5177 102  5485 3322 3603 3688 4413 4310 5433 4990 6593 5682 17   6310 467  124  1033 1828 1621 3964 2287 6284 2927 586  3617 1658 4289 2878 5011 4126 5741 5414 6451 6778 
1595 4464 2737 2904 5785 4998 725  6664 247  1890 551  468  655  952  4185 2926 1465 216  1765 594  1915 448  2775 5312 4545 1292 195  2356 2445 3556 3855 4556 4899 5540 5709 6740 6573 3376 3749 72   3979 726  4223 1812 4469 3114 4739 2216 1731 2674 5315 642  5629 3514 3957 3914 4821 4642 6159 5302 6817 6026 229  6682 751  908  1321 2876 1979 5132 2633 146  3307 1138 3947 2234 4663 3466 5413 4762 6113 6082 6833 
5292 3145 1248 4403 4092 6695 5814 2425 1536 407  3570 713  1452 955  2002 4995 3458 1649 456  1853 798  1985 2752 3555 736  5925 1862 1185 2948 3441 4018 4245 5084 5271 6176 6153 1168 207  5872 3845 306  4109 1278 4343 2388 4607 3804 4867 2410 2073 2822 5489 1374 5809 3704 4443 4318 5469 4994 6595 5718 29   6346 479  148  1039 1844 1627 3988 2293 6316 2939 614  3623 1678 4297 2894 5021 4138 5743 5422 6469 6782 
1615 6006 4465 2952 5215 5076 245  6708 4475 3792 559  2240 871  2628 1147 2968 5805 4466 1781 210  1927 918  2095 5696 4575 1312 345  2336 2505 3572 3939 4588 4767 5566 5745 6752 6585 3568 1017 128  3985 738  4213 1854 4471 3174 4741 4668 5053 2678 2481 3082 5633 2154 5977 3922 4827 4646 6189 5306 6821 6034 233  6698 757  916  1327 2908 1987 5156 2647 158  3313 1142 3967 2246 4673 3482 5417 4766 6121 6098 6841 
5376 2945 1224 4445 3876 6055 5916 2525 1776 6575 5632 2223 1540 1007 3450 1331 3752 5865 5624 1891 570  1991 1218 2173 748  6165 1876 1245 2996 3471 4028 4251 5050 5289 6244 6177 1264 243  5968 2151 406  4115 1236 4351 2466 4609 3972 4873 5526 5183 2824 2859 3310 5833 2946 6119 4328 5493 5002 6605 5726 23   6322 487  164  1049 1852 1637 4036 2297 6332 2953 622  3631 1706 4327 2902 5023 4162 5749 5426 6473 6814 
1625 3564 2765 2964 5285 5088 775  6678 4525 3952 4725 3872 2691 3850 1157 4650 1469 4648 495  6104 1937 930  2101 1410 2257 1316 285  2366 2595 3596 3945 4598 4809 5588 5727 6748 6591 3632 1083 110  3357 664  4237 1818 4487 3156 4747 4734 5057 6354 5321 3110 3207 3526 5983 3786 6283 4654 6207 5338 6819 6056 239  6702 761  932  1361 2932 1993 5164 2657 166  3319 1154 3989 2258 4679 3494 5419 4778 6131 6122 6857 
5796 3445 1368 4543 3978 6265 5976 2575 1782 6725 6256 5985 1408 3159 5060 1337 6180 1651 5474 975  6536 2041 1230 2177 1752 2329 1892 1335 3038 3477 4046 4371 5092 5295 6304 6183 1250 261  6064 2169 410  4527 938  4367 2502 4613 4014 4883 5532 5191 114  5497 3352 3639 3706 6127 4098 6401 5014 6609 5690 31   6366 491  172  1051 1868 1657 4052 2309 6388 2957 626  3637 1714 4337 2906 5039 4166 5779 5438 6481 6826 
1705 4608 2821 6840 5621 5112 845  6762 4775 3984 145  5408 1575 2432 3969 6460 1477 3440 5577 6118 1665 704  2117 1464 2245 1992 2461 2444 2685 3604 3993 4580 4887 5572 5757 6812 6603 3664 1143 130  3411 670  5787 1192 4499 3222 4757 4764 5063 6462 5327 654  5645 3538 3963 3926 6289 4458 6467 5362 6843 6058 241  6706 769  956  1367 2956 1997 5188 2659 178  3323 1174 4001 2302 4691 3506 5431 4786 6133 6134 6863 
6804 3245 1632 4459 6000 6643 5984 2675 1968 6775 5994 395  1144 945  2728 6279 5120 1701 1900 6039 6784 2175 3008 2183 1722 2363 2262 2537 3052 3495 4064 4323 5140 5307 6220 6213 1328 279  6128 2259 418  4581 946  21   1448 4619 4044 4885 5556 5195 138  5509 1398 5815 3736 4449 4330 6403 4854 6611 5710 37   6376 499  188  1061 1916 1663 4076 2311 6404 2963 634  3643 1718 4339 2918 5051 4174 5783 5458 6491 6866 
1885 5328 2905 2976 5831 4140 2527 6786 4805 4048 205  588  685  2392 1785 3968 5313 3760 3339 920  2511 832  3015 6208 2263 1998 2471 2490 2627 3616 3999 4606 4917 5620 5763 6844 6645 3728 1179 136  3447 682  5823 1208 291  1730 4763 4812 5065 6492 5339 678  5663 2202 5989 3928 4839 4658 6463 5142 6839 6054 251  6712 773  964  1373 2972 1999 5204 2663 194  3329 1186 4003 2306 4703 3518 5437 4798 6143 6158 6869 
6468 3335 1404 4585 3996 539  2040 4753 2064 6845 6096 415  1476 959  3224 3885 4408 1911 2420 6027 2840 231  3392 3735 812  2369 2328 2561 2910 2773 4108 4395 5194 5319 6250 6231 1424 333  6224 2313 424  4689 962  27   1462 597  1946 4891 5598 5201 174  5513 1434 5837 2994 6139 4334 5541 5018 6613 5734 41   6378 503  212  1063 1922 1667 4084 2333 6428 2969 662  3659 1726 4349 2942 5059 4178 5791 5462 6521 4    
1955 4212 2849 3096 5495 5244 2597 5130 6713 4272 185  612  695  2844 1159 3944 4515 5192 2961 1000 2997 4030 957  6464 4635 1352 2479 2568 2629 3270 2893 4628 4947 5612 5781 6764 6657 3824 1233 152  3501 686  5877 1222 303  1738 993  2222 5069 6564 5345 762  5671 2238 5993 3846 6295 4696 6243 5384 6835 6062 257  6730 787  1004 1381 3004 2003 5212 2671 202  3331 1198 4007 2326 4721 3554 5441 4822 6151 6166 6871 
1512 3355 1656 4697 4056 6335 6138 4949 4050 259  6288 445  1548 965  3924 1333 4664 6375 5512 6069 2920 357  5330 1479 836  6225 1952 2545 2958 2779 3618 2987 5216 5343 6260 6291 1552 363  6352 2367 430  4707 970  33   1490 633  1958 1347 2422 5207 186  5515 1446 5855 3018 6145 4146 6407 5026 6617 5738 43   6386 509  236  1069 1948 1669 4124 2339 6436 2971 674  3671 1754 4357 2962 5077 4198 5801 5482 6529 2    
2015 5508 3115 3132 5705 5256 925  6816 6727 360  497  684  745  2988 1165 5364 1501 4774 675  6136 3321 4040 987  2500 2037 1364 375  2492 2641 3288 2899 3930 3073 5644 5811 6850 6681 3856 1251 154  3573 710  5931 1246 309  1742 1011 2230 1761 2666 5353 786  5677 2274 5999 3858 6313 4506 6485 5154 6847 6070 263  6738 797  1028 1399 3028 2011 5228 2677 206  3343 1202 4013 2342 4723 3566 5443 4834 6163 6178 6883 
1848 3515 1716 4795 4128 6655 5922 2645 2106 287  1140 679  1692 973  4068 1339 6390 1679 5576 735  6808 273  5480 1491 550  2247 1924 1455 3068 2785 3738 2993 4344 3155 6308 6303 1616 369  6416 2421 434  4869 986  39   1474 669  1970 1371 2438 2103 2830 5533 1506 5873 3054 6155 4206 6415 4866 6623 5752 47   6394 521  242  1087 1964 1693 4132 2341 6452 2999 694  3673 1762 4363 2966 5081 4222 5807 5498 6547 1    
