6048 2125 5808 3115 3132 5621 3900 2299 6720 6253 6930 377  1890 767  630  1177 4060 3627 6650 4719 2450 6171 1750 297  5890 1551 1220 2667 2528 3435 3836 4551 5150 5709 6550 6837 2864 1791 182  5193 938  339  1670 1497 2414 2811 3176 3805 6342 4265 666  4705 2718 5165 5058 5615 318  6115 2454 6593 4962 961  5944 101  6582 601  388  1181 2276 1789 4412 2441 6836 3137 758  3821 1874 4519 3086 5261 4358 5981 5666 6709 
3575 2688 3515 1632 4697 5520 6919 5040 3887 3780 221  2100 559  4830 1003 2850 1339 5390 4329 4880 5577 1330 1863 4280 987  260  2133 1850 2943 3164 4017 4540 5157 5746 6291 304  507  6064 3447 574  6921 1334 921  2056 2127 2774 3489 3544 4009 1458 4469 1602 4913 3804 5377 6492 5909 1338 6395 3678 6847 5558 6459 6266 337  6946 881  1244 1487 3316 2129 5708 2777 274  3491 1286 4157 2458 4909 3734 5639 5042 6329 6406 
7056 2185 5508 3157 6840 6083 5220 2783 6300 6413 1680 403  2310 779  1050 1189 4260 1501 6860 4743 3700 6201 2030 351  5830 1593 1210 2679 2540 3441 3820 4587 5194 5727 6556 6855 2896 1899 184  5283 946  393  1688 1509 2422 2823 3178 3809 6438 4249 708  4709 2724 5173 5172 5627 354  6119 2514 6595 4974 1369 5954 103  6584 607  404  1187 2284 1801 4418 2447 6884 3163 766  3823 1882 4523 3098 5273 4406 5987 5674 6719 
4675 2184 3565 1824 4823 6960 6923 2040 4477 4200 247  2940 589  5250 989  2860 1343 5340 1643 5000 3339 1480 1539 4360 969  350  2139 1892 3009 3140 4023 4556 5181 5782 6315 368  549  6128 3501 584  6957 1336 933  2074 2157 2782 3513 3530 4037 60   4471 1644 4915 3972 5383 6564 5911 1362 6401 3702 6859 5574 31   6198 347  6974 883  1252 1489 3356 2131 5716 2789 278  3499 1294 4159 2462 4919 3742 5641 5062 6337 6418 
6552 2255 6156 3311 3600 5957 4950 2303 5160 6647 5670 407  2730 781  1120 2907 4340 1507 6370 4959 4100 6069 3250 231  5960 1599 1276 1095 2656 3471 3892 4605 5216 5745 6566 6873 3056 2007 190  5337 962  411  1702 1527 2438 2841 3182 3817 6456 4267 726  4711 2748 5177 5094 5629 366  6127 2526 6605 5034 1681 5946 107  6586 613  412  1193 2308 1811 4436 2459 6892 3167 778  3833 1894 4547 3106 5279 4414 6007 5686 6733 
5225 2856 3625 1836 4921 1800 7021 2760 4067 7040 299  3150 583  5320 1287 3220 3159 5740 3933 5360 3381 1640 2349 4370 999  340  2163 1924 2445 3196 4035 4564 5205 5764 6351 496  603  6224 3573 590  81   1342 939  2086 2181 2786 3543 3562 4031 72   4487 1668 4927 4014 5389 6606 5921 1374 6403 3714 6865 5608 37   6234 349  6978 887  1268 1493 3362 2137 5732 2791 298  3511 1306 4177 2474 4931 3746 5647 5078 6343 6434 
4032 2365 5904 3367 2880 6061 5580 2527 5610 5887 3520 437  3570 793  1400 2673 4640 3663 560  4797 4300 6111 3230 273  6040 1647 1292 1185 2596 3477 3916 4611 5252 5763 6572 6915 3088 2043 230  5391 970  417  1730 1563 2456 2859 3206 3811 6474 4279 732  4717 2796 5183 5196 5633 402  6139 2586 6611 5118 1849 5962 109  6590 617  428  1201 2348 1823 4468 2467 6932 3169 794  3847 1906 4549 3118 5281 4426 6011 5702 6737 
5525 3192 3655 1944 4991 2340 7049 2970 4361 1620 161  660  611  6090 1007 3400 3591 5980 4617 5680 3549 1720 2511 4510 1029 380  2187 1952 2505 3212 4029 4580 5211 5792 6303 464  639  6352 3609 598  21   1370 951  2104 2199 2792 3561 3586 4033 84   4499 1734 4939 4044 5401 6684 5917 1398 6407 3786 6881 5622 41   6262 353  6986 907  1324 1499 3412 2141 5756 2797 302  3517 1318 4201 2498 4933 3754 5651 5086 6353 6442 
5544 2405 6768 3395 3366 6251 5100 2597 5720 6223 6080 413  1380 799  1470 1199 4420 6699 1840 1911 4700 6273 2590 459  6110 1659 1312 1245 2668 3495 3956 4671 5260 5757 6596 6939 3152 2061 232  5409 986  447  1738 1569 2482 2901 3208 3827 6486 4285 738  4727 2826 5191 5268 5645 426  6145 2598 6613 5142 2209 5966 113  6610 619  436  1213 2372 1831 4492 2473 6962 3181 802  3851 1934 4561 3134 5297 4442 6029 5714 6761 
6175 1848 3835 2052 4795 4128 539  3000 4753 4050 203  780  553  1740 1027 3180 1349 6500 693  5840 3717 1880 3321 4520 1023 460  2193 1988 2595 3172 4047 4588 5253 5828 6357 512  657  6416 3681 602  15   1358 993  2110 2217 2794 3579 3590 4039 96   4501 1746 4955 4086 5411 6714 5933 1434 6415 3846 6887 5614 6483 6278 359  6994 911  1348 1511 3428 2143 5788 2801 314  3527 1322 4211 2518 4937 3758 5653 5098 6359 6458 
6336 2375 6192 3451 3348 5845 5382 2891 6210 6419 900  427  1500 791  2250 1169 4350 1477 1520 1953 5300 6321 3320 357  6280 1653 1316 1335 2684 3507 3940 4623 5324 5811 6620 6963 3184 2097 238  5463 994  453  1742 1623 2486 2913 3262 3831 3806 4291 774  4735 2868 5195 5274 5663 438  6155 2634 6617 5154 2809 5974 127  6616 631  452  1217 2396 1847 4516 2477 6964 3187 818  3853 1942 4567 3142 5303 4474 6037 5722 6763 
2275 4224 1547 3960 5083 4392 6685 6204 4693 4400 217  990  581  1760 973  3330 1351 5490 1649 6320 3843 1870 2997 4730 1107 490  2211 1972 2685 3232 4053 4598 5217 5860 6369 592  711  6544 3771 610  27   1378 1011 2114 2229 2806 3595 3592 4043 90   4511 1788 4963 4122 5429 6756 5935 1446 6431 3858 6893 5626 6537 6286 367  7006 919  1388 1523 3436 2153 5804 2803 326  3529 1346 4217 2554 4943 3778 5657 5102 6361 6502 
4752 6475 1728 3689 4800 6149 5664 845  6996 6713 6400 469  1530 817  2430 1207 4380 1513 6390 1739 5780 6327 2170 513  6230 1677 1372 1455 2756 3531 3950 4683 5290 5781 6604 6945 3376 2151 248  5517 1010 471  1778 1641 2488 2931 3266 3829 6504 4303 804  4739 2892 5201 5316 5671 474  6157 2658 6623 5178 3481 5986 131  6618 641  508  1223 2404 1861 4604 2503 6988 3191 838  3863 1954 4583 3158 5309 4478 6043 5758 6779 
2975 4104 1309 4680 5117 2400 637  6324 2645 2256 253  1020 623  1860 1037 3450 1363 5550 1651 810  1883 2120 3483 4690 1131 500  2241 2044 2715 3268 4071 4628 5271 5876 6447 656  747  6704 3789 632  33   1384 1041 2134 2253 2810 3601 5874 4045 108  4529 1812 4979 4164 5435 6822 5941 1506 6433 3882 6901 5630 6609 6296 373  7010 929  1396 1531 3452 2161 5812 2819 334  3533 1354 4219 2558 4951 3802 5659 5114 6367 6506 
5616 4375 2496 3619 7020 6293 5700 2989 3072 4805 4848 451  1710 803  1820 1241 4550 1529 6420 1769 5900 6363 3410 621  6290 1743 1340 2697 2716 3537 3980 4731 5332 5817 6644 6951 3568 2169 250  5547 1016 489  1784 1671 2494 2949 3272 3841 6594 4295 846  4741 2934 5207 5388 5677 498  6161 2694 6629 5224 6009 5990 137  6632 643  524  1229 2428 1867 4612 2521 7012 3203 842  3877 1966 4591 3166 5323 4486 6047 5774 6781 
6545 4968 1463 5400 5159 2700 833  3480 4949 2544 7025 6992 629  6440 1683 3500 3267 5950 1661 3750 1853 2090 3807 4750 1113 550  2247 1940 2967 3260 4077 4606 5235 6004 6453 688  801  6736 3879 638  39   1390 1047 2146 2271 2822 3603 3598 4055 126  4531 1818 4981 4188 5447 6828 5947 1542 6437 3918 6905 5654 6621 6298 379  7016 937  1412 1543 3508 2179 5836 2833 346  3539 1366 4229 2566 4957 3814 5669 5158 6373 6514 
3744 1225 3264 3731 2160 6307 5850 3179 6360 6727 4944 235  1452 871  1960 2277 4940 4059 2000 1781 6050 6417 2870 429  6520 1767 1352 2703 2620 3567 4012 4665 5344 5829 6716 6981 3632 2259 266  5553 1022 501  1786 1689 2504 2973 3278 3837 3818 4307 852  4763 3006 5213 5484 5699 534  6167 2742 6631 5222 6033 6008 139  6634 647  548  1231 2452 1871 4652 2531 7036 3209 862  3881 1982 4597 3194 5333 4502 6053 5794 6791 
1925 4992 1645 2088 5291 3420 847  3510 4961 5200 259  288  545  3204 1067 3800 3927 6760 1071 6640 4221 2210 4293 4930 1161 580  2289 2020 3021 3296 4065 4636 5289 5908 6441 752  867  6896 3897 646  69   1394 1059 2152 2283 2824 3611 3614 4061 132  4535 1854 4985 4194 5455 6852 5951 1578 6439 3954 6913 5662 6639 6302 383  7026 941  1436 1549 3524 2203 5884 2837 358  3541 1382 4231 2578 4967 3826 5683 5182 6379 6518 
4896 5929 3648 3535 3384 6391 6660 3283 6630 6811 360  473  1476 785  4572 1211 4960 5313 2320 2331 6100 6489 3560 399  6490 1809 1364 2751 2740 3597 4018 4695 5348 5835 6692 6969 3664 2313 286  5571 1030 519  1790 1707 2506 2991 3286 3839 6648 4309 876  4747 3012 5219 5532 5707 582  6169 2766 6635 5246 6051 6010 149  6654 653  556  1237 2468 1873 4684 2539 16   3217 866  3889 1994 4603 3202 5347 4534 6067 5806 6793 
5005 6264 1715 1716 4865 4428 931  3720 5047 6800 287  1140 649  3042 985  6012 1357 6560 819  800  4263 2360 4941 4810 1173 620  2301 2048 3051 3340 4089 4676 5295 5978 6465 848  873  6928 3951 658  51   1406 1077 2158 2307 2830 3629 5838 4063 150  4537 1884 4997 4236 5459 6894 5959 1614 6443 3966 6931 5672 6663 6310 389  7042 947  1468 1553 3532 2207 5924 2843 362  3547 1402 4241 2582 4969 3862 5689 5186 6389 6542 
5472 7007 4416 3605 3552 5875 5346 2873 6270 6877 480  481  3990 851  4716 1165 6948 1537 880  2499 6700 6579 3290 561  6680 1749 1376 1515 2788 3633 4028 4755 5356 5883 6728 6987 3728 2367 290  5679 1034 537  1798 1713 2510 3027 3298 3845 6666 4313 948  4757 3084 5221 5526 5713 618  6179 2778 6641 5230 6081 6014 151  6674 659  578  1249 2476 1877 4724 2543 6    3221 878  3907 2018 4621 3214 5351 4538 6073 5818 6803 
2695 6528 1729 2208 5035 4004 6785 6272 4901 4620 323  4410 667  6510 1073 6228 1345 378  1679 1100 4473 2440 4779 4970 1209 740  2337 2068 2865 3404 4137 4708 5307 6028 6477 944  909  7024 3987 664  57   1414 1101 2162 2319 2834 3635 5886 4069 198  4541 1926 5017 4302 5461 6924 5963 1626 6445 4038 6937 5678 6711 6322 397  7046 953  1492 1559 3548 2213 5932 2851 382  3557 1418 4243 2594 4973 3866 5693 5218 6397 6598 
6624 385  5568 3745 3588 5945 5236 2925 1232 6929 6160 493  3080 893  1540 1219 168  1465 546  1817 440  6741 3770 627  6670 1833 1420 2727 2812 3585 4064 4767 5350 5871 6740 729  3824 2421 296  5769 1048 543  1802 1731 2522 3039 3302 3859 6690 4319 954  4765 3156 5245 5556 5723 606  6181 2802 6649 5254 6087 6026 157  6682 661  596  1259 2524 1879 4748 2549 8    3229 886  3911 2026 4637 3218 5381 4546 6079 5834 6823 
3185 6696 1771 2232 5125 4256 5265 6496 6885 3248 5967 5600 6669 7000 1989 3850 1387 384  1585 702  1891 2470 5427 5080 1221 820  2373 2050 3081 3424 4155 4756 5319 6052 6501 976  927  100  4041 670  87   1426 1119 2168 2361 2872 3639 3634 4087 156  4553 1956 5027 4308 5465 7002 5965 1662 6455 4062 6941 5690 6717 6346 401  7048 967  1516 1567 3628 2221 5948 2857 386  3559 1438 4253 2602 4987 3898 5701 5234 6421 6602 
3168 455  5832 3773 3816 5885 5152 6435 2128 6075 5264 3861 4480 5643 3200 2691 4840 1517 552  1745 798  1943 3010 663  6790 1887 1450 2739 2650 3621 4108 4773 5372 5889 6748 7005 3856 2439 310  5787 1054 573  1810 1761 2534 3057 3310 3849 3830 4321 996  4769 3114 5249 5598 5729 642  6185 2874 6667 5262 3721 6034 163  6698 673  604  1277 2564 1889 4772 2551 10   3251 898  3917 2038 4639 3226 5387 4562 6089 5854 6827 
3325 4488 1855 2484 5135 4452 6815 6664 2475 3472 1755 1568 5049 2800 1881 4000 4641 6380 1673 744  1835 984  1969 5110 1269 650  2343 2060 3111 3350 4161 4660 5343 6068 6495 1072 963  196  4107 682  111  1432 1137 2198 2391 2882 3647 3638 4083 3926 4555 1962 5029 4338 5473 7044 5969 1686 6457 4098 6943 5646 43   6294 409  64   971  1532 1571 3644 2237 5956 2861 394  3571 1454 4259 2606 4993 3902 5711 5242 6427 6614 
6864 665  2112 3815 3762 6035 5166 925  1456 6525 5168 3105 2548 6831 2380 2871 5920 6279 2480 1793 888  1915 1032 2077 6710 1869 1460 2769 2780 3657 4046 4833 5380 5901 6752 45   4016 2493 322  5823 1066 579  1816 1779 2536 3063 3322 3865 3832 4227 4072 4771 3174 5251 5604 5731 654  6187 2922 6671 5258 4489 5982 167  6702 677  628  1279 2572 1901 4804 2557 14   3253 914  3919 2042 4643 3238 5393 4574 6091 5878 6829 
4025 5304 2065 2244 5215 4446 6985 6318 2675 2992 4095 3872 4185 5684 2223 3680 4389 6880 1197 1280 1897 1026 1981 1230 2177 836  2379 2108 3129 3460 4173 4768 5373 6112 6507 1136 981  256  4113 686  93   1442 1149 2216 2427 2914 3649 5934 4097 3928 4353 4210 5033 4404 5485 48   5971 1698 6463 4146 6953 5682 47   6306 419  12   977  1556 1579 3676 2239 5972 2879 398  3581 1466 4261 2614 4999 3946 5717 5266 6449 6626 
5148 805  5952 3857 3936 5995 5418 1025 7038 4825 5456 6615 1408 4875 1288 3069 5800 6783 2560 2541 520  1939 690  2101 1326 2165 1484 1545 2848 3699 4114 4809 5396 5907 6764 63   4112 2523 328  5877 1070 591  1826 1797 2542 3093 3346 3869 6726 4315 4082 4467 4346 5255 5634 5747 678  6191 2946 6677 5272 5041 6054 173  6706 683  652  1283 2588 1907 4852 2579 22   3257 922  3923 2062 4649 3242 5399 4586 6101 5906 6833 
4165 5016 2093 5280 5369 4512 6935 6372 2725 2754 625  4352 6825 2432 6105 2296 3519 6820 1323 1300 4557 2530 2033 1218 2045 1554 2263 2132 2895 3476 4179 4780 5379 6140 6513 1168 1017 484  4149 710  123  1448 1167 2222 2433 2930 3641 5910 4103 204  4559 4234 4647 4456 5489 162  5977 1758 6467 4206 6973 5710 53   6366 421  18   983  1588 1583 3698 2243 5996 2887 422  3583 1478 4271 2638 5003 3958 5737 5294 6451 6638 
6912 595  2304 3913 2640 6409 5412 1075 576  4925 5022 265  1496 2205 3224 5625 2926 4131 2960 2583 640  6867 3880 2119 1416 2195 1794 2321 2828 3615 4148 4887 5404 5973 6844 75   4208 2529 344  5931 1090 597  1832 1803 2546 3099 3352 3883 6744 4331 1014 4777 4354 4791 4610 5753 762  6193 2994 6683 5286 5329 6056 179  6712 691  668  1289 2612 1913 4868 2591 26   3259 926  3929 2066 4651 3254 5407 4594 6113 5914 6841 
4235 5928 2135 2508 5551 1980 1127 6396 2825 2832 35   396  565  2552 1785 4136 585  3542 4563 1700 4599 2680 5751 5170 2173 1608 2257 1974 2419 3484 4191 4820 5421 6148 6531 1264 1083 676  4167 712  129  1474 1191 2230 2463 2936 3651 3656 4105 228  4571 2004 5045 4462 4881 4718 5983 1842 6485 4254 6979 5718 59   6376 431  20   991  1604 1597 3716 2251 6044 2897 446  3593 1486 4273 2642 5009 3974 5741 5314 6469 6646 
5184 875  4356 3955 3828 6461 1080 3479 2916 4975 5136 295  1548 815  3496 2457 5032 1215 4424 5031 680  6897 3430 741  6920 2197 1770 2329 2130 2489 4150 4893 5420 5943 6812 99   4304 2547 370  5949 1096 633  1834 1821 2570 3117 3358 3867 3838 4333 1062 4781 3222 5257 4616 5091 4858 6227 3018 6697 5282 6241 6058 181  6730 701  692  1291 2636 1931 4892 2593 34   3271 934  3931 2078 4657 3274 5413 4618 6121 5926 6857 
4655 6072 2261 2574 5185 4554 1183 4440 5203 2928 55   252  635  3468 995  4216 2625 5434 1725 4984 5589 910  5913 5240 1239 850  2279 1992 2429 2346 2537 4796 5397 6116 6519 1250 1143 1156 4203 730  141  1462 1203 2242 2469 2938 3661 3658 4101 3938 4573 2034 5053 4476 5497 4726 5223 4952 6487 4314 6989 5726 6729 6386 433  28   997  1636 1601 3748 2267 6092 2903 454  3607 1502 4283 2654 5011 3986 5743 5318 6473 6658 
6732 1015 6084 4123 3996 6055 5676 3211 2520 143  5232 305  1692 835  4932 1195 4862 3255 6016 2325 5698 7011 3710 759  6890 1917 1504 2335 2214 2483 2538 2587 5428 5955 6868 117  4336 2637 374  6057 1102 669  1846 1839 2626 3147 3368 3873 3842 4269 4090 4811 3228 5263 5706 5755 4886 5361 5026 6707 5288 6117 6062 191  6738 709  716  1297 2644 1933 4916 2609 38   3299 958  3943 2098 4663 3314 5417 4622 6131 5938 6863 
5075 1584 2345 2652 5285 4524 6755 6408 5239 5880 319  468  655  3492 1043 6348 1355 5512 4515 6578 3015 6328 6399 5270 1281 860  2403 2144 2435 2424 2515 2706 2653 6164 6549 1328 1179 1444 4311 742  177  1490 1227 2248 2481 2954 3653 3670 4109 3970 4359 4238 5063 4518 5509 36   5989 4958 5541 5134 5799 5734 6753 6394 439  32   1009 1676 1607 3764 2269 6124 2909 458  3613 1514 4289 2722 5021 3994 5749 5326 6481 6662 
2376 1085 1296 4081 3876 6095 5688 1175 336  187  1260 517  1908 865  5004 1205 216  1535 6136 6405 2704 3555 2752 483  6970 1947 1508 1605 2842 2491 2478 2599 2958 2759 6850 147  4432 2763 376  6093 1106 681  1864 1851 2630 3153 3370 3891 3854 4281 4094 4479 4366 5267 5748 5759 786  6209 5030 5637 5302 6159 6070 193  6754 719  722  1301 2692 1949 4924 2617 46   3301 974  3947 2102 4673 3326 5419 4666 6133 5942 6869 
5425 1872 2233 5760 5467 4644 6895 6432 3125 3078 341  840  671  3636 1055 6444 1379 408  1655 6536 7035 1216 4575 6208 1311 868  555  2204 2955 3488 2533 2814 2651 3144 2839 1424 1233 2116 4383 754  159  1498 1257 2264 2487 2984 3667 3674 4115 3934 4377 4246 4659 4490 5513 24   5993 1866 6493 5138 5847 5738 6801 6398 443  44   1013 1682 1609 3788 2273 6172 2917 466  3617 1522 4297 2734 5023 3998 5779 5342 6491 6686 
2808 1295 864  4277 3240 6479 5724 1445 432  5275 5424 527  3640 869  5202 1243 4650 1541 594  1765 4624 3735 3008 5475 416  165  1564 1635 2852 3723 4192 2603 2982 2761 3294 2899 4496 2799 406  6147 1112 687  1886 1857 2648 3183 3374 3893 6792 4343 4102 4497 4376 4803 4630 5761 822  6233 3054 6731 5306 6189 6086 197  6758 727  724  1303 2708 1951 4948 2621 58   3307 982  3967 2122 4679 3334 5431 4678 6143 5998 6871 
5635 2448 2387 6120 5453 3060 1421 6534 3175 3216 65   588  697  3920 1079 3540 1391 5820 1687 858  1865 6622 4635 6464 6675 884  465  2212 2985 3556 4209 4828 2701 3162 2815 3498 2947 3364 4419 776  183  1510 1263 2266 2517 3002 3665 6024 4117 234  4577 4294 4677 4498 4911 4738 5999 1878 6497 4362 6995 5752 6807 6410 449  50   1019 1684 1613 3812 2281 6196 2927 478  3623 1538 4327 2746 5039 4006 5783 5354 6521 6694 
3432 1435 936  4543 3120 6517 6900 3577 528  5575 5488 335  2028 899  2460 1247 4740 1561 6450 1799 918  1937 3392 5715 476  285  1628 1695 2884 3729 4172 4929 5450 2773 3306 2911 3768 3013 410  6219 1118 699  1898 1893 2662 3189 3382 3899 6798 4351 1068 4819 4378 4821 4634 5097 4870 6239 3126 6739 5298 6889 6088 199  6770 733  764  1307 2732 1973 4996 2633 62   3313 998  3989 2126 4691 3338 5437 4682 6151 6002 6883 
6125 2592 2485 2664 5423 3840 1519 4290 5243 3344 2295 1792 685  3708 1057 3630 1393 6030 1691 180  1903 510  1991 6592 6705 928  615  2236 3165 3572 4215 4832 5451 6176 2845 3534 2965 4008 3073 782  201  1526 1293 2270 2559 3014 3669 3686 4121 276  4579 2076 5057 4504 4971 4744 5241 4966 6499 4398 7003 5762 6819 6430 457  52   1021 1724 1619 3868 2287 6212 2939 482  3631 1546 4337 2762 5051 4022 5791 5366 6529 6718 
3456 1001 1152 4345 2898 6721 1920 3703 6750 2401 5632 3315 3388 895  5364 1253 4770 1577 6540 1807 120  1957 750  2117 532  195  1652 1905 2888 3741 4228 4899 5452 6015 6908 2921 3774 3017 4110 3127 1130 717  1910 1923 2666 3207 3406 3901 6810 4367 1098 4829 3252 5269 4646 5127 4898 5367 5038 6749 5322 5    6094 211  6766 739  772  1319 2738 1979 5036 2647 74   3319 1006 4001 2138 4703 3386 5441 4694 6163 6022 6899 
5915 2736 2555 2784 5335 4662 1859 4590 5341 960  301  4864 4485 616  1081 3660 1397 6020 1703 300  1909 330  2041 1242 2095 968  645  2254 3201 3550 4233 4844 5385 6244 6585 1552 2977 3930 3077 4296 3193 1528 1299 2278 2571 3026 3683 5970 4141 294  4589 2148 5065 4548 5515 4792 5259 4978 5583 5144 7009 5786 6843 6446 461  68   1031 1732 1621 3884 2293 6236 2953 502  3637 1574 4339 2798 5059 4034 5801 5374 6547 6722 
3672 1505 792  4355 3108 6205 5586 3509 720  77   540  497  1672 5535 1064 1261 4980 1633 6570 1819 210  1961 870  2123 1464 2201 1666 1965 2924 3753 4214 4917 5516 6063 6958 153  4528 3029 4170 3131 4482 3241 1912 1929 2674 3261 3434 3937 6834 4379 1164 4835 3258 5287 5766 5765 4904 5403 5048 5667 5338 6207 6106 223  6774 743  788  1321 2764 1987 5108 2657 82   3323 1018 4003 2174 4721 3394 5443 4702 6173 6038 6907 
6325 3888 2639 2904 5375 4312 6955 6588 5491 4160 329  1170 679  2584 6345 2408 1403 6060 1711 450  1919 390  2047 1272 2105 1722 2285 2272 3171 3580 4239 4850 5457 6220 6567 1616 1251 3844 3091 4326 3197 4674 3305 2282 2577 3032 3679 6018 4135 306  4595 2166 5069 4596 5533 42   6001 4982 5601 5146 5853 5770 6861 6454 463  76   1033 1756 1627 3908 2297 6268 2957 514  3643 1594 4349 2818 5077 4054 5807 5378 6551 6742 
3024 2431 6480 4403 4056 6235 5628 1325 624  119  600  511  1650 889  3608 3645 2618 1591 6780 1829 270  1967 930  2147 1518 2215 1806 2353 2890 3783 4220 4953 5536 6021 6940 171  4688 2817 424  3133 4494 3247 4806 3385 2678 3273 3422 3935 6846 4381 1206 4837 3324 5293 5844 5767 834  6245 5066 5703 5362 6243 6130 227  6794 751  796  1327 2804 1993 5116 2659 86   3329 1042 4007 2182 4723 3398 5449 4714 6197 6046 6911 
6875 3864 3553 6240 5593 4576 7015 6612 3275 3408 343  1350 689  2070 1099 4264 855  3094 1727 700  1921 570  2051 1290 2183 1674 2291 1998 2443 3596 4251 4876 5487 6250 6573 1648 1341 5476 4491 790  3223 4710 3317 5214 3437 3034 3687 3682 4145 342  4601 2172 5071 4626 5539 30   6013 1902 6503 5162 5919 5798 6879 6466 467  92   1039 1772 1637 3932 2309 6284 2963 526  3659 1618 4357 2846 5081 4058 5813 5386 6553 6746 
4368 2465 1344 4807 6000 6601 5742 1475 648  5675 5994 533  4760 913  2550 1267 4888 1305 4186 5247 280  1963 1110 2149 1410 2219 1830 2359 2190 2497 4232 4947 5540 6099 6950 207  4802 2853 418  6309 1162 3263 4794 3401 5394 3521 3448 3903 3874 4369 1212 4841 3372 5299 5892 5771 894  6259 3138 6743 5384 6249 6142 229  6802 757  844  1361 2836 1997 5132 2663 94   3331 1046 4013 2186 4729 3418 5471 4742 6199 6074 6917 
3025 4914 3685 1428 5681 3300 1813 6688 3425 3504 85   684  713  2240 1111 3690 1411 3458 1815 5278 5661 770  2059 1254 2191 1590 2317 2010 2449 2472 2545 4972 5523 6260 6591 1712 1359 6724 4527 806  213  1544 3341 5010 3439 5478 3695 3688 4119 3962 4607 2286 5089 4668 5543 54   6005 1986 6505 4434 7031 5816 6891 6470 479  98   1049 1796 1657 3964 2311 6316 2969 538  3671 1622 4363 2854 5087 4078 5821 5398 6563 6778 
4536 2585 5824 4465 3234 6851 1320 3757 912  5725 5936 355  2124 901  2580 1273 5060 4437 4648 2385 5768 6903 3910 2171 1566 2227 1896 2363 2226 2495 2562 2605 5548 6123 6956 243  4912 2883 430  6381 1166 723  1918 3397 5370 3523 5736 3941 3886 4287 4118 4847 3396 5305 5958 5773 906  6281 3246 6751 5402 6261 6146 233  6806 761  892  1367 2876 1999 5156 2671 106  3343 1082 4019 2194 4733 3442 5477 4754 6203 6082 6947 
4225 4872 3875 1386 5365 4824 2009 5130 5537 3536 2565 2156 695  3852 1121 3740 5187 5120 4653 5432 3075 6902 6723 5480 2167 1704 2305 2046 2455 2418 2563 2712 2669 6304 6603 1744 1413 40   4581 808  219  1534 1317 2290 3443 5496 3707 6042 4151 3982 4413 4298 5093 4734 5545 66   6019 2022 6509 4458 7033 5822 6927 6472 487  116  1051 1828 1663 3988 2333 6332 2971 542  3673 1642 4373 2858 5099 4106 5827 5414 6569 6782 
3696 2635 4928 4495 2912 6215 5772 3751 1200 133  6032 3375 3724 905  5436 1271 5500 6993 3280 5301 5992 3975 3776 609  7030 2231 1914 2369 2262 2501 2568 2611 3030 2771 6980 261  4976 2979 434  6471 1178 753  1928 1941 2686 3545 5694 3949 6858 4385 4142 4533 4382 5311 5988 5777 942  6283 3282 6757 5416 6267 6152 239  6824 769  908  1373 2908 2003 5164 2677 118  3347 1094 4021 2206 4751 3446 5479 4762 6211 6098 6949 
1105 4158 3895 1638 5405 4836 6965 6708 5687 5440 6237 5408 4125 728  1115 6498 1417 1600 1449 2420 6003 6734 4815 6976 1353 940  2323 2058 2453 2370 2561 2838 2681 3186 2863 1808 1467 56   4689 814  237  1558 1329 2294 2589 3058 3713 6102 4163 348  4609 4310 4701 4514 5549 78   6017 2082 6511 4506 7037 5842 6933 6478 491  124  1061 1844 1667 4036 2339 6388 2999 554  3677 1646 4391 2866 5101 4126 5839 5422 6571 6814 
6384 2665 1764 4505 3402 6365 5856 1675 816  91   2720 4851 1768 5115 1624 1255 264  1589 3440 2793 1000 6633 3904 5895 544  1971 1550 2407 2322 2507 2670 2627 3048 2779 3336 2923 5008 3033 442  6543 1192 771  1930 1959 2690 3279 3454 3953 6870 4387 1236 4843 4390 4827 4642 5789 978  6289 3342 6767 5410 6297 6154 241  6818 773  916  1381 2932 2011 5188 2683 122  3359 1114 4027 2218 4759 3466 5483 4766 6217 6122 6959 
715  5208 3905 1596 5395 4692 175  6786 3475 3726 371  2080 2079 2944 6375 2002 1385 456  1717 2300 4977 2840 441  6848 6795 988  2397 2140 2471 2442 2567 2862 2705 3198 2855 3576 2981 70   4707 824  249  1562 1347 2314 2631 3064 3693 3704 4169 372  4613 2292 5111 4526 4989 4790 6023 2094 6515 4542 7051 5846 6999 6482 499  148  1063 1852 1669 4052 2341 6404 3001 562  3691 1654 4397 2878 5107 4138 5843 5426 6577 6826 
5712 2717 504  4433 3444 6305 5814 1525 1104 5825 6096 551  2600 3213 3712 675  2968 1555 696  1837 760  6909 4030 777  572  105  1612 2781 2948 2509 2616 2615 3066 2785 3318 2929 3810 3043 470  6597 1208 789  1946 1977 2696 3291 3464 3909 3878 4393 1278 4849 3438 5315 4654 5163 4906 6295 3378 6769 5442 7    6170 251  6830 787  932  1399 2956 2017 5204 2687 134  3361 1126 4049 2234 4783 3482 5501 4778 6221 6134 6961 
1045 6216 3965 1932 5555 4956 275  6636 3725 3584 95   612  703  2200 5733 4408 825  3752 1685 714  1927 2750 2601 5330 1407 992  705  2312 3219 3604 2569 2886 2735 3288 2867 3618 2983 4002 3097 826  267  1570 1371 2318 2643 3070 3711 3706 4143 3992 4619 2316 5095 4764 5561 4808 5277 4994 6527 4566 7045 5802 61   6378 503  164  1069 1868 1693 4076 2347 6428 3011 566  3697 1658 4409 2894 5113 4162 5849 5438 6581 6866 
2016 2755 672  4565 3612 6355 5916 1775 1134 5975 6256 365  2178 917  3040 3003 5248 1275 4466 1795 966  2021 4040 651  400  2001 1694 2055 2996 3765 4268 2623 3102 2807 3354 2933 3834 3031 4182 3139 1222 807  1958 1983 2698 3309 3470 3921 3890 4299 4168 4853 3474 5317 6036 5803 4910 5433 5074 6773 5446 11   6078 257  6838 797  956  1409 2972 2027 5212 2689 142  3371 1138 4051 2246 4787 3494 5503 4786 6229 6158 6967 
935  6888 3995 2394 5665 4998 325  6678 3775 3792 125  768  707  1950 1133 4600 5481 5624 1845 5474 1895 1122 2071 5560 1419 950  2553 2324 3243 3616 4245 4964 2723 3210 2869 3666 2987 4026 3085 4344 3199 1576 1383 2330 2649 3074 3737 3730 4171 4010 4443 4318 5105 4812 5567 102  6031 4990 5613 5176 5937 5858 67   6414 509  172  1087 1916 1697 4084 2351 6436 3019 586  3701 1678 4421 2902 5119 4166 5851 5458 6599 6898 
3276 2875 756  4615 3654 6565 5852 1825 1392 6025 6288 395  2196 943  2610 1313 6200 3969 6248 2535 6104 1945 1128 2159 2500 2013 1580 2829 2950 3759 4292 4965 5564 2813 3390 2941 3894 3035 4218 3143 4530 3269 1970 2019 2702 3327 3490 3957 3896 4317 4154 4569 4394 5321 6066 5809 1002 6313 5090 5721 5464 6333 6182 263  6842 809  964  1423 3004 2029 5228 2693 146  3373 1142 4057 2258 4789 3506 5507 4798 6247 6166 6971 
1265 6426 4015 2142 5605 4884 7055 6762 3925 3952 115  882  731  4900 1139 3870 1441 1040 1701 6784 3195 784  1985 1302 2189 1036 2409 2150 3237 3610 4323 4988 5505 6308 2881 3624 2993 4074 3095 4374 3227 4686 3353 2344 2661 3082 3743 3736 4181 4024 4449 4328 4713 4552 5579 114  6041 2118 6523 5174 5961 5864 7017 6488 521  188  1091 1922 1699 4124 2357 6452 3023 614  3709 1706 4423 2906 5147 4174 5857 5462 6607 6914 
3528 2795 1176 4625 3808 6625 5922 1805 1488 6275 6448 415  2412 923  2660 1331 5070 1603 3760 2709 5776 4005 4288 2005 1482 2245 1696 2847 2980 3801 4316 4983 5572 6129 7004 2935 3912 3047 4242 3149 4584 3265 4818 3403 2710 3351 3478 3961 6942 4399 4184 4593 4402 4839 4658 5815 1038 6319 3414 6787 5470 6339 6184 269  6854 811  1004 1427 3028 2039 5276 2699 158  3389 1154 4073 2302 4793 3518 5519 4822 6257 6178 6977 
1235 1008 4085 2436 5735 5076 425  6776 4075 3984 145  828  721  2220 1157 4020 1457 6150 1751 1900 5229 1472 4905 4096 2155 1752 2315 2332 3297 3650 4371 5012 5511 6340 6693 2032 2995 4134 3103 4386 3205 4728 3337 5190 3473 3110 3747 3766 4187 414  4627 4330 4737 4558 5001 4814 6049 2154 6533 4614 49   5870 7023 6494 523  212  1093 1948 1709 4132 2371 6476 3037 622  3719 1714 4441 2918 5153 4178 5861 5482 6619 6922 
2772 2945 924  4715 3822 6655 5964 1975 1536 6425 6512 445  2556 949  2790 1337 5310 1631 7050 1841 920  7029 4672 5925 608  2249 1938 2395 3068 3813 4384 5037 5620 6141 7018 279  5072 3053 4266 3151 4578 3277 4890 3409 5358 3551 3502 3959 6954 4405 1284 4859 4430 4857 4670 5169 4936 6331 3426 6797 5466 13   6190 271  6856 821  1028 1429 3044 2053 5284 2707 166  3391 1174 4079 2306 4799 3554 5521 4834 6263 6218 6983 
1495 2268 4199 2464 5695 5088 475  6816 4175 4048 5355 5888 737  420  1159 4230 1469 6180 1757 2900 5439 2920 1089 224  405  1012 2327 2136 2461 3620 4401 5020 5529 6350 6657 2096 1503 88   3101 4422 3215 4758 3349 5226 3455 5502 3715 6162 4183 444  4631 2358 5123 4568 5007 4826 5331 5002 6535 4638 25   5826 71   6522 541  236  1097 1964 1721 4156 2377 6484 3041 626  3727 1718 4447 2942 5167 4198 5867 5498 6637 6926 
4284 2915 1656 4745 3906 6695 5976 2225 1776 6575 6656 3465 1976 979  2820 1333 5180 1639 240  1843 1160 567  4120 783  644  255  1708 2413 2328 2513 4324 5019 5566 6153 7052 333  5296 3123 472  3155 4602 3281 4902 3415 5406 3569 5754 3977 6882 4411 1308 4855 3516 5327 4696 5199 4922 5469 5122 6805 5486 17   6114 277  6862 823  1052 1433 3076 2063 5308 2711 178  3407 1186 4091 2326 4801 3566 5527 4846 6269 6238 6991 
1375 2352 4147 2604 5785 5082 575  6916 4205 4144 2805 1664 5775 3016 1141 4180 3393 6580 1763 980  5841 2990 3249 5530 1431 1078 795  2336 2479 2490 2581 5024 5559 6364 6645 2192 1557 104  4869 854  3235 4746 3365 5238 3487 5538 3749 6168 4189 486  4633 2364 5129 4842 5585 4838 5349 5014 5619 5198 5979 5866 73   6526 547  242  1103 1996 1723 4196 2381 6508 3049 634  3733 1726 4451 2962 5171 4222 5869 5506 6653 6934 
4704 3055 1224 4895 3948 6665 5984 5175 1904 6975 6608 3795 2176 3675 3784 4347 6460 4257 4240 5499 1190 7047 4070 837  320  2067 1748 2085 3038 2519 2622 2629 5612 6135 7028 363  5392 3141 488  6627 1246 3287 5064 3419 5430 3563 5730 3973 6990 4417 1314 4867 3546 5339 6108 5833 4942 5493 5126 5739 5494 6387 6194 281  6872 827  1058 1439 3092 2069 5444 2713 194  3413 1198 4093 2342 4813 3574 5531 4874 6271 6242 6997 
1595 3312 2765 2952 5795 5096 4275 6944 5445 4592 2145 3332 4785 3128 1365 4664 5859 1360 1617 3100 6039 1610 1521 5510 1443 1148 885  2356 3333 3626 2573 2910 2743 6356 6681 2224 1587 110  4923 830  291  1582 3377 5334 3497 5562 3763 6222 4193 492  4645 2388 5131 4878 5587 138  6059 5018 5631 5206 5991 5882 7041 6530 557  244  1109 2012 1733 4204 2383 6548 3061 662  3739 1754 4457 2966 5179 4226 5879 5534 6659 6938 
4788 3145 1056 4445 3978 6745 6188 4455 2576 1485 6832 3705 6076 5655 3968 2415 5192 5103 4720 2961 1240 891  4130 897  140  2109 1804 2235 3052 3819 4396 2641 3090 2827 1024 369  5552 3177 494  6651 1256 813  1978 3421 5448 3587 5778 3979 7032 4415 1356 4873 3582 5345 6246 5837 1074 6341 5128 5793 5518 6393 6202 283  6874 829  1076 1447 3148 2081 5468 2719 202  3433 1202 4099 2362 4817 3578 5557 4882 6277 6274 7001 
1625 3564 2737 2964 5495 5256 605  3136 3825 4784 3135 4508 4845 896  5865 4472 3045 5576 1827 3380 5607 3160 4761 5810 1479 1060 2451 2366 3345 3652 4395 5044 2747 3270 2893 2384 1611 128  5013 856  303  1586 1389 2338 3503 5592 3755 6258 4195 516  4661 2466 5137 4908 5597 186  6065 2202 6539 5210 5997 5894 7053 6538 563  268  1117 2036 1741 4244 2389 6628 3067 674  3761 1762 4463 2974 5189 4258 5881 5554 6661 6982 
5292 3335 1188 4585 4092 6265 6144 2075 2288 4725 3328 3915 4732 5805 1736 6765 5504 4935 6232 3087 1430 1377 4270 957  160  2037 1660 2889 3104 3855 4444 5055 5588 2831 3486 2951 5584 3231 506  6687 1258 831  1990 2031 2714 3589 5784 3985 7014 4427 1494 4883 3684 5353 6252 5855 1086 6347 3522 6799 5522 6411 6206 293  6878 839  1084 1451 3188 2083 5492 2729 206  3449 1214 4111 2374 4831 3602 5563 4894 6287 6326 7013 
1615 6006 4255 2976 5705 5112 245  6936 4325 5104 5985 6292 4995 952  6555 2632 975  5704 5145 6808 6027 3190 6561 5590 1491 1150 2607 2180 3363 3668 4407 5054 5595 6358 2885 3738 3005 136  5043 872  309  1592 1401 2354 2721 3112 3781 6312 4213 522  4667 2502 5141 4986 5599 174  6071 2238 6541 4722 169  5912 9    6554 569  284  1123 2084 1747 4252 2393 6652 3079 694  3767 1766 4481 2978 5197 4262 5897 5578 6673 6998 
5376 3485 1092 4945 4248 6335 6138 2425 1782 6725 2816 2835 2024 6045 2072 495  3304 1425 6344 6195 704  1053 4250 861  200  2091 1690 2877 3020 3939 4448 5109 5644 6177 112  2959 3942 3065 518  6759 1270 843  2006 2049 2726 3369 3512 3983 144  4429 1422 4885 3732 5357 6276 5873 1146 6349 3462 6809 5514 19   6214 307  6886 853  1108 1453 3236 2087 5524 2731 214  3457 1226 4127 2386 4861 3622 5569 4918 6299 6334 7019 
1705 4176 4301 2646 5797 5244 725  6972 4475 4272 155  1144 1575 3256 2025 2744 1035 3976 1935 6952 525  1856 189  5750 1533 1180 2619 2260 3399 3772 4431 5050 5649 6368 6735 2416 3007 4152 3107 874  321  1598 1437 2378 2733 3122 3777 3782 4207 558  4685 2532 5143 5028 5603 222  6077 2274 6557 4782 121  5862 79   6546 571  292  1129 2092 1753 4276 2399 6668 3083 698  3769 1774 4483 2986 5209 4274 5903 5582 6679 7022 
5796 3245 1248 5015 4116 6715 6132 2525 1968 6775 6576 485  2392 945  3848 765  3416 1395 4522 2655 832  4335 4544 903  220  2121 1780 2919 3050 3993 4450 5061 5650 6183 176  387  5648 3071 4278 3161 1298 849  2008 2073 2758 3387 3514 3963 3914 4435 1524 4891 3756 5359 6282 5891 1158 6371 3558 6817 5528 23   6126 311  6904 857  1124 1459 3244 2089 5596 2741 218  3461 1234 4129 2402 4871 3646 5573 4934 6301 6338 7027 
1885 4464 2849 3096 5863 5124 775  6984 4525 4656 185  972  745  2728 1995 4736 1125 4088 2115 5642 3225 448  5025 352  1581 1184 2613 2350 3417 3692 4503 5084 5691 6422 6771 2512 1629 130  3113 4470 3233 1606 1461 2390 2757 3130 3791 3790 4197 4042 4681 2676 5149 5046 5609 246  6085 2298 6559 4854 289  5898 83   6558 577  316  1151 2164 1759 4348 2411 6676 3089 706  3779 1814 4493 2998 5227 4282 5923 5594 6689 7034 
6468 3445 1368 4459 4080 1573 6174 2575 2064 6845 6642 505  2628 955  3944 1155 5336 1665 4774 2745 6118 4365 5056 6165 736  375  1862 2937 3116 3945 4532 5073 5660 6231 80   423  5744 3303 530  3173 4632 3293 2014 2103 2770 3453 3526 3981 3922 4341 4190 4897 3798 5363 6354 5893 1182 6377 3594 6821 5546 29   6186 313  6906 859  1132 1471 3284 2099 5618 2749 226  3463 1238 4133 2426 4877 3662 5581 4946 6311 6362 7039 
1955 4608 2821 5940 5719 4140 2057 7008 4775 4698 215  1044 749  3924 1135 4712 3885 5848 2175 5656 3285 1984 5085 308  1875 1196 915  2444 3405 3718 4509 5068 5673 6412 6747 2608 1719 152  5067 890  3239 4776 3379 2410 2787 3154 3785 3794 4223 4066 4461 4334 5155 5052 5611 258  6103 2334 6583 4866 361  5902 89   6562 587  332  1153 2188 1777 4364 2417 6772 3109 718  3793 1822 4507 3022 5231 4286 5927 5602 6691 7054 
6804 3289 4320 4669 1440 6643 2280 3871 2106 6925 6672 515  2844 959  5652 1285 5368 4305 6392 2775 6314 4425 5312 6255 748  435  1876 2265 3124 3999 4460 5133 5668 6285 272  477  5872 3357 536  6813 1304 3295 5106 3431 2776 3459 3538 3991 324  4439 4202 4629 4438 5371 6462 5899 1194 6383 3606 6835 5542 6423 6226 317  6910 863  1172 1481 3292 2111 5636 2753 254  3467 1262 4139 2434 4889 3694 5591 4954 6317 6374 7043 
2015 5328 3059 6600 5831 4500 2023 4920 5819 4816 205  1116 755  4068 1145 6516 1405 5896 5565 6968 3525 2368 5325 364  225  1204 1065 2492 3429 3796 4521 5092 5685 6524 6777 2672 1737 154  5121 902  327  1634 3383 5352 3493 3170 3787 6330 4237 564  4687 4342 4749 4570 5617 282  6107 2382 6587 4926 529  5918 3    6568 593  338  1163 2228 1783 4372 2423 6788 3119 734  3797 1838 4513 3046 5233 4306 5939 5606 6701 4    
1512 3355 1404 4879 4560 6853 1560 3971 3360 209  6966 535  2988 965  5868 1315 312  1565 6424 315  1088 4545 5696 6225 812  345  1888 2355 3146 4011 4484 5151 5728 6213 208  531  5968 3411 568  6849 1310 879  2054 3427 5454 3599 5790 3997 192  4453 1572 4907 4454 4863 4706 5905 1266 6385 3642 6839 5570 6429 6254 331  6918 877  1228 1483 3308 2113 5692 2767 262  3469 1282 4153 2446 4903 3722 5623 5006 6323 6382 1    
2035 4212 2905 3036 6097 4860 2107 5640 6137 5460 391  1332 763  4332 1147 6876 1415 462  1735 1936 735  2624 5415 392  135  1274 1005 2516 3423 3860 4539 5140 5697 6532 6789 2768 1773 170  5139 904  381  1630 1473 2398 3505 5658 3799 6402 4247 636  4699 2682 5161 4582 5079 4856 6109 2406 6589 4938 841  5930 97   6574 599  356  1171 2252 1787 4388 2437 6796 3121 746  3803 1858 4517 3062 5237 4322 5953 5638 6703 2    
