5544 2015 4608 2821 5280 5719 4860 2057 4200 6413 2100 403  3080 1989 1400 3159 6200 6699 6640 4263 2090 7209 4970 1419 1984 2775 1564 645  3104 3237 3020 4323 5150 5487 6550 6531 2384 927  110  3987 856  39   1592 1041 2354 2253 3154 3651 3886 4207 7170 4709 1746 5195 4404 5731 42   6233 2238 6757 4974 841  5786 6711 6472 373  7198 937  1468 1549 3548 2207 5948 2851 346  3559 1382 4259 2582 4999 3866 5737 5234 6469 6614 
5525 1848 3485 1656 4823 6960 7021 2760 3971 7140 247  5600 6669 6440 1881 4960 3927 1040 1701 6700 7047 3290 837  6230 1947 736  5895 2324 2505 3772 3783 4540 4953 5792 6063 1024 729  5584 2421 494  5679 1258 471  2006 1641 2758 2949 3538 3981 4118 4439 636  4939 3006 5461 5892 5989 1002 6505 3606 7063 5338 5979 6130 131  6802 643  556  1231 2476 1873 4748 2543 7156 3229 862  3917 1994 4643 3214 5399 4546 6113 5854 6857 
6048 2125 4212 3115 2976 5957 4950 2107 6210 6929 6930 437  4480 1287 1960 3267 6500 7161 7120 4473 2210 1089 5110 1431 2368 3015 1612 705  3116 3297 3050 4371 5194 5505 6566 6567 2416 963  128  4041 872  57   1598 1047 2390 2271 3170 3669 3890 4213 144  4705 1734 5207 4476 5747 54   6239 2274 6767 5014 5331 5798 6717 6478 379  7202 941  1492 1553 3628 2213 5956 2857 358  3571 1402 4261 2594 5003 3898 5741 5242 6473 6626 
3575 2688 3355 1404 4669 1440 7049 2040 4477 1680 299  840  583  7000 2223 5180 4437 1520 1827 7220 7119 3770 969  6578 1275 812  5925 2332 2595 3796 3813 4556 4965 5746 6099 80   63   5648 2439 506  5769 1270 501  2008 1671 2770 2973 3544 3983 6312 4453 666  4955 3012 5465 5958 5993 1038 6509 3642 7067 5362 5991 6142 137  6806 647  578  1237 2524 1877 4772 2549 7204 3251 866  3919 2018 4649 3218 5407 4562 6121 5878 6863 
7056 2035 5508 3059 5940 6097 5100 2303 6360 6647 6160 481  3990 851  1540 3393 6560 5103 800  4557 2360 441  5170 1407 2624 3195 1628 885  3124 3345 4172 4245 5216 5511 6572 6573 2512 981  130  4107 874  51   1606 1059 2398 2283 3176 3687 3896 4223 7194 4711 1788 5213 4518 5753 102  6245 2298 6769 5018 5349 5816 6729 6482 383  7206 947  1516 1559 3644 2221 5972 2861 362  3581 1418 4271 2602 5009 3902 5743 5266 6481 6638 
4675 2184 3515 1632 4921 1800 7163 3000 4693 4620 323  1890 611  6090 1079 4840 5859 880  1911 7100 7137 3880 609  6680 1971 748  6165 2336 2685 3836 3765 4564 4983 5782 6123 176  45   5744 2493 530  5787 1298 519  2014 1689 2774 2991 3562 3985 6258 4471 708  4963 3084 5473 5988 5999 1074 6515 3678 7073 5384 5997 6146 139  6818 653  596  1249 2564 1879 4804 2551 16   3253 878  3923 2026 4651 3226 5413 4574 6131 5906 6869 
6552 2185 5808 3367 6600 6251 5580 2527 6750 6877 2940 407  4760 817  1470 1241 6380 819  1100 4599 2530 1521 5240 1443 2752 3075 1652 795  3146 3363 4192 4395 5252 5529 6620 6603 2608 1017 136  4113 890  69   1630 1077 2410 2307 3178 3693 3914 4247 324  4717 1812 5219 4548 5755 66   6283 2334 6773 5026 5361 5822 6753 6488 389  7222 953  1532 1567 3676 2237 5996 2879 382  3583 1438 4273 2606 5011 3946 5749 5294 6491 6646 
5225 2856 3565 1824 4879 1980 7189 3480 4753 960  253  2730 649  6510 1067 4550 4743 1840 1953 440  7191 3430 897  6710 2001 836  6225 2356 2715 3892 3819 4588 5019 5828 6129 112  75   5872 2523 518  5823 1304 537  2054 1707 2776 3027 3586 3991 6330 4469 726  4979 3114 5485 6036 6001 1086 6511 3702 7081 5410 6009 6152 149  6824 659  604  1259 2572 1889 4852 2557 6    3257 886  3929 2038 4657 3238 5417 4586 6133 5914 6871 
4032 2255 5328 3157 6240 6293 5700 2597 5720 6419 600  451  3640 869  1820 3519 6370 5247 1280 4977 2440 2601 5480 1479 3008 3225 1666 915  3164 3333 3140 4401 5260 5559 6604 6645 2672 1083 154  4149 902  87   1634 1101 2414 2319 3182 3711 3922 4237 192  4727 1818 5221 4596 5759 114  6259 2382 6797 5030 5367 5842 6801 6494 397  64   967  1556 1571 3698 2239 6044 2887 386  3593 1454 4283 2614 5021 3958 5779 5314 6521 6658 
6175 3864 3553 6480 4697 2340 539  3510 4949 5200 161  1500 629  2800 2673 5740 4653 1360 2331 520  567  4030 777  6890 2013 868  6255 2366 2739 1690 3993 4580 5037 5860 6141 208  99   5968 2529 536  5877 1310 543  2056 1713 2782 3039 3590 3997 6402 4487 732  4981 3156 5489 6066 6005 1146 6523 3714 7087 5402 6033 6154 151  6830 661  628  1277 2588 1901 4868 2579 8    3259 898  3931 2042 4663 3242 5419 4594 6143 5926 6883 
6336 2375 5904 3311 7020 6061 5850 2783 6630 6713 660  413  2070 871  2380 3627 6650 5031 1700 5229 2470 4761 5270 1491 3392 3285 1694 1005 3172 3399 3260 4407 5324 5523 6596 6657 2768 1143 152  4167 904  93   1670 1119 2422 2361 3206 3747 3926 4249 1458 4735 1854 5245 4626 5761 78   6281 2406 6787 5034 961  5846 6807 6526 401  12   971  1588 1579 3716 2243 6092 2897 394  3607 1466 4289 2638 5023 3974 5783 5318 6529 6662 
2275 4224 1547 4320 4991 2400 833  3720 4961 4160 203  1380 623  2790 1073 5060 4329 2000 2541 640  891  3710 957  6920 2037 884  6675 2444 2751 1660 3939 4598 5055 5876 6135 272  117  6064 2547 568  5931 1334 573  2074 1731 2786 3057 3592 4009 6438 4499 738  4985 3174 5509 6108 6013 1158 6527 3786 7091 5416 6051 6170 157  6838 673  652  1279 2612 1907 4892 2591 10   3271 914  3943 2062 4673 3254 5431 4618 6151 5938 6899 
4752 7105 6156 3451 4800 6083 5220 2891 720  6727 780  427  2220 889  3630 1247 6580 5301 1300 5439 2680 3249 5330 1533 3776 3525 1696 1065 3196 3423 3340 4431 5332 5595 6644 6693 2864 1179 170  4203 938  111  1688 1137 2438 2391 3208 3777 3928 4265 72   4739 1884 5249 4668 5765 138  6289 2454 6799 5038 5403 5858 6819 6530 409  18   977  1604 1583 3748 2251 6124 2903 398  3613 1478 4297 2642 5039 3986 5791 5326 6547 6686 
2975 4104 1309 4680 5117 2700 637  4440 4901 3520 217  1530 667  2850 1043 4380 1391 2320 2499 760  1053 3910 651  6952 1305 968  6705 2492 2769 1780 3999 4628 5061 6004 6153 304  147  6128 2637 574  5949 1336 579  2086 1761 2792 3063 3598 4031 6342 4511 774  4997 3222 5497 6246 6017 1182 6533 3846 7093 5446 6081 6182 163  6842 677  668  1283 2636 1913 4916 2593 14   3299 922  3947 2066 4679 3274 5437 4622 6163 5942 6907 
5616 7175 6192 3619 2160 6149 6660 2989 6270 6811 990  469  2250 899  3660 1243 5550 1541 1900 5607 2750 6561 5510 1581 3904 3555 1708 1095 3232 3417 3460 4503 5290 5649 6716 6681 2896 1233 182  4311 946  123  1702 1149 2456 2427 3262 3805 5592 4267 60   4741 1926 5251 4734 5767 174  6295 2514 6805 5048 5433 5864 6843 6538 419  20   983  1636 1597 3764 2267 6172 2909 422  3617 1486 4327 2654 5051 3994 5801 5342 6551 6694 
6545 4968 1463 5400 5083 5040 1573 4590 5047 5440 259  1650 679  2860 1057 4420 1379 6570 1687 680  1539 4040 861  6968 1395 928  6795 2516 2781 1850 4011 4660 5073 6028 6177 368  153  6224 2763 584  6057 1342 591  2104 1779 2794 3093 3614 4033 6456 4501 804  5017 3228 5513 6252 6019 1194 6535 3858 7097 5464 6087 6184 167  6854 683  692  1289 2644 1931 4924 2609 22   3301 926  3967 2078 4691 3314 5441 4666 6173 5998 6911 
3744 4375 6768 3689 2640 6409 6300 3211 7040 5733 1760 493  2430 893  3690 1253 5820 1537 180  1769 1610 297  5560 1551 4288 3735 1748 1185 3212 3429 3350 4509 5348 5673 6692 6735 3056 1251 184  4383 962  129  1730 1167 2482 2433 3266 3811 5658 4279 90   4747 1956 5255 4764 5771 186  6313 2526 6809 5066 5469 5866 6861 6554 421  28   991  1676 1601 3788 2269 6196 2917 446  3623 1502 4337 2722 5059 3998 5807 5354 6553 6718 
1925 4992 1715 1716 5453 3300 2873 3360 5239 6080 3213 2200 689  3920 1081 4650 1393 7050 1691 6516 1837 4120 903  6970 2067 992  7065 2596 2829 1940 4017 4606 5109 5908 6183 464  171  6352 2799 590  6093 1358 597  2110 1797 2806 3099 3634 4037 6474 4529 852  5027 3252 5515 6276 6023 1266 6539 3882 7099 5470 6117 6190 173  6856 691  716  1291 2692 1933 4948 2617 26   3307 934  3989 2098 4703 3326 5443 4678 6197 6002 6917 
4896 1225 1728 3395 3036 6307 6900 3179 5880 7139 2080 3591 3200 6831 2660 1261 6030 1561 300  1781 210  1919 5750 1593 4544 3975 1804 1245 3268 3441 3550 4521 5344 5685 6728 6747 3088 1341 190  4419 970  141  1738 1191 2486 2463 3272 3817 5694 4285 96   4763 1962 5257 4812 5773 222  6319 2586 6817 5074 5493 5870 6879 6562 431  32   997  1682 1607 3812 2273 6212 2927 454  3631 1514 4339 2734 5077 4006 5813 5366 6563 6722 
5005 6264 1645 1836 4795 4092 931  4920 5203 5670 319  2600 2079 3800 2691 5390 1403 7110 1703 6876 1843 384  1963 6790 2091 988  405  2528 2847 2020 4023 4636 5133 5978 6213 496  207  6416 2817 598  6147 1370 633  2114 1803 2810 3117 3638 4039 6486 4535 846  5033 3258 5533 6282 6041 1338 6541 3918 7111 5494 6159 6194 179  6862 701  722  1297 2708 1949 4996 2621 34   3313 958  4001 2102 4721 3334 5449 4682 6199 6022 6947 
5472 7007 3264 3535 2964 5845 5256 3283 7080 143  3150 473  3400 4347 3740 3933 6760 1577 450  1793 216  1897 552  2059 4672 4005 1862 1335 3296 3471 3580 4539 5350 5697 6740 6771 3152 1359 230  4491 986  159  1742 1203 2488 2469 3278 3827 5730 4291 108  4757 2004 5263 4842 5777 246  6331 2598 6821 5090 5541 5882 6891 6568 433  44   1009 1684 1609 3868 2281 6236 2939 458  3637 1522 4349 2746 5081 4022 5821 5374 6569 6742 
2695 6528 1729 1944 4865 4128 6685 5984 5243 900  341  3570 671  4000 5187 5500 6783 2480 1711 6948 1835 408  1967 744  2147 1012 1875 2656 2865 3956 4029 4676 5151 6068 6231 512  243  6544 2853 602  6219 1384 669  2134 1821 2822 3147 3656 4043 6504 4531 876  5029 3372 5539 6354 6031 1362 6557 3954 7117 5486 6189 6202 181  6872 709  724  1301 2732 1951 5036 2633 38   3319 974  4003 2122 4723 3338 5471 4694 6203 6038 6949 
6624 5929 7200 3731 3096 5875 5244 725  6816 2401 1020 517  4830 901  4640 4641 6820 1071 2300 1799 264  1915 594  2045 966  2195 1876 1455 3404 3405 4214 4551 5356 5691 6752 6777 3184 1413 232  4527 994  177  1778 1227 2494 2481 3286 3829 5736 4295 84   4765 2034 5267 4878 5789 258  6341 2634 6835 5118 1369 5894 6927 6574 439  50   1013 1724 1613 3884 2287 6268 2953 466  3643 1538 4357 2762 5087 4034 5827 5378 6571 6746 
3185 6696 1771 5760 5159 4248 6715 5852 2525 912  287  1710 697  2240 2907 5800 6279 2560 2583 920  1841 456  1981 858  2155 1218 2263 2668 2877 3916 3855 4708 5157 6052 6285 592  261  6704 2883 610  6309 1378 681  2146 1839 2824 3153 3658 4045 6594 4537 948  5045 3324 5543 6462 6049 1374 6559 3966 7115 5442 13   6206 191  6874 719  764  1303 2738 1973 5108 2647 46   3323 982  4007 2126 4729 3386 5477 4702 6211 6046 6959 
7128 455  3648 3773 3120 6391 5382 775  6762 4775 3408 511  2580 913  3220 3663 6880 693  2900 6027 2840 1921 570  2051 984  2197 1290 2327 1060 3477 4228 4605 5372 5709 6748 6789 3376 1467 238  4581 1010 183  1784 1257 2504 2487 3298 3831 3934 4303 126  4769 2076 5269 4908 5803 282  6347 2658 6839 5122 1681 5802 59   6306 443  52   1019 1732 1619 3908 2293 6284 2957 478  3659 1546 4363 2798 5099 4054 5839 5386 6577 6778 
3325 4488 1855 2052 5423 3420 847  6144 2575 1104 7025 5424 703  4900 2871 5950 4563 2960 2709 1000 1377 4070 2021 750  2149 1110 2291 1554 2449 2050 4047 4756 5181 6112 6291 656  279  6736 2979 632  6381 1390 687  2152 1851 2830 3183 3670 4061 6648 4541 954  5053 3396 5545 6492 6059 1398 6583 4038 7123 5466 17   6078 193  6878 727  772  1307 2764 1979 5116 2657 58   3329 998  4013 2138 4733 3394 5479 4714 6217 6074 6961 
6864 665  2112 3605 3348 6461 1080 3479 6936 4805 3504 305  468  943  3500 4059 6860 5499 2420 6069 2920 189  5830 2071 930  2191 1326 2369 1722 2497 3620 4587 5380 5727 6764 6837 3568 1503 248  4689 1016 201  1786 1263 2506 2517 3302 3837 3938 4307 132  4771 2148 5287 4986 5809 318  6349 2694 6847 5126 1849 5826 61   6366 449  68   1021 1756 1621 3932 2297 6316 2963 482  3671 1574 4373 2818 5101 4058 5843 5398 6581 6782 
4025 5304 2065 2088 5125 4392 1127 4290 5341 1392 7075 5488 635  1452 1121 5920 4719 3280 2793 1160 1863 4250 987  7130 2159 1230 2279 1566 2453 1938 2563 4768 5211 6116 6315 752  333  6896 3033 638  6471 1394 699  2158 1857 2834 3189 3674 4055 6666 4553 996  5057 3438 5549 6564 6065 1434 6587 4062 7133 5514 19   6114 197  6886 733  788  1319 2804 1987 5132 2659 62   3331 1006 4019 2174 4751 3398 5483 4742 6221 6082 6967 
3168 805  2496 3745 3132 5885 5664 3577 1200 77   3536 6525 1792 815  2196 1267 5120 1197 3100 6111 3160 231  5590 1647 5056 2201 1410 2353 1770 2501 2130 2623 5396 5745 6812 6855 3632 1557 250  4707 1022 213  1790 1293 2510 2559 3310 3849 3962 4309 150  4777 2166 5293 5028 5815 354  6371 2742 6859 5128 2209 5862 67   6378 457  76   1031 1772 1627 3964 2309 6332 2969 502  3673 1594 4391 2846 5107 4078 5849 5414 6599 6814 
4165 5016 2135 2208 5135 4116 6745 6138 5491 6400 6237 6256 2145 4508 1055 3468 1397 3440 2961 1240 2349 4280 999  7070 2109 260  2317 1590 2443 1992 2567 2328 2723 6148 6303 688  363  6928 3123 646  6543 1406 717  2162 1893 2872 3207 3682 4063 6690 4559 1014 5063 3474 5561 6606 6071 1446 6589 4098 7135 5518 23   6126 199  6904 739  796  1321 2836 1993 5156 2663 74   3343 1018 4021 2182 4759 3418 5501 4754 6229 6098 6971 
5148 595  4416 3815 3366 5945 4998 575  6776 5967 3040 4851 4352 3135 728  1195 4716 1589 3380 6273 1750 351  5530 1599 5312 2211 500  2359 1794 2513 2136 2615 2442 2815 6844 6915 3664 1587 266  4869 1030 219  1798 1299 2522 2571 3322 3841 5754 4313 156  4781 2172 5299 5046 5833 366  6377 2766 6865 5134 5583 5902 71   6414 461  92   1033 1796 1637 3988 2311 6388 2971 514  3677 1618 4397 2854 5113 4106 5851 5422 6607 6826 
4655 6072 2261 2232 5215 4446 6785 5922 2645 2128 3861 2720 3003 2176 3795 1624 1345 5436 1717 280  2511 4130 1023 7030 2121 340  2373 740  2471 1998 2569 2346 2743 2706 2899 848  369  7024 3141 658  6597 1414 723  2168 1923 2882 3261 3686 4069 6744 4555 1062 5065 3516 5579 6684 6077 1506 6593 4146 7141 5522 6207 6214 211  6906 743  844  1327 2876 1997 5164 2671 82   3347 1042 4027 2186 4783 3442 5503 4762 6247 6122 6977 
6732 875  5568 3913 3384 5995 5124 605  6944 5265 3472 5643 3680 4389 1768 4125 2296 1535 6228 1807 2030 429  5810 1677 5696 2247 550  2613 1180 2507 2190 2629 2490 2831 2910 2951 3728 1611 286  4923 1034 237  1802 1317 2534 2577 3346 3839 5778 4315 198  4811 2286 5305 5052 5837 402  6383 2778 6881 5142 2809 5912 6933 6584 463  98   1039 1828 1657 4036 2333 6404 2999 526  3691 1622 4409 2858 5119 4126 5857 5426 6619 6866 
5075 5928 2345 2244 5285 4428 6815 5964 2675 1904 5175 5936 5049 4600 5481 2584 4485 2926 1655 7092 1853 4270 1107 7106 1665 1196 2397 860  2889 2060 2573 2370 2747 2670 2893 3090 3017 7088 3177 664  6651 1426 753  2198 1929 2914 3273 3688 4087 6726 4571 1068 5069 3546 5567 6714 6085 1542 6595 4206 7145 5528 6243 6226 223  6910 751  892  1361 2908 1999 5188 2677 86   3359 1046 4049 2194 4787 3446 5507 4766 6257 6134 6983 
6912 385  5832 3857 3552 6035 5082 845  6972 4825 3584 6975 2548 1683 4940 5313 3712 4875 3542 1745 312  1927 5698 975  6208 4335 1888 2619 1210 3507 3610 2651 2538 2827 2958 2977 3270 3091 290  5013 1048 249  1810 1329 2536 2589 3352 3845 5784 4319 204  4819 2292 5311 5058 5855 426  6385 2802 6887 5138 5601 5918 6999 6586 467  116  1049 1844 1663 4052 2339 6428 3001 538  3697 1642 4421 2866 5147 4138 5861 5438 6637 6898 
4235 7176 2233 6120 5369 4512 6935 6174 2725 1134 625  5632 2565 4732 3069 6460 6993 3496 5535 4186 1865 462  1985 7112 1425 1036 225  2684 2919 2140 4053 4780 2759 2712 2911 3102 3029 3486 3133 670  6627 1432 771  2216 1941 2930 3279 3704 4103 6792 4577 1164 5071 3582 5585 6756 6103 1578 6605 4254 7153 5542 6249 6254 227  6918 757  908  1367 2932 2003 5204 2683 94   3361 1082 4051 2206 4789 3466 5519 4778 6263 6158 6991 
5184 1015 5952 4081 3240 6479 5152 925  6984 4925 3726 335  2156 3375 896  4257 1600 1323 4408 6105 4984 1937 696  2077 6464 4365 1892 1515 3424 3537 3650 4611 5404 2839 3030 2983 3294 3085 3738 3233 1054 267  1816 1347 2542 2631 3358 3859 5790 4321 228  4829 2316 5315 5094 5873 438  6395 2874 6893 5144 5613 5930 7017 6590 479  124  1051 1852 1667 4076 2341 6436 3011 542  3701 1646 4423 2878 5153 4162 5867 5458 6653 6914 
5425 1584 2093 6840 5291 6720 1859 6132 2825 1456 55   5994 655  5408 2805 1288 4797 3760 3087 5248 6345 5474 1969 798  2165 1078 135  2716 2895 4012 4077 4796 5205 6164 2923 3162 3031 3498 3149 3930 3269 1448 789  2222 1959 2936 3291 3730 4097 6798 4573 1098 5089 3684 5587 6822 6107 1614 6611 4314 7147 5546 6261 6262 229  6946 761  916  1373 2956 2011 5212 2687 106  3371 1094 4057 2218 4793 3482 5521 4786 6269 6166 6997 
2376 1085 7104 4277 4080 6721 2520 3509 7008 4975 3792 355  588  835  1064 3915 2408 5577 3700 6321 5434 7155 6328 2095 1026 2215 1924 1545 3476 3435 4232 4665 5428 5757 6850 2981 3306 3095 3768 3227 4134 3365 1826 1371 2546 2643 3368 3867 3970 4331 234  4835 2358 5317 5172 5891 474  6401 2922 6901 5146 5619 5944 7023 6610 487  148  1061 1868 1669 4084 2347 6452 3019 554  3709 1654 4441 2894 5167 4166 5869 5462 6659 6922 
5635 1872 2387 3600 5467 3060 2299 3780 5687 1488 35   6032 685  1476 1111 1736 4785 2968 5841 1480 3321 5642 5625 7144 2167 1242 2285 2756 2943 4018 3945 4828 5217 6140 6351 944  3035 3534 3143 3942 3281 4278 3419 2230 1977 2938 3309 3706 4083 4102 4579 1206 5093 3732 5597 6828 6109 1626 6613 4362 7157 5558 6267 6266 233  6974 769  932  1381 2972 2017 5228 2689 118  3373 1114 4073 2234 4799 3494 5527 4798 6271 6178 7001 
2808 1295 2304 4123 5520 6517 1560 3751 5460 187  3952 3465 3328 865  2556 1205 2632 4845 3752 6417 2590 459  6248 315  6592 2219 1416 2363 1220 3531 4292 4623 5420 5763 6908 6873 3824 3101 3774 3205 4152 3377 4470 3497 2570 2649 3370 3869 3982 4227 4238 4837 2364 5321 5196 5893 534  6403 2946 6905 5154 3481 5954 7041 6616 491  164  1063 1916 1693 4124 2351 6476 3023 562  3719 1658 4447 2902 5171 4174 5879 5482 6661 6926 
6125 2448 2485 2484 5551 3840 1421 5130 5819 1260 391  6448 5355 6292 1099 3636 1355 3304 5655 4424 3483 4360 1029 7192 1725 1184 2305 1608 2461 2150 4071 4820 5253 6176 6357 976  387  7184 3151 4008 3293 4296 3421 4632 3601 2954 3327 3736 4101 4142 4317 4342 5095 3798 5599 6852 6115 1662 6617 4398 7165 5574 29   6278 239  6978 773  956  1399 3004 2027 5276 2693 122  3389 1126 4079 2246 4801 3506 5531 4822 6277 6218 7013 
3432 1435 4356 3955 3762 6601 1320 3703 1620 209  4410 551  2816 5985 2024 1255 4572 1555 3976 5865 4774 513  5960 1659 6848 4425 1952 2395 1806 2509 3820 4671 5450 5781 6868 6939 3856 1629 296  3215 4182 3379 4482 3505 4746 3665 3374 3865 3992 4269 4246 4413 4394 5327 5268 5899 498  6407 2994 6913 5162 3721 5898 79   6522 499  172  1069 1922 1697 4132 2357 6484 3037 566  3727 1678 4451 2906 5179 4178 5881 5498 6673 6934 
6475 2592 2555 2508 5185 4524 1519 5160 5537 360  377  2310 713  1144 2205 2552 1385 5652 1685 4466 6375 5656 1131 7160 2133 1148 165  2788 2455 1974 2581 4832 5271 6220 6369 1072 423  100  3231 682  3287 4326 3431 4674 3595 5064 3749 5448 4105 4154 4341 4346 4479 4498 5609 6894 6119 1686 6623 4434 7169 5570 31   6186 241  6994 787  964  1409 3028 2029 5284 2699 134  3391 1138 4091 2258 4813 3518 5557 4834 6287 6238 7019 
3456 1001 1296 4355 3108 6095 5346 3757 4050 91   1140 527  5250 989  1672 945  3128 1565 6348 1765 5278 6765 6392 1653 6976 4545 1972 1605 3484 2515 2214 2641 5452 5811 6940 6951 4016 1719 310  5043 1070 3383 4494 3523 4794 3667 5334 3883 5838 4343 4294 4443 4402 4593 4570 5909 582  6415 3018 6931 5174 5631 5962 73   6546 503  188  1087 1948 1699 4156 2371 6508 3041 586  3733 1706 4457 2918 5189 4198 5897 5506 6679 6938 
5915 2736 2639 2664 5335 4256 6955 6204 5887 480  301  1740 731  420  1139 2728 1365 3944 1727 7164 1891 5768 3645 7208 1815 1204 195  2812 2937 4028 2587 2424 2761 6244 6441 1136 477  196  3303 686  6687 1442 3439 4686 3611 5190 3763 5430 4117 6810 4589 4354 4497 4504 4677 4646 6127 1698 6629 4458 7171 5608 6297 6286 251  6986 797  1004 1423 3044 2039 5308 2707 142  3407 1142 4093 2302 4817 3554 5563 4846 6299 6242 7027 
3672 1505 792  4199 3402 6205 5166 1075 6996 119  1170 497  2460 923  3850 4131 3256 2625 4472 1795 378  1943 6314 855  4096 4575 1988 1635 3556 3495 4268 2653 2568 2845 6956 6945 4112 1737 322  5067 1066 291  1832 3521 4806 3679 5352 3893 5874 4333 276  4841 4430 4629 4582 4749 4726 6431 3054 6937 5176 5637 5966 7053 6632 509  212  1091 1964 1709 4196 2377 6548 3049 614  3739 1714 4463 2942 5197 4222 5903 5534 6689 6982 
6325 3888 2737 3960 5681 4312 7015 6318 3125 1536 329  1860 707  3180 1147 5980 3969 3968 3885 4862 1895 546  2005 784  1845 1274 255  2828 2955 4046 4035 4876 2771 2814 2921 1168 507  256  3357 710  6759 1462 807  2242 3635 5106 3755 5454 4109 6834 4595 1212 5111 4514 4701 4654 4827 4826 6635 4506 7181 5614 6333 6296 257  7006 809  1028 1427 3076 2053 5444 2711 146  3413 1154 4099 2306 4831 3566 5569 4874 6301 6274 7039 
3024 2365 6084 4403 6000 6851 5412 1175 7038 5275 3984 533  2550 917  3870 1271 7150 1449 4664 4935 5504 1945 702  2101 224  4635 2044 1695 3488 3567 4316 4683 5536 2855 2982 2965 4208 1773 328  5121 1090 303  1834 1383 2626 3683 5358 3899 5886 4351 294  4843 2388 5339 4610 4791 4738 4881 4904 6941 5178 4489 5974 7071 6634 521  236  1093 1996 1721 4204 2381 6628 3061 622  3761 1718 4481 2962 5209 4226 5923 5554 6691 6998 
6875 3192 3625 2574 5593 4140 1183 6324 3175 1776 65   6096 721  3330 1133 4740 1411 4240 3381 5032 6195 5896 2033 870  2171 1276 285  2842 2967 2180 4089 4850 5289 6304 2929 3186 3043 484  3411 712  6813 1474 813  2248 1983 2984 3785 5478 4115 6846 4601 1236 5105 3756 5603 4658 4839 4838 5001 4958 7183 5622 37   6298 263  7010 811  1052 1429 3092 2063 5468 2713 158  3433 1174 4111 2326 4861 3574 5573 4882 6311 6326 7043 
4368 2465 1344 4495 3588 6853 1920 3871 7068 5575 4048 365  612  949  4020 1313 6150 1591 4100 6363 5512 7125 6344 2123 1032 2227 2048 1905 3572 3621 3860 4731 5516 5829 6950 2987 3318 3097 344  5139 1096 309  1846 1389 2630 2661 3382 3935 5934 4367 306  4847 2466 5345 5274 5905 4744 4911 4906 5097 5198 5041 5946 83   6558 523  242  1097 2012 1723 4244 2383 6652 3067 626  3767 1726 4483 2966 5227 4258 5927 5578 6701 7022 
3025 4914 3655 1386 5365 4644 1813 5610 6223 1782 85   6288 695  1548 1141 4770 1417 240  1739 1430 2997 5992 495  2704 2173 1254 2315 2848 2985 4064 4137 4964 5235 6308 6447 1250 3047 3576 3155 742  6849 1490 831  2264 2019 3002 3351 3766 4121 6858 4609 1278 5123 3804 5611 6924 6139 4856 5007 4966 5199 5626 41   6198 269  7016 821  1058 1433 3148 2069 5492 2719 166  3449 1186 4127 2342 4871 3578 5581 4894 6317 6334 7057 
4536 2585 5824 4505 2912 6215 5688 3887 4400 133  4272 395  684  895  2628 1273 6060 1603 4300 6327 2170 561  6536 525  352  2231 1464 2407 3604 3585 4324 4695 5548 5817 6980 6963 4304 3103 3834 3235 1102 321  1864 1401 2648 2721 3406 3873 4010 4369 342  4849 2502 5353 5316 5911 606  6433 4910 5127 5206 5667 5990 89   6582 541  244  1103 2036 1733 4252 2389 6668 3079 634  3769 1754 4493 2974 5231 4262 5939 5582 6703 7034 
4225 4872 3685 1596 5375 4452 6985 6372 6137 540  343  6512 745  1692 1115 3708 1441 810  1751 770  3807 4370 1113 1936 1935 1292 2321 1674 2479 4108 4065 4844 5295 6358 6453 1264 531  676  3161 4026 3295 1526 843  2266 2031 3014 3369 3782 4119 4168 4607 1284 5129 3972 5615 7002 6145 1758 6631 4982 5223 5630 6339 6302 271  7026 823  1076 1439 3188 2081 5524 2729 178  3457 1198 4129 2362 4877 3602 5591 4918 6323 6338 7069 
3696 2405 1764 4301 3444 6235 5586 1025 7084 221  1350 553  768  905  2844 1285 4932 1631 4700 6579 2870 663  5890 1743 416  4815 2108 2413 1830 2519 4384 4755 5564 5835 6958 6969 4336 1791 370  3239 4218 3385 1886 1437 2662 2733 3422 3891 4024 4281 4298 4853 2682 5357 5388 5917 618  6437 3126 6953 5210 5703 5986 7113 6674 547  268  1109 2084 1741 4276 2393 6676 3083 662  3779 1762 4507 2978 5233 4274 5953 5594 6709 7054 
7225 4158 3835 2394 5395 4554 7055 6408 3275 1968 371  1950 737  1908 1135 3852 1405 5868 1757 1640 4293 4510 1161 400  2139 1312 105  2852 2483 2010 2599 4988 5319 6356 6465 1328 549  1156 3447 730  3317 4344 3437 2270 2049 3026 3387 3790 4141 4184 4353 4366 5131 4014 5617 7044 6155 1842 6641 4542 7199 5654 6387 6310 277  7042 827  1084 1447 3236 2083 5596 2731 194  3461 1202 4133 2374 4889 3622 5623 4934 6329 6362 7079 
6384 2635 4928 4615 3234 6305 5418 1325 7072 5675 4656 581  2610 959  2988 1315 5004 1585 6444 1817 3010 621  6040 1749 140  2301 2068 1965 3596 2533 2226 2669 5540 5871 7018 6981 4432 1899 374  5193 1106 3401 4530 3551 2666 2757 3434 3901 5910 4379 4310 4449 4454 5359 5484 5921 642  6439 3138 6943 5222 5721 6008 7131 6682 557  284  1117 2092 1747 4348 2399 6772 3089 674  3793 1766 4513 2986 5237 4282 5981 5602 6719 7058 
715  6216 3875 1428 5405 4662 7085 6432 3425 2064 95   6576 749  3450 1157 3924 1415 6012 1735 168  1903 4520 1173 7210 2187 350  2403 2884 3009 2260 2603 2418 2773 6250 6477 1424 603  1444 3501 754  6921 1498 3443 4710 3629 3032 3453 3794 4163 6870 4613 4376 4533 4526 5627 7116 6157 1866 6649 4566 7195 5662 6393 6322 281  7046 829  1108 1451 3244 2087 5618 2741 202  3463 1214 4139 2386 4903 3646 5639 4946 6337 6374 7103 
5712 2665 504  4433 3612 6355 5236 1475 7098 5725 4144 415  828  973  4180 1333 5202 1633 6498 1819 270  1939 6110 1767 160  2337 580  2679 1340 3597 3940 2681 2616 2863 7052 6987 4496 2007 376  5283 1112 327  1898 3563 4818 3695 3448 3903 4042 4381 348  4855 4438 4647 4616 5933 654  6443 3246 6973 5224 5739 6010 7143 6698 563  292  1123 2164 1753 4364 2411 6788 3109 694  3797 1774 4517 2998 5261 4286 5987 5606 6733 7066 
1045 5208 3895 1932 5555 4692 325  6496 3475 2106 115  6608 755  2028 1169 4980 1457 3750 1763 120  1883 390  1991 2500 2163 460  2409 850  3021 2350 4161 4972 2779 2838 2933 1552 639  2116 3573 776  6957 1510 849  2278 3647 5214 3781 3806 4135 6882 4627 1308 5137 4552 4713 4670 6161 1878 6667 4614 7201 5672 6411 6346 283  7048 839  1124 1453 3284 2089 5636 2749 206  3467 1226 4153 2402 4909 3662 5641 4954 6343 6382 7109 
2016 2431 672  4565 3654 6365 5676 1445 3072 5825 4592 1485 3332 955  3042 1331 6180 1639 700  1829 330  1957 690  2117 200  2289 620  2667 1420 3633 3950 4767 5566 2867 3048 2993 4528 2043 406  5337 1118 339  1910 1461 2678 3715 5394 3941 6018 4385 372  4859 2532 5363 4630 4803 4790 6457 3282 6979 5230 5793 6014 7149 6706 569  316  1129 2188 1759 4372 2417 6796 3119 698  3803 1814 4519 3022 5273 4306 6007 5638 6737 7078 
935  6888 3905 1638 5605 4004 425  6396 3725 2256 125  6656 3105 5684 1145 4068 1477 4720 6003 910  1909 510  2041 888  2177 380  2553 940  3051 2540 4173 5020 5307 6260 2941 3210 3053 3364 3609 782  7083 1528 879  2282 2073 3034 3787 5496 4145 6942 4631 1314 5141 4044 5629 4696 4857 4858 6677 4638 7217 5678 6423 6376 293  7064 853  1132 1459 3292 2099 5692 2753 214  3469 1234 4157 2426 4919 3694 5647 5006 6353 6406 7121 
3276 2755 756  4625 3808 4275 6272 1525 7168 5975 4698 445  3388 3315 616  1339 6390 1643 980  6633 3230 1961 714  2105 1122 2249 820  2697 1460 3657 3980 4773 5572 5883 7028 3007 3336 3107 410  5391 1130 381  1912 1473 2674 2787 3454 3937 6024 4387 414  4867 2676 5371 5526 5935 4792 4971 4922 6989 5246 5799 6026 7167 6712 571  332  1151 2228 1777 4388 2423 6836 3121 706  3821 1822 4523 3046 5279 4322 6011 5666 6761 7082 
1265 6426 3965 2142 5665 5096 4455 6664 6435 2576 155  6642 767  6076 3705 2072 1469 4880 6171 1330 4779 4690 2047 918  2183 1272 2323 950  3081 2620 4191 5012 5343 6340 6501 1616 3065 3618 3173 790  7173 1534 921  2290 2103 3058 3459 3818 4151 6954 4619 1356 5143 4086 5633 7146 6167 4870 5079 4978 5241 5690 6429 6386 307  7086 857  1172 1471 3308 2111 5708 2767 218  3491 1238 4159 2434 4931 3722 5651 5042 6359 6418 7127 
3528 2717 864  4715 3816 6655 6188 2475 3136 2925 4816 485  882  965  952  4185 2618 5589 2450 6903 3190 741  6280 2119 1128 2245 1482 2419 1450 3699 4150 4887 5588 5889 7004 7005 4688 3113 3810 3241 1166 393  1918 1497 2686 2811 3464 3909 4066 4393 444  4873 2718 5377 5532 5941 678  6463 4936 5163 5254 5847 6034 7179 6730 577  338  1153 2252 1783 4412 2437 6884 3137 718  3823 1838 4547 3062 5281 4358 6029 5674 6763 7094 
1105 7224 3995 2436 5695 4836 7205 6916 6885 3248 5445 6832 779  2124 1159 2002 4995 3094 6039 1190 4941 4730 1209 4624 2189 1302 2329 1704 2489 2650 4179 5024 5373 6350 6507 1648 657  3844 3197 4110 3337 1544 933  2294 2127 3064 3489 3830 4143 4190 4633 1422 5149 4122 5645 7188 6169 1902 6671 4990 5259 5710 6459 6394 311  7090 859  1228 1481 3316 2113 5716 2777 226  3499 1262 4177 2446 4933 3734 5653 5062 6361 6434 7129 
2772 2875 924  4745 3828 6055 5724 1675 1232 3825 4784 2295 3872 985  3204 1343 2744 5115 3458 7029 2990 357  6424 735  544  2257 1518 2429 1896 2537 4220 4809 5612 5901 7060 7059 4802 2061 418  3247 4170 3397 1928 1509 2690 2823 3470 3921 4072 4287 4318 4883 2724 5383 5556 5947 762  6445 3342 7003 5258 5853 6056 7197 6754 587  356  1163 2276 1787 4418 2441 6892 3163 734  3833 1858 4549 3086 5297 4406 6037 5686 6779 7114 
1235 1008 4085 2464 5735 4576 6755 6534 3775 2288 4725 6992 6615 1408 1165 4332 1465 3416 5805 4522 5427 4750 1239 5776 2115 1352 2335 1752 2491 2046 2611 5044 5379 6364 6513 1712 711  5476 3681 806  3349 4374 3455 2314 2157 3070 3513 3832 4169 4210 4359 4378 5155 4164 5663 7212 6179 1986 6683 4722 7223 5726 6483 6398 313  7096 863  1244 1483 3356 2129 5732 2789 254  3511 1282 4201 2458 4937 3742 5657 5078 6367 6442 7151 
4284 2795 1056 4945 3822 6625 5742 1775 576  6025 5104 4095 4864 2835 1976 1337 5364 1649 4088 6045 5432 759  6290 1809 308  4905 2132 2435 1914 2545 2262 2701 5620 5907 7076 7077 4912 2097 424  5409 1162 3415 4578 3545 2696 2841 3478 3949 5970 4399 4328 4461 4456 5389 5598 5951 786  6455 3378 6995 5262 5329 6058 9    6758 593  388  1171 2284 1789 4436 2447 6932 3167 746  3847 1874 4561 3098 5303 4414 6043 5702 6781 7118 
1375 7182 4255 2604 5795 4824 6895 6588 3925 2544 185  7216 6825 1496 3675 2944 1501 5000 6201 4648 6555 6016 1281 320  2193 1316 345  2888 2495 2058 2605 2472 2807 6368 6495 1744 747  6724 3771 808  81   1558 3473 4728 3641 3074 3543 3838 4171 6990 4661 4382 4569 4558 5677 7218 6181 2022 6697 4782 25   5646 43   6410 317  7102 877  1252 1487 3362 2131 5756 2791 262  3517 1286 4211 2462 4943 3746 5659 5086 6373 6458 7159 
4704 2915 936  4807 3906 6565 5814 1825 2916 6275 4848 515  5888 1575 2392 1155 3848 1617 5780 6897 5576 7095 6784 1833 220  2379 2144 2055 3616 2561 2322 2705 2622 2881 7124 7089 4976 2151 430  5463 1178 411  1930 3569 4890 3707 3490 3953 6042 4411 486  4885 4462 4659 4642 5959 822  6467 3414 7009 5272 6241 5982 97   6618 599  404  1181 2308 1801 4468 2459 6962 3169 758  3851 1882 4567 3106 5309 4426 6047 5714 6791 7142 
1495 2268 4015 2646 5785 4884 6965 6612 4075 2754 145  6672 763  1664 5775 3016 1995 4216 3339 1720 5751 6104 585  448  2241 490  2451 2948 3111 2740 2627 2478 2785 2862 2935 1808 801  40   3789 814  15   1562 939  2318 3649 5226 3791 5502 4181 7014 4645 1494 5161 4568 4737 4706 6185 2082 6707 4854 49   5682 47   6234 331  7122 881  1268 1489 3412 2137 5788 2797 274  3527 1294 4217 2474 4951 3754 5669 5098 6379 6502 7177 
4788 3055 1152 4895 3876 6265 5772 1975 336  6425 4944 505  972  979  2432 1785 3608 3045 4712 6489 3250 627  6808 765  364  2343 650  2703 1550 3723 4396 2735 2562 2869 3066 2995 5008 2169 434  5517 1192 417  1958 1527 2698 3713 5370 3959 6162 4405 492  4891 2748 5401 4634 4821 4808 6485 3426 7031 5282 6889 6054 101  6654 601  412  1187 2348 1811 4492 2467 6964 3181 766  3853 1894 4583 3118 5323 4442 6053 5722 6793 7162 
1595 2352 4147 2898 5863 5076 175  6688 4175 2832 205  6966 781  630  1177 3224 2415 4136 4305 5192 5913 4810 1269 704  2175 1372 2607 1150 3129 2780 4209 5054 2813 2886 2959 3198 3071 56   3879 824  21   1570 951  2330 2181 3082 3799 5538 4183 7032 4667 1524 5165 4188 5671 4718 4863 4886 6731 4866 121  5718 53   6294 337  7126 883  1324 1493 3428 2141 5804 2801 278  3529 1306 4219 2498 4957 3758 5683 5102 6389 6506 7187 
5292 2945 1176 5015 3948 6665 5856 2075 432  6575 5022 535  1044 1003 4060 4617 3784 3255 4736 5145 5624 483  6490 1869 572  5025 2204 2727 1580 3729 4448 4833 5644 2885 3144 3005 3354 3127 442  5547 1208 447  1946 1563 2702 2859 3502 3973 6102 4415 516  4897 2796 5411 5604 5963 4814 4989 4942 7033 5286 5    6062 103  6702 607  428  1193 2372 1823 4516 2473 6988 3187 778  3863 1906 4591 3134 5333 4474 6067 5758 6803 7166 
1615 6006 4465 2784 5797 4956 275  6636 4205 2928 215  7152 785  2178 1207 6020 4959 4264 4515 5336 6405 6136 1311 832  2325 1376 375  2924 3171 2890 4239 5050 5397 6422 2947 3288 3073 3624 3193 826  27   1576 993  2338 2199 3110 3561 3842 4187 7062 4681 1572 5173 4194 5699 48   6187 4898 5091 4994 169  5734 6537 6430 347  7138 887  1348 1499 3436 2143 5812 2803 298  3533 1318 4229 2518 4967 3778 5689 5114 6397 6514 7193 
5376 3145 1092 5035 3936 6695 5628 1805 528  6725 5136 545  1116 995  3492 1349 560  5661 4888 5565 5704 2025 6622 1035 392  5085 2212 2085 3652 3741 4444 4893 5650 5943 7136 3013 3390 3131 3894 3263 1246 453  1970 1569 2710 2901 3512 3957 4082 4417 522  4907 2826 5429 5634 5965 834  6487 4952 5169 5288 5919 6070 3    6766 613  436  1201 2396 1831 4604 2477 7012 3191 794  3877 1934 4597 3142 5347 4478 6073 5774 6823 7186 
1625 3312 4345 2652 5495 5088 475  6678 4325 2992 235  252  793  2412 1189 5070 1507 5360 3717 5368 7035 6232 675  1088 2385 1364 435  2996 3165 4114 4155 5084 5421 6532 6519 2032 3077 3666 3199 4002 3305 1582 1011 2344 2217 3112 3579 3854 4189 7074 4685 1602 5177 4236 5707 162  6191 2094 6739 5002 5277 5738 6609 6446 349  7158 907  1388 1511 3452 2153 5836 2819 302  3539 1322 4231 2554 4969 3802 5693 5158 6421 6518 7207 
5796 3245 1224 4445 3978 6335 5916 2225 624  6775 5168 559  5320 1027 4230 1351 6420 1651 5300 6741 5848 7215 6902 1125 476  5325 2236 2235 3626 3615 4484 4899 5660 5973 7154 7101 5072 3139 3912 3265 4242 3403 1978 1623 2714 2913 3514 3961 6168 4427 558  4913 2868 5435 5706 5969 894  6493 3462 7037 5302 5937 6086 107  6738 617  452  1213 2404 1847 4612 2503 7036 3203 802  3881 1942 4603 3158 5351 4486 6079 5794 6827 7214 
1705 4176 2765 2904 5705 5112 245  6708 4475 3078 265  288  799  1050 1199 5310 1513 5680 3549 1870 6399 6118 825  1216 2535 1484 465  3052 3201 4148 4215 5068 5451 6412 6549 2096 867  70   3223 4074 3341 4386 3487 2378 2229 3122 3603 3874 4193 7134 4687 1644 5183 4302 5713 36   6193 2118 6743 4926 289  5752 6621 6454 353  7174 911  1396 1523 3508 2161 5884 2833 314  3541 1346 4241 2558 4973 3814 5701 5182 6427 6542 7211 
6804 3289 1368 4459 3996 6643 5976 2425 648  6845 5232 565  1332 1007 4260 1363 6450 1661 5900 6867 3320 783  6734 1215 532  5475 2254 2265 3668 3753 4532 4929 5668 5955 7172 7107 5296 2259 470  3277 4266 3409 4584 3587 2726 2931 3526 3963 4090 4429 564  4915 2892 5447 5748 5971 906  6497 3522 7045 5298 7    6088 109  6770 619  508  1217 2428 1861 4652 2521 7108 3209 818  3889 1954 4621 3166 5381 4502 6089 5806 6829 4    
1885 4464 2849 2880 5621 4500 2009 6786 4525 3216 295  396  791  3540 1211 5340 1517 5840 3843 1880 7203 5080 1353 1472 2655 1504 555  3038 3219 2950 4233 5092 5385 6524 6585 2192 873  88   3897 830  3353 4422 3493 4758 3661 3130 3639 3878 4197 4202 4699 1668 5191 4308 5723 24   6209 2154 6749 4938 361  5762 6639 6466 359  7178 919  1412 1531 3524 2179 5924 2837 326  3547 1354 4243 2566 4987 3826 5711 5186 6449 6598 7213 
6468 3335 1248 4543 4560 6919 2280 4067 816  6925 5264 589  2820 1037 4350 1357 6540 1673 6050 7011 3410 273  6520 1887 608  5715 2272 2355 3692 3759 4450 4917 5728 6015 7196 7185 5392 2313 472  5553 1222 3427 4602 3589 4902 3737 3530 3977 4094 4299 4330 4927 2934 5455 5766 5977 942  6499 3558 7051 5306 5961 6094 113  6774 631  524  1223 2452 1867 4684 2531 7132 3217 838  3907 1966 4637 3194 5387 4534 6091 5818 6833 2    
1955 3564 2905 2952 5831 3900 2023 5640 6253 3344 6075 1568 803  1120 1219 5490 1529 6320 4221 2120 6723 4930 1221 1856 2745 1508 615  3068 3243 2980 4251 5140 5457 6556 6591 2224 909  104  3951 854  33   1586 3503 4776 3653 5238 3809 5562 4195 4234 4377 4390 5201 4338 5729 30   6227 2202 6751 4962 529  5770 6663 6470 367  7190 929  1436 1543 3532 2203 5932 2843 334  3557 1366 4253 2578 4993 3862 5717 5218 6451 6602 7219 
1512 3445 1188 4585 4056 6923 2970 4361 6800 2457 5456 1755 3724 2277 4340 1387 6780 1679 6100 6909 3560 399  6670 1917 644  5415 2312 2445 3718 3801 4460 4947 5764 6021 7180 7221 5552 2367 488  5571 1256 489  1990 3599 5010 3743 5406 3979 6222 4435 4334 4467 4490 5459 5844 5983 978  6503 3594 7061 5322 11   6106 127  6794 641  548  1229 2468 1871 4724 2539 7148 3221 842  3911 1982 4639 3202 5393 4538 6101 5834 6841 1    
