3696 1105 5376 3335 924  5785 3828 575  5852 3825 1232 6525 4784 3465 4352 2835 2024 2625 3944 7095 4088 1305 6232 3975 5776 405  1036 1833 2020 2877 3350 3939 4660 4953 5978 5973 7340 7101 5296 1719 470  5139 1258 309  2054 1461 2792 2811 3614 4169 6342 4595 228  5053 1884 5485 4194 5969 6894 6457 1374 6943 3714 7391 6286 7251 7016 683  668  1291 2644 1949 4948 2633 10   3323 922  4013 2078 4751 3326 5501 4682 6247 6038 6983 
5525 6384 1885 4158 4615 2508 6685 4836 2725 6916 5175 3344 4725 6656 5775 1664 1785 3224 4515 4736 585  5576 2535 7106 5475 224  1005 1694 2337 2848 3423 4028 4401 5332 5457 6692 6549 2096 423  40   3357 854  6921 1606 843  2422 2103 3262 3489 3962 4385 7062 4835 948  5255 3006 5731 5526 6185 366  6667 2526 7171 5034 53   6632 419  18   991  1636 1607 3788 2281 6212 2953 398  3659 1486 4373 2722 5107 4006 5851 5374 6619 6746 
5544 1495 6468 3445 1056 5705 3876 605  5916 4925 1456 6975 5104 5355 4864 1575 2392 3045 3968 7125 3542 1395 6248 4005 448  1875 1078 1887 2060 2889 3460 3993 4756 4965 6004 6015 7348 7107 5392 1737 472  5193 1270 321  2056 1473 2794 2823 3634 4181 6456 4607 276  5057 1926 5489 4236 5971 6924 6463 1398 6953 3786 25   6294 199  7026 691  692  1297 2692 1951 4996 2647 14   3329 926  4019 2098 4759 3334 5503 4694 6257 6046 6991 
6175 5712 2015 6216 4715 2574 6755 5076 2825 6762 7025 3248 2295 6992 6615 1144 1995 3128 5145 4862 675  5624 2655 6968 5415 308  1065 1696 2343 2812 3429 4046 4395 5356 5487 6716 6531 2192 477  70   3411 856  6957 1630 849  2438 2127 3266 3513 3970 4387 7074 4829 996  5257 3012 5747 5532 6187 402  6671 2586 7181 5118 59   6618 421  20   997  1676 1609 3812 2287 6236 2957 422  3671 1502 4391 2734 5113 4022 5857 5378 6637 6778 
6048 715  5796 3355 1092 5795 3936 725  5922 4975 432  265  5264 3315 3872 2205 2552 3255 4136 7155 4186 1815 6328 4335 704  225  1148 1905 2204 2865 3476 3945 4708 5019 6028 6021 7372 7185 5552 1773 488  5283 1298 327  2074 1497 2806 2841 3638 4183 6438 4601 294  5065 1956 5497 4308 5977 7002 6467 1434 6973 3846 49   6296 211  7042 701  716  1301 2708 1973 5036 2657 22   3331 934  4021 2102 4783 3338 5507 4702 6263 6074 6997 
3575 2016 2035 4914 4625 2604 6715 4884 3125 6816 7075 2832 545  6608 3705 1496 1365 3256 5565 4888 765  5642 2745 7112 5895 352  1095 1804 2355 2828 3435 4108 4431 5350 5523 6728 6567 2224 507  88   3447 872  7083 1634 879  2456 2157 3272 3543 3982 4393 7134 4841 1014 5263 3084 5753 5556 6191 426  6677 2598 7183 5142 61   6634 431  28   1009 1682 1613 3868 2293 6268 2963 446  3673 1514 4397 2746 5119 4034 5861 5386 6653 6782 
7056 935  6804 3485 1152 5875 3822 775  5964 5275 528  305  4848 815  2156 4485 2432 4305 4216 2025 4424 1425 6314 4365 832  105  1196 1869 2236 2895 3484 3999 4768 4983 6052 6063 7364 7221 5584 1791 494  5337 1304 339  2086 1509 2810 2859 3656 4187 6474 4609 306  5063 1962 5509 4302 5983 7044 6485 1446 6979 3858 121  6298 7269 7046 709  722  1303 2732 1979 5108 2659 26   3343 958  4027 2122 4787 3386 5519 4714 6269 6082 7001 
4675 3276 1955 5208 4745 2664 6745 4998 3175 6936 7325 3078 565  6576 985  3388 4875 3496 6195 5032 825  5656 2775 7144 5715 416  1185 1888 2373 2852 3477 4114 4407 5372 5505 6748 6585 2384 531  104  3501 874  7173 1670 921  2482 2181 3278 3561 3992 4405 7242 4837 1062 5267 3114 5755 5598 6193 438  6683 2634 7195 5154 71   6682 433  32   1013 1684 1619 3884 2297 6284 2969 454  3677 1522 4409 2762 5147 4054 5867 5398 6659 6814 
6552 1045 7308 3515 1176 5885 3906 845  5976 5537 624  295  4944 835  468  1165 896  5805 4264 5625 4522 1665 6344 4425 1088 135  1204 1917 2050 2919 3488 4011 4780 5037 6068 6099 1024 7239 5648 1899 506  5391 1310 381  2104 1527 2822 2901 3658 4193 6486 4613 342  5069 2004 5513 4338 5989 7116 6487 1506 6989 3882 169  6302 7311 7048 719  724  1307 2738 1987 5116 2663 34   3347 974  4049 2126 4789 3394 5521 4742 6271 6098 7013 
5225 3528 2125 6006 4945 2652 6785 5082 3275 6984 625  2928 635  6642 995  882  1285 1736 6345 2926 975  5704 3015 7192 5925 364  1245 1862 2379 2888 3441 4148 4503 5380 5511 6740 6573 2416 549  110  3573 890  7281 1688 933  2486 2199 3286 3579 4010 4399 7170 4843 1068 5269 3156 5759 5604 6209 474  6697 2658 7199 5178 67   6674 439  44   1019 1724 1621 3908 2309 6316 2971 458  3691 1538 4421 2798 5153 4058 5869 5414 6661 6826 
4032 1235 1512 3565 1188 5845 3978 925  5984 5575 648  335  5022 865  588  1157 1548 1405 2002 7395 4648 1845 6392 4545 1216 165  1274 1947 2140 2937 3550 4017 4796 5061 6112 6123 80   7257 5744 2007 518  5409 1334 393  2110 1563 2824 2913 3670 4189 6504 4619 414  5071 2034 5515 4404 5993 7146 6493 1542 6995 3918 289  6306 223  7064 727  764  1319 2764 1993 5132 2671 38   3359 982  4051 2138 4793 3398 5527 4754 6277 6122 7019 
6325 4284 2185 6426 5035 2784 6895 5088 3425 6944 55   3408 649  6672 1055 1044 1315 2196 1555 3416 855  5698 3075 7208 6165 392  1335 1876 2397 2842 3471 4150 4509 5396 5559 6752 6591 2512 603  128  3609 902  7299 1702 939  2488 2217 3298 3603 4024 4411 7230 4847 1098 5287 3174 5761 5634 6227 498  6707 2694 7201 5262 73   6654 443  50   1021 1732 1627 3932 2311 6332 2999 466  3697 1546 4423 2818 5167 4078 5879 5422 6673 6866 
3024 1265 2184 3625 1224 5995 3996 1025 6132 5675 816  365  5136 871  612  1169 1692 1415 3204 1679 4466 1725 6424 4575 1472 195  1276 1965 2254 2943 3556 4023 4820 5109 6116 6129 112  7263 5872 2043 530  5463 1336 411  2114 1569 2830 2931 3674 4195 6594 4631 348  5089 2076 5533 4476 5999 7188 6497 1578 7003 3954 361  6310 227  7086 733  772  1321 2804 1997 5156 2677 46   3361 998  4057 2174 4799 3418 5531 4762 6287 6134 7027 
6875 4704 2255 7182 4895 2898 6815 5096 3475 6972 65   3216 655  6832 1067 5550 1333 2412 1565 4572 1765 5768 3195 7238 6225 476  1431 1892 2403 2884 3495 4192 4521 5404 5529 6812 6603 2608 639  130  3681 904  7389 1730 951  2494 2229 3302 3639 4042 4415 7266 4849 1164 5293 3222 5765 5706 6233 582  6731 2742 7217 5286 79   6698 449  52   1031 1756 1637 3964 2333 6388 3001 478  3701 1574 4441 2846 5171 4106 5881 5426 6679 6898 
4368 1375 2688 3655 1248 5945 4004 6885 6496 5687 912  355  5168 3105 3724 1199 6570 1417 3468 1685 6012 1853 6536 4635 1856 285  1312 1971 2150 3009 3572 4029 4832 5055 6148 6135 176  7287 5968 2061 536  5517 1342 417  2134 1623 2834 2949 3682 4197 4354 4633 372  5093 2148 5539 4518 6001 7212 6503 1614 7009 3966 529  6322 7323 7090 739  788  1327 2836 1999 5164 2683 58   3371 1006 4073 2182 4801 3442 5557 4766 6299 6158 7039 
3025 4788 2365 6888 5015 2904 6935 5152 6435 7168 85   3472 2145 1568 3915 6076 1339 6640 1589 4716 1769 7164 1943 7304 6255 544  1443 950  2409 2980 3507 4220 4539 5428 5595 6764 6645 2672 657  136  3771 938  81   1738 993  2504 2253 3310 3651 4066 4359 4552 4853 1206 5299 3228 5767 5748 6239 534  6739 2766 7223 5298 83   6706 457  68   1033 1772 1657 3988 2339 6404 3011 482  3709 1594 4447 2854 5179 4126 5897 5438 6689 6914 
4536 1595 2856 3685 1368 6035 3948 1075 6664 4455 2128 5445 5488 3135 4508 4785 952  4959 5780 1687 6228 1865 378  2005 1984 345  1292 2001 2180 2967 3580 4047 4844 5073 6164 6153 208  7305 6064 2097 568  5547 1358 447  2146 1641 2872 2973 3686 4207 4366 4593 4718 5095 2166 5543 4548 6005 7218 6499 1626 7031 4038 841  6346 7341 7096 743  796  1361 2876 2003 5188 2687 62   3373 1018 4079 2186 4813 3446 5563 4778 6301 6166 7043 
4225 5292 2375 7224 5125 2912 6985 5112 3725 7072 2475 3536 2565 1792 4125 7252 5115 2072 5301 1640 1781 168  1945 594  2105 532  1455 1924 2451 2890 3531 4172 4551 5420 5649 6844 6657 2768 711  152  3789 962  15   1742 1011 2506 2271 3322 3669 4072 4377 4558 4791 4906 5305 3252 5771 5766 6245 606  6743 2778 7231 5322 89   6712 461  76   1039 1796 1663 4036 2341 6428 3019 502  3719 1618 4451 2858 5189 4138 5903 5458 6691 6922 
7392 1615 1848 3835 1386 6095 4056 1175 6138 5725 1904 1485 5936 3375 4732 4845 1288 6045 2618 5589 770  1891 408  2045 858  2215 1316 2013 2260 3021 3596 4035 4828 5133 6140 6141 272  7317 6128 2151 574  5553 1378 453  2152 1671 2882 2991 3688 4213 4376 4627 4726 5001 5026 5545 4596 6013 7284 6505 1662 7033 4062 961  6366 229  7102 751  844  1367 2908 2011 5204 2689 74   3389 1042 4091 2194 4817 3466 5569 4786 6311 6178 7057 
7225 2772 2405 1008 5135 2952 6965 5244 3757 6996 95   3584 2805 2548 4185 616  5535 2408 6555 3094 6417 3430 1957 696  2155 1122 2323 1180 2553 2924 3537 4214 4587 5450 5673 6850 6693 2864 747  154  3879 946  21   1784 1041 2510 2283 3346 3687 4082 4413 4568 4803 4910 5223 5162 5773 5844 6259 618  6749 2802 7235 5442 97   6702 463  92   1049 1828 1667 4052 2347 6436 3023 514  3727 1622 4457 2866 5197 4162 5923 5462 6701 6926 
6336 1625 3192 3875 1428 6215 4128 1325 6144 5825 1104 395  6032 3795 5408 4995 1064 5865 2744 3645 4984 891  4970 2071 888  2231 1302 2453 2272 2955 3604 4065 4876 5151 6176 6177 304  7329 6224 2169 584  5571 1370 471  2158 1689 2914 3027 3704 4223 4378 4629 4738 5007 5030 5433 5282 6017 7356 6509 1686 7037 4098 1369 6376 233  7122 757  892  1373 2932 2017 5212 2693 82   3391 1046 4093 2206 4831 3482 5573 4798 6317 6218 7069 
2275 4104 2465 2268 5291 2976 6955 5124 3751 7008 35   3504 671  3328 7245 1672 5655 2296 6375 3458 1035 5848 5913 6230 2159 1110 2327 1554 2509 2948 3567 4228 4605 5452 5685 6868 6735 2896 801  170  3897 970  27   1778 1047 2522 2307 3352 3693 4090 4417 4570 4821 4922 5241 5174 5631 5486 6281 642  6751 2874 7241 5466 101  6730 467  98   1051 1844 1669 4076 2351 6452 3037 526  3733 1642 4463 2878 5209 4166 5927 5482 6703 6934 
4752 7105 3564 3895 1632 6055 4092 1445 6174 5819 1392 391  5250 893  6292 3675 2584 6105 2968 495  5278 2115 6578 459  7370 2227 1410 2449 1806 2587 3610 4071 4964 5157 6244 6183 368  7347 6352 2259 590  5679 1384 489  2162 1707 2930 3039 3706 4227 4390 4647 4744 5079 5038 5469 5288 5847 5614 6511 1698 7045 4146 1681 6378 239  7126 761  908  1381 2956 2027 5228 2699 86   3407 1082 4099 2218 4861 3494 5581 4822 6323 6238 7079 
2975 4224 2065 4416 4585 2964 7015 5166 3775 7068 77   2600 667  630  1081 1768 1155 3712 6765 3752 1125 5896 3225 7336 837  140  2329 1608 2515 2058 2743 4268 4611 5516 5697 6908 6681 3056 867  182  3951 986  33   1786 1059 2534 2319 3358 3711 4094 4427 4582 4827 4936 5259 5176 5637 5470 5997 5752 6757 2922 7249 5514 103  6738 479  116  1061 1852 1693 4084 2357 6476 3041 538  3739 1646 4481 2894 5227 4174 5939 5498 6709 6938 
5616 7175 3888 3395 1404 6083 4248 1525 6188 5975 1488 407  4760 899  4740 1211 2944 3885 4408 7215 4774 1935 6734 4815 2368 1173 550  2461 1914 2603 2346 2831 4850 5181 6220 6213 464  7359 6416 2313 598  5769 1390 501  2168 1713 2936 3057 3730 4237 6648 4645 4792 5091 5048 5493 5302 5853 5630 6159 5866 7051 4206 1849 6394 241  7138 769  916  1399 2972 2029 5276 2707 94   3413 1094 4111 2234 4871 3506 5591 4834 6329 6242 7103 
6545 4968 2135 5568 4795 3096 7055 5256 3925 7038 125  3726 689  1050 1079 5820 1337 3608 6405 5192 1215 5992 3285 7378 6675 572  1479 1210 2513 2130 2723 2568 2923 5536 5691 6940 6747 3088 873  184  3987 994  39   1790 1077 2536 2361 3368 3747 4102 4429 7194 4855 4942 5277 5198 5667 5494 6009 5762 6297 5966 7255 5574 107  6754 487  124  1063 1868 1697 4124 2371 6484 3049 542  3761 1654 4483 2902 5231 4178 5953 5506 6719 6982 
3744 4375 4176 3535 1656 6205 4116 1475 6204 5887 1536 413  3690 901  4650 1207 6540 1457 4472 315  5434 2175 6622 4905 2624 255  1352 2037 2312 2611 2370 2827 2862 2995 6304 6231 512  7365 6544 2367 602  5787 1394 519  2198 1731 2938 3063 3736 4247 6666 4661 444  5105 5066 5541 5306 5919 5654 6189 5870 6429 6062 2209 6386 7377 7174 773  932  1409 3004 2039 5284 2711 106  3433 1114 4127 2246 4877 3518 5623 4846 6337 6274 7109 
7315 4992 2345 5832 4865 3036 7085 5236 3887 660  133  2790 679  4260 1043 6030 1343 7120 2583 5336 735  6016 3555 7384 6705 608  1491 1150 2607 2950 2747 2562 2929 3144 3073 6950 6771 3152 909  190  4041 1010 57   1798 1101 2542 2391 3370 3777 4118 4435 7314 4859 1212 5311 5206 5703 5518 6033 5770 6333 5974 6663 6170 7017 6758 491  148  1069 1916 1699 4132 2377 6508 3061 554  3767 1658 4493 2906 5233 4198 5981 5534 6733 6998 
7344 1225 4212 3605 1716 6235 4256 5265 6688 6223 1860 427  3740 889  4770 1241 6780 1441 5900 4599 5504 2325 6784 5025 2752 375  1364 2067 2324 3051 3620 2839 2886 3005 3306 3139 496  7383 6704 2421 610  5823 1414 537  2216 1761 2954 3093 3766 4265 6726 4667 486  5111 2172 5549 5338 5937 5662 6207 5882 6459 6070 6819 6398 9    7178 787  956  1423 3028 2053 5308 2713 118  3449 1126 4129 2258 4889 3554 5639 4874 6343 6326 7121 
5005 6264 2485 5952 5185 3108 7205 6272 2925 2992 161  2820 703  4350 1057 6060 1349 180  1577 1720 6363 6136 3525 784  6795 644  1515 1952 2445 2996 3597 4232 2933 3162 3085 3576 3223 3184 927  230  4107 1016 51   1810 1119 2546 2427 3374 3831 4142 4439 7368 4867 1236 5315 3258 5777 5522 6051 5786 6339 5986 6711 6182 7023 6766 499  164  1087 1922 1709 4156 2381 6548 3067 562  3769 1678 4507 2918 5237 4222 5987 5554 6737 7022 
4896 385  4464 3745 1824 6305 4392 1675 6776 4275 2288 437  6090 913  4960 1219 7050 1469 2450 5661 3160 567  6808 5085 3008 435  1372 2055 2332 2985 3616 4053 4972 3013 3318 3149 3810 3287 6736 2439 632  5877 1406 573  2222 1779 2984 3099 3782 4249 6690 4681 492  5123 2286 5561 4626 6019 5672 6243 5894 6483 6086 6843 6410 3    7190 797  964  1427 3044 2063 5444 2719 122  3457 1138 4133 2302 4903 3566 5641 4882 6353 6334 7127 
1925 5304 2555 7104 4991 3132 7021 5346 4075 7084 6075 4144 697  1120 2277 6460 1351 300  1591 280  6579 4040 6399 1936 7065 736  1545 1972 2505 3038 3585 4292 4623 5540 3077 3624 3227 4026 3379 232  4113 1022 69   1802 1137 2570 2433 3382 3837 4154 4453 144  4873 1278 5317 3324 5789 5892 6283 5798 6387 5990 6717 6184 7041 6770 503  172  1091 1948 1721 4196 2383 6628 3079 566  3779 1706 4513 2942 5261 4226 6007 5578 6761 7034 
5472 805  4608 3815 1836 6251 5160 2009 6318 6025 2576 1755 5456 1989 5180 4059 2000 1477 3492 1691 910  1377 5110 351  3392 465  1376 2085 2336 3081 3626 4077 4988 5211 6250 3143 3894 3293 4182 3431 638  5931 1432 543  2230 1797 3002 3117 3790 4267 6744 4685 516  5129 2292 5567 4668 6023 7362 6515 5902 6537 6088 6861 6430 251  7158 809  1004 1429 3076 2069 5468 2729 134  3461 1142 4139 2306 4909 3574 5647 4894 6359 6338 7129 
2695 5928 2585 2304 5159 2760 7189 7320 3703 7236 145  4048 4095 7216 2691 6580 4719 800  1603 4932 1793 3710 6723 6290 861  748  1533 2048 2595 3052 3615 4316 4665 5548 5709 6956 3233 4074 3385 4344 3505 1034 87   1816 1149 2626 2463 3406 3849 4168 4469 324  4883 1284 5321 3372 5803 5958 6295 654  6767 6008 6729 6190 7053 6794 509  188  1093 1964 1723 4204 2389 6652 3083 586  3793 1714 4517 2962 5273 4258 6011 5582 6763 7054 
6624 595  5328 3905 1944 6293 5130 2107 6080 6253 1134 415  5632 5985 1408 3933 2320 819  6050 1703 6348 1903 5240 429  400  1239 580  2091 2356 3111 3652 4089 5012 5205 6308 6285 592  3295 4242 3443 4494 3595 1426 579  2242 1803 3014 3147 3794 4269 4382 4687 522  5131 2316 5579 4734 6031 48   6523 1758 7061 6094 6879 6446 257  7198 811  1028 1433 3092 2081 5492 2731 142  3463 1154 4153 2326 4919 3578 5651 4918 6361 6362 7151 
3185 5016 2635 2352 5335 3384 7259 720  3871 990  221  3792 685  2816 6825 2176 5187 1100 2709 1870 1799 120  1961 6520 897  200  1551 1220 2613 3020 3621 4384 4671 5564 5745 6958 6777 3376 3383 4374 3523 4674 3661 1826 1167 2630 2469 3422 3867 4184 4443 4610 4891 1308 5327 3396 5809 5988 6289 678  6769 2946 7261 6194 7071 6802 521  212  1097 1996 1733 4244 2393 6668 3089 614  3797 1718 4519 2966 5279 4262 6029 5594 6779 7058 
7128 455  5808 3965 1596 6355 4446 2303 7290 6137 6930 481  5232 895  5888 945  2728 1071 6100 4977 3190 1883 330  2051 2500 1221 620  2109 2350 3129 3650 4137 5020 5217 6356 6291 656  729  6896 3437 4530 3601 4776 3743 2248 1821 3026 3153 3806 4281 4394 4659 4790 5137 2358 5585 4764 6041 162  6527 1842 7063 4254 2809 6454 263  7202 821  1052 1439 3148 2083 5524 2741 146  3467 1174 4157 2342 4931 3602 5653 4934 6367 6374 7159 
3325 4488 2665 1344 5365 3234 7285 5382 3971 5460 323  1890 713  6966 1099 1976 2415 3784 2793 1880 6489 3910 1963 570  2171 340  1593 1340 2619 3050 3633 4324 4683 5566 5757 6980 6789 3568 963  248  3521 4686 3667 5010 3809 2648 2481 3434 3873 4190 4449 4616 4839 4952 5339 3438 5815 6036 6313 762  6773 2994 7265 5622 109  6774 523  236  1103 2012 1741 4252 2399 6676 3109 622  3803 1726 4523 2974 5281 4274 6037 5602 6781 7066 
6864 665  5508 4015 1638 6365 4312 1775 6324 6413 7280 451  5320 923  4980 1243 3016 4935 4664 5229 3230 1053 5170 2059 918  2249 740  2121 2444 3171 3692 4155 5024 5235 6358 6351 688  45   6928 2493 646  3611 4794 3763 5238 3883 3032 3183 3818 4279 4402 4677 4808 5097 5074 5587 4812 6049 36   6533 1866 7067 4314 3481 6414 269  7206 823  1058 1447 3188 2087 5596 2749 158  3469 1186 4159 2362 4933 3622 5657 4946 6373 6382 7177 
4025 6528 2755 5824 5375 3348 7345 5412 4067 1020 209  2730 731  1400 1111 6150 1357 3848 7035 5248 6633 4120 7203 6490 2173 1128 2353 1420 2667 3068 3657 4396 4695 5572 5727 7004 6855 3632 981  238  4149 1030 3679 5064 3817 5394 3961 3448 3891 4210 4461 4630 4857 4958 5331 5210 5833 6066 6319 786  6787 3018 7271 5646 113  6806 541  242  1109 2036 1747 4276 2411 6772 3119 626  3821 1754 4547 2978 5297 4282 6043 5606 6791 7078 
3168 875  5904 3995 1932 6409 4428 1805 6372 6419 1950 473  4830 949  5310 1247 7110 1507 4712 525  5512 1539 5270 483  320  2257 1416 2471 2516 3165 3668 4161 5044 5253 6260 6303 752  63   7024 2523 658  5949 1442 3755 5334 3893 5502 4033 3830 4287 4430 4699 4814 5127 5090 5583 5362 6059 24   6535 1878 7073 4362 3721 6470 271  7222 827  1076 1451 3236 2089 5618 2753 166  3491 1198 4177 2374 4937 3646 5659 4954 6379 6406 7187 
4165 6072 2765 4356 5395 3402 7337 5418 4175 7254 187  3640 737  1470 1133 6390 1363 450  1631 5368 1275 6104 7209 6680 903  220  2359 1674 2519 3104 3699 4444 4731 5588 5763 7028 6837 3664 1017 250  4167 1048 93   1832 3827 5430 3973 5730 4097 4202 4467 4634 4863 4966 5349 5222 5721 5528 6331 822  6797 3054 7273 5682 127  6818 547  244  1117 2084 1753 4348 2417 6788 3121 634  3823 1762 4549 2986 5303 4286 6047 5638 6793 7082 
5148 1015 6156 3955 2052 6565 4452 1825 6396 6275 1776 493  6440 979  5070 1253 240  1501 3636 1711 5432 2385 6902 513  3776 1269 650  2479 1830 2627 3718 4179 5050 5271 6340 6357 944  75   7088 2529 664  6057 1448 591  2264 3899 5538 4037 5838 4285 4438 4701 4826 5141 5122 5597 5384 5961 5678 6539 1902 7081 4398 4489 6466 277  7256 829  1084 1453 3244 2099 5636 2767 178  3499 1202 4201 2386 4943 3662 5669 5006 6389 6418 7193 
4655 6696 2795 1296 5215 3366 7375 5586 4205 7098 115  3952 5049 1820 1121 6180 1379 1280 1633 5004 1795 6118 3735 2704 7275 812  1581 1450 2533 2136 2705 4448 4767 5612 5781 7018 6915 3728 1083 286  4203 1054 111  1834 1191 2662 3977 5736 4103 6024 4471 4642 4881 4978 5345 3516 5837 5542 6081 5816 6799 3126 7277 5718 131  6824 557  268  1123 2092 1759 4364 2423 6796 3137 662  3833 1766 4561 2998 5309 4306 6053 5666 6803 7094 
6732 1295 6768 4085 2088 6265 4512 1975 6408 6425 1782 445  6448 5643 5740 1261 810  1513 3708 1717 6444 1895 6952 5325 3904 555  1484 2133 2366 2605 2418 2845 5084 5295 6364 6315 848  99   7184 2547 670  6093 1462 597  2266 1839 3058 4039 5886 4291 6792 4705 4838 5143 2364 5599 4842 6065 5726 6249 5912 7087 4434 5041 6472 281  7258 839  1108 1459 3284 2111 5692 2777 194  3511 1214 4211 2402 4951 3694 5683 5042 6397 6434 7207 
5075 7176 2905 6084 5285 3552 7385 5664 4325 7272 155  3984 695  3332 2673 6650 1391 700  1639 5436 1807 216  1967 4624 7335 836  1599 1460 2679 3124 2735 2616 2935 5644 5811 7052 6873 3824 1143 266  4311 1066 141  1846 1203 2666 2487 3454 4105 6042 4487 192  4885 1314 5353 3474 5855 6108 6341 5822 6393 6010 7279 5802 137  6830 563  284  1129 2164 1777 4372 2437 6836 3163 674  3847 1774 4567 3022 5323 4322 6067 5674 6823 7114 
6912 1085 6192 4255 2232 6307 4524 2075 6432 6575 1968 469  5424 905  5684 4131 2480 5031 6700 1727 6498 1897 390  2077 4544 615  1504 2139 2492 3219 3772 2855 2958 3007 6350 6369 976  117  7312 2637 682  6147 1474 633  2270 1851 3034 3189 3832 4295 6798 4709 558  5149 2388 5603 4878 6071 30   6541 5918 6609 6106 5329 6478 283  7270 853  1124 1471 3292 2113 5708 2789 202  3517 1226 4217 2426 4957 3722 5689 5062 6421 6442 7211 
4235 7296 2875 4928 5405 3762 175  5676 4361 7326 203  2850 707  7152 1115 728  4653 980  5499 1190 1817 264  1981 690  2177 884  1605 1988 2685 3116 3723 4484 2947 3090 3091 7060 6939 3856 1179 290  4383 1070 123  1864 1227 2674 2517 3464 3903 4234 4501 1458 4897 1356 5357 3546 5873 6246 6347 834  6805 6014 6753 6202 7113 6838 569  292  1151 2188 1783 4388 2441 6884 3167 694  3851 1814 4583 3046 5333 4358 6073 5686 6827 7118 
5184 1435 1728 4355 2142 6625 4554 2225 6534 6647 1710 497  3800 917  684  1195 1624 5247 7100 5841 1750 1909 456  2101 870  2263 1508 2187 2528 3201 3820 4173 5092 3017 3336 3151 1072 147  7376 2763 686  6219 1490 669  2278 1857 3064 3207 3838 4299 4454 4711 564  5155 2466 5609 4908 6077 42   6557 1986 7091 6130 6891 6482 293  7278 857  1132 1481 3308 2129 5716 2791 206  3527 1234 4219 2434 4967 3734 5693 5078 6427 6458 7213 
5425 1584 2945 1764 5555 3444 325  5628 4475 7332 217  2860 4347 4420 1141 1116 1345 2632 5577 1330 6903 4070 2021 702  2183 1218 2335 2044 2697 3140 3729 4450 4773 5620 3097 3618 3235 4016 1233 296  4419 1090 129  1886 1257 2678 2559 3470 3909 4238 4479 4646 4907 1422 5359 3582 5891 6252 6371 894  6809 3138 7289 6206 7131 6842 571  316  1153 2228 1787 4412 2447 6892 3169 698  3853 1822 4591 3062 5347 4406 6079 5702 6829 7142 
2376 1505 2112 4465 2208 6479 4644 2425 6588 6713 2070 511  4000 4851 5800 1267 1908 1465 3304 6003 2170 1863 5330 2117 930  2279 1326 2435 2596 3237 3836 4191 5054 5289 6368 3155 3912 3305 196  2799 710  6309 1498 681  2282 1893 3070 3261 3842 4307 4456 4713 4856 5161 2502 5611 4986 6085 54   6559 2022 7093 4458 6241 6488 307  7282 859  1172 1483 3316 2131 5732 2797 214  3529 1238 4229 2446 4969 3742 5701 5086 6449 6502 7219 
5635 1872 3115 792  5453 3000 539  5688 4477 1140 259  3180 721  4640 2079 6760 1387 2556 1585 3976 6897 4130 1089 6790 2189 1230 2369 1704 2545 3164 3741 4460 4833 5650 5817 7076 3239 4134 3397 310  4491 1096 159  1898 1263 2686 2571 3478 3921 4246 4497 4654 4911 4982 5363 3684 5893 6276 6349 906  6817 3246 7291 5826 139  6854 577  332  1163 2252 1789 4418 2459 6932 3181 706  3863 1838 4597 3086 5351 4414 6089 5714 6833 7162 
2808 1645 2496 4445 2244 6461 5640 2527 7360 6727 2080 517  3870 943  5920 3927 2560 1517 3852 1735 5474 2349 5480 561  4288 2291 1464 2455 1938 2615 3796 4209 5068 5307 6422 6447 1136 3317 4296 3439 712  6381 1510 687  2294 1923 3074 3273 3854 4303 4462 4717 4858 5163 5126 5615 5028 6103 66   6583 2082 7097 4506 6889 6494 311  7288 863  1228 1487 3356 2137 5756 2801 218  3533 1262 4231 2458 4973 3746 5711 5098 6451 6506 7229 
6125 2448 2915 864  5495 3816 637  1200 4693 1350 253  3570 767  1540 2907 6880 5313 1300 1643 5202 1829 4250 441  6670 969  260  2363 1722 2537 2214 2759 4532 4755 5668 5829 7124 6945 4112 3403 4386 3545 1102 177  1910 1293 2690 2577 3490 3957 4294 4499 60   4913 4990 5361 5224 5899 6282 6377 942  6821 3282 7295 5862 149  6856 587  338  1171 2276 1801 4436 2467 6962 3187 718  3877 1858 4603 3098 5381 4426 6091 5722 6841 7166 
3432 1715 3264 4345 2484 6335 4692 2597 900  6811 2220 533  6510 989  5390 4329 3280 1197 7300 1739 6516 1919 5560 357  4672 1281 820  2483 1974 2623 2424 2863 5216 5319 6412 6441 1168 153  100  3473 4578 3635 1526 699  2290 1929 3082 3279 3874 4309 6810 4727 636  5173 5128 5601 5402 6107 78   6587 2094 7099 4542 5    6522 313  7294 877  1244 1489 3362 2141 5788 2803 226  3539 1282 4241 2462 4987 3754 5717 5102 6469 6514 7237 
6475 2592 3055 504  5605 3588 245  5742 4753 1170 287  3330 779  1960 3159 6820 6279 1700 2961 2090 1819 210  1969 6890 957  380  1647 1550 2561 2190 2761 2622 2941 5660 5871 7136 6951 4208 1251 328  3551 4728 3683 1912 1299 2696 2589 3502 3963 4298 4511 72   4915 1494 5371 5230 5739 5546 6385 978  6835 3342 7303 5898 151  6862 593  356  1181 2284 1811 4468 2473 6964 3191 734  3881 1874 4621 3106 5387 4442 6101 5758 6857 7186 
3456 1705 3864 4495 2464 6665 4576 2525 6612 7139 2250 527  7000 6831 5950 4563 2960 1323 7220 5439 3250 1921 546  2123 5056 1353 850  2163 2540 2629 2472 2867 2910 3029 6532 6453 1250 171  256  2817 730  3629 4806 3781 2314 1941 3110 3291 3878 4313 6834 4735 666  5165 2532 5617 5410 5979 5734 6589 2118 7111 4566 7    6526 317  7298 881  1252 1493 3412 2143 5804 2819 254  3541 1286 4243 2474 4993 3758 5737 5114 6473 6518 7243 
5915 2736 3145 672  5695 3654 425  5724 4525 3072 247  2310 793  2380 2871 6860 4743 1900 3087 2120 6741 4360 1991 714  2165 868  1653 1580 2703 3172 2771 2670 2951 3186 3095 7154 6963 4304 1341 322  4527 1106 3695 5106 3829 2698 2631 3512 3981 4310 4529 96   4927 1524 5377 3732 5911 5558 6087 5842 6839 3378 7313 5946 157  6872 599  388  1187 2308 1823 4492 2477 6988 3203 746  3889 1882 4637 3118 5393 4474 6113 5774 6863 7214 
3672 1855 3648 4505 2394 6655 4662 2575 6636 6725 2064 551  2800 1287 6020 4437 3440 1449 440  5607 3320 2511 5510 2119 966  2245 1564 2211 2620 3243 3860 2869 2982 3035 3354 3161 1264 207  484  2853 742  6471 1528 3785 5352 3901 3112 3309 3886 4317 4490 4739 708  5177 2676 5627 5046 6109 5690 6261 5930 7117 4614 11   6530 331  7302 883  1268 1499 3428 2153 5812 2833 262  3547 1294 4253 2498 4999 3778 5741 5158 6481 6542 7247 
7007 3312 3245 756  5665 3612 275  5772 4775 576  185  4272 781  2660 3069 5120 6699 3100 3339 2210 6867 4280 1521 6710 2197 1242 2395 2108 2727 3146 3753 4540 2959 3198 3101 3666 3241 4336 1359 344  4581 1112 183  1918 3839 5448 3979 3514 4083 4318 4531 90   4939 1572 5383 3756 5905 6354 6383 5846 6411 6026 7319 5982 163  6874 601  404  1193 2348 1831 4516 2503 7012 3209 758  3907 1894 4639 3134 5399 4478 6121 5794 6869 7226 
7200 2431 4872 4565 2436 6695 4824 2645 6678 6775 2106 485  5994 1003 5980 4389 3760 1617 520  6027 3410 2997 5530 621  5312 2285 1482 2491 2656 3297 3916 4233 5140 3031 3390 3173 3930 3337 676  2883 754  6543 1534 717  2318 3935 5562 4043 3890 4319 6858 4741 732  5183 2682 5629 5052 6115 102  6593 5944 6621 6142 13   6538 337  7306 887  1324 1511 3436 2161 5836 2837 274  3557 1306 4259 2518 5003 3802 5743 5182 6491 6598 7253 
5929 3600 3553 936  5735 3808 475  5856 4805 2916 205  4698 745  7248 1139 1600 6783 2300 3717 2440 6909 4370 2601 6920 987  928  2419 1752 2563 3196 3759 4580 4887 5728 3103 3738 3247 4110 3401 370  4689 1118 201  1928 1317 2702 3985 5754 4117 6102 4535 84   4955 1602 5389 3798 5909 6462 6395 1002 6859 6034 6801 6226 7143 6878 607  412  1201 2372 1847 4604 2521 7036 3217 766  3911 1906 4643 3142 5407 4486 6131 5806 6871 7234 
6480 2717 5040 5423 2646 6721 4956 2675 6708 6845 2256 505  6096 955  768  1271 4240 1701 640  6069 3560 3321 5590 609  5696 645  1612 2489 1992 2641 3940 4239 5150 5343 6524 3193 3942 3341 4266 3487 776  6597 1544 753  2330 1959 3122 4045 5874 4315 6846 4747 726  5191 2718 5633 5058 6119 114  6595 2154 7115 6146 6927 6554 347  7322 907  1348 1523 3452 2179 5884 2843 278  3559 1318 4261 2554 5009 3814 5749 5186 6521 6602 7283 
1001 2880 4147 6300 5797 4200 1573 5814 4825 3136 215  4592 755  252  1135 1332 1393 2420 3381 2360 7011 4270 3249 6970 999  968  1635 2068 2567 2226 2773 4556 4809 5764 5835 7172 3263 4152 3409 4470 3563 1130 213  1930 1329 2710 2643 3526 4109 6162 4541 108  4963 1644 5401 3804 5917 6492 6401 1074 6847 3414 7327 6214 7149 6886 613  428  1213 2396 1861 4612 2531 7108 3221 778  3917 1934 4649 3158 5413 4502 6133 5818 6883 7246 
4320 2821 1440 5083 3360 6851 1680 2783 6786 6925 2544 515  6256 965  828  1205 2028 1537 680  6039 2030 3483 5750 627  6208 705  1628 2193 2650 2651 2490 2893 5252 5373 6556 6465 1328 3349 4278 3493 4584 3641 1558 723  2338 1977 3130 3327 3896 4321 6870 4757 738  5195 2724 5645 5094 6127 138  6605 2202 7123 4638 17   6568 349  7330 911  1388 1531 3508 2203 5924 2851 298  3571 1322 4271 2558 5011 3826 5779 5218 6529 6614 7297 
1309 4800 3773 4500 5863 5880 1859 1260 4961 336  235  4656 749  288  1145 1452 1355 2628 1651 1610 7029 4520 6561 7070 1023 988  1659 1660 2751 3232 2779 2712 2965 5746 5883 7196 6969 4432 3415 4422 3569 4710 3707 1946 1347 2714 2649 3530 4101 4328 4537 126  4979 1668 5411 3972 5921 6564 6403 1038 6865 3426 7339 6054 167  6904 617  436  1217 2404 1867 4652 2539 7132 3229 794  3919 1942 4651 3166 5417 4534 6143 5834 6899 7262 
4680 2849 1800 4459 5700 6919 5670 2873 2940 6877 2754 535  6288 959  972  1255 2124 1529 3924 1751 2590 3807 5810 663  6464 795  1748 2247 2668 3345 3956 2885 3048 3047 6550 6477 1424 243  1156 3455 4602 3647 4890 3791 2344 1983 3154 3351 3914 4331 6882 4763 774  5201 2748 5663 5172 6139 174  6611 2238 7133 4722 19   6546 353  7334 919  1396 1543 3524 2207 5932 2857 302  3581 1346 4273 2566 5021 3862 5783 5234 6547 6626 7307 
1463 7020 3857 4140 5467 2280 2057 2100 4901 4620 299  4816 785  396  1147 1476 1385 2844 1649 5364 1837 4690 4761 7030 1029 992  1677 1780 2739 3268 3765 4564 2977 3210 3107 7180 6981 4496 1413 374  3589 4758 3713 5190 3841 2726 2661 3538 4115 6168 4553 150  4981 1746 5429 4014 5933 6606 6407 1086 6881 3462 7343 6078 173  6906 619  452  1223 2428 1871 4684 2543 7148 3251 802  3923 1954 4657 3194 5419 4538 6151 5854 6907 7274 
5400 3059 1980 4823 7380 6391 6210 3179 3150 6929 6160 5967 6512 973  5060 1273 2178 1535 4068 1745 6876 1927 5830 651  6592 885  1666 2241 2716 3333 3892 4215 5194 3043 3486 3197 1552 261  1444 2979 782  3649 4818 3787 5358 3937 3170 3369 3922 4333 6942 4769 804  5207 2796 5671 5196 6145 186  6613 2274 7135 4782 23   6558 359  7338 929  1412 1549 3532 2213 5948 2861 314  3583 1354 4283 2578 5023 3866 5791 5242 6551 6638 7309 
1547 2160 3913 4860 5551 3480 833  1620 5203 4410 377  3080 6669 4840 3591 7150 1403 2988 1655 5652 1835 312  2033 7160 1107 1012 1695 2132 2715 3296 3783 4588 4899 5782 3113 3768 3265 4528 1467 376  4707 1162 3715 5214 3845 5454 3983 3544 4119 4330 4559 132  4985 1734 5435 4044 5935 6684 6415 1146 6887 3522 7355 6114 179  6910 631  508  1229 2452 1873 4724 2549 7156 3253 818  3929 1966 4663 3202 5431 4546 6163 5878 6911 7286 
3960 3367 2400 4543 1080 6517 5720 2891 6400 7267 7350 559  3920 2223 5500 5481 4720 1541 4332 1757 6948 1915 462  2147 6848 915  1652 2235 2684 3363 3950 4251 5260 5379 6566 3205 4002 3353 2116 3033 790  6627 1562 3799 5406 3941 5592 4055 3926 4341 4498 4765 846  5213 2826 5677 5268 6155 222  6617 2298 7141 4854 29   6562 367  7352 937  1436 1553 3548 2221 5956 2879 326  3593 1366 4289 2582 5039 3898 5801 5266 6553 6646 7321 
1729 2640 4123 3900 5593 2970 1127 4050 4949 1380 319  3990 799  3220 3393 880  6993 2900 1661 5868 1841 384  1985 744  2191 1184 1749 2144 2769 3212 3801 4598 4893 5792 5889 7264 3269 4170 3419 406  4869 1166 219  1958 3865 5478 3991 5778 4135 4334 4533 4658 4997 1788 5447 4086 5941 6714 6431 1158 6893 3558 7357 6126 181  6918 641  524  1231 2468 1877 4748 2551 7204 3257 838  3931 1982 4673 3214 5437 4562 6173 5906 6917 7318 
5280 3451 2340 4669 5850 6601 5610 2989 360  7301 2430 583  2240 7293 6200 4641 4880 1911 760  1763 7092 1937 552  2095 984  2305 1708 2265 2788 3405 4012 4245 5324 5385 6572 6495 1616 3377 4326 3497 808  6651 1570 771  2354 3953 5658 4061 5934 4351 4504 4737 4870 5219 2868 5699 5274 6157 246  6623 2334 7145 4866 31   6574 373  7358 941  1468 1559 3628 2237 5972 2887 334  3607 1382 4297 2594 5051 3902 5807 5294 6563 6658 7331 
2093 3240 4081 5100 5621 3510 1421 4400 5047 1500 301  3400 3861 3500 3267 1520 7161 3700 3549 2530 1843 270  2041 798  2195 1254 2407 2212 2781 3404 3813 4606 4929 5876 5901 7228 6987 4688 3421 4482 3587 1178 237  1970 1371 2758 4009 5784 4121 6222 4555 4696 4971 4994 5455 4122 5947 6756 6433 1182 6901 3594 7361 6186 191  6946 643  548  1237 2476 1879 4772 2557 7244 3259 842  3943 1994 4679 3218 5441 4574 6197 5914 6947 7342 
5760 3157 2700 4697 1560 6853 6360 3211 480  7381 2460 553  4600 1683 6370 4257 5000 1827 920  6111 3770 1939 510  2167 1026 2315 1518 2495 2756 3399 3980 4323 5290 5397 6596 6501 1648 279  3364 3503 4632 3653 1576 789  2378 2019 3176 4063 5910 4343 6954 4771 4886 5169 5134 5707 5316 6161 258  6629 2382 7147 4926 37   6582 379  7366 947  1492 1567 3644 2239 5996 2897 346  3613 1402 4327 2602 5059 3946 5813 5314 6569 6662 7333 
1771 3120 4301 5220 5719 3720 847  6800 5239 5600 341  3450 763  4940 3519 560  4797 4300 3843 2470 7119 4510 2047 750  2201 1272 2413 1794 2569 3260 3819 4628 4917 5828 5907 7268 7005 4802 1503 410  3599 4746 3737 1978 1383 2770 2721 3562 4141 6258 4573 198  5017 5002 5367 5246 5951 6822 6437 1194 6905 3606 7363 6198 193  6974 647  556  1249 2524 1889 4804 2579 7292 3271 862  3947 2018 4691 3226 5443 4586 6199 5926 6949 7346 
6120 3311 3420 4879 7260 6643 6750 3283 540  143  840  589  4020 1037 6380 4617 5360 1953 1000 6171 3880 4293 5890 2149 1032 2317 1566 2497 1998 2653 4064 4371 5344 5421 6620 6507 1712 333  3844 3123 806  3665 4902 3805 2398 2031 3178 3387 3928 4367 6990 4777 852  5221 5138 5613 5416 6167 282  6631 2406 7153 4938 41   6584 383  7374 953  1516 1571 3676 2243 6044 2903 358  3617 1418 4337 2606 5077 3958 5821 5318 6571 6686 7349 
2233 4080 4277 4950 5831 4440 1183 960  5243 1530 403  4480 803  4060 3627 1360 3969 3380 4221 2840 7047 4730 189  7130 2219 1290 2429 1770 2573 2262 2785 4636 4947 5860 5943 7276 7059 4912 1557 418  4923 1192 3749 5226 3859 2774 2733 3586 4143 4342 4571 156  5027 1812 5459 5254 5793 5570 6443 1266 6913 3642 7367 6234 197  6978 653  578  1259 2564 1901 4852 2591 7324 3299 866  3967 2026 4703 3238 5449 4594 6203 5938 6959 7354 
6240 3619 3060 4921 1320 6923 6270 3479 600  2401 2550 611  4900 1881 6560 3003 5680 2331 1160 6201 2870 4779 5960 741  6976 2321 1590 2501 2010 2669 2442 2881 5348 5451 6604 6519 1744 363  5476 3141 814  6687 1582 3811 5370 3949 3182 3453 3934 4353 4514 4781 876  5245 2892 5713 5446 5991 5710 6641 2454 7157 4962 43   6586 389  7386 967  1532 1579 3698 2251 6092 2909 362  3623 1438 4339 2614 5081 3974 5827 5326 6577 6694 7351 
2261 5520 4433 6900 6097 4590 1519 5200 5341 1650 329  3540 817  4340 3663 1840 5103 4100 4473 2680 7137 4750 231  7240 1113 460  2443 1896 2581 2322 2807 2706 2983 5908 5955 7316 7077 4976 1587 424  5013 1208 249  1990 3869 5496 3997 3590 4163 4346 4569 4670 5029 1818 5461 4164 5959 5608 6117 5864 6931 3678 7373 6254 7167 6986 659  596  1277 2572 1907 4868 2593 7388 3301 878  3989 2038 4721 3242 5471 4618 6211 5942 6961 7382 
5940 3689 3840 5117 1920 7049 6630 3509 780  119  2580 581  4230 1007 6500 5859 5840 2499 1240 6273 3010 4941 6040 759  7232 1407 860  2507 2046 2681 2538 2899 3030 3053 6644 6513 1808 369  7396 3177 824  6759 1586 807  2390 3959 5694 4087 5970 4369 4526 4749 4898 5249 2934 5723 5388 6169 5738 6267 5954 7165 4974 47   6590 397  7390 971  1556 1583 3716 2267 6124 2917 382  3631 1454 4349 2638 5087 3986 5839 5342 6581 6718 7369 
2639 4560 4403 5580 5957 4290 1813 4160 5491 1740 343  3630 791  4380 1159 1040 693  4700 4263 2750 7191 4810 297  7210 1131 500  1743 1690 2599 2328 2815 2814 2981 3270 3127 7328 7089 5008 1611 430  5043 1222 267  2006 1389 2776 4031 5790 4151 6312 4577 4706 4989 5014 5465 4188 5963 6828 6439 5858 6423 6056 7379 6262 7179 6994 661  604  1279 2588 1913 4892 2609 16   3307 886  4001 2042 4723 3254 5477 4622 6217 5998 6967 7394 
6600 3731 3300 5369 2040 931  7040 3213 1760 91   2610 623  4180 1027 5340 1331 6320 2541 1480 6321 4030 5427 6110 783  4096 1311 940  2289 2740 2701 2478 2911 3066 3071 3534 3199 2032 387  6724 3231 826  6813 1592 813  2410 2049 3206 4069 6018 4379 7014 4811 4904 5199 5144 5729 5484 6179 318  6635 5962 6639 6152 6933 6610 401  64   977  1588 1597 3748 2269 6172 2927 386  3637 1466 4357 2642 5099 3994 5843 5354 6599 6722 7393 
2737 6000 4199 6660 6061 4920 2023 3520 7371 2720 371  3660 851  3850 1189 6420 1397 5300 4557 2920 7353 4930 399  7310 1209 350  1767 1850 2829 3340 2813 2838 2987 3288 3133 3774 3277 5072 1629 434  5067 1246 291  2008 1401 2782 2757 3592 4145 6402 4579 234  5033 5018 5403 5258 5965 6852 6445 1338 6937 6058 6807 6266 7197 7006 673  628  1283 2612 1931 4916 2617 6    3313 898  4003 2062 4729 3274 5479 4666 6221 6002 6971 4    
6840 3289 6720 5681 3780 7163 7080 3577 2200 2457 3200 629  420  1073 5490 1313 3750 1561 1430 6327 3290 5751 6280 777  160  1419 1060 2301 2780 3417 4018 2921 3102 3065 3498 3215 4008 3365 56   3303 830  6849 1598 831  2414 2073 3208 3459 3938 4381 7032 4819 954  5251 5146 5619 5464 6181 354  6649 2514 7169 6154 6999 6616 409  12   983  1604 1601 3764 2273 6196 2939 394  3643 1478 4363 2654 5101 3998 5849 5366 6607 6742 1    
2387 6960 4807 2520 6149 7140 2299 5440 5733 3040 6237 3680 869  4550 1177 6450 1411 3042 1673 2990 7227 5080 273  7250 1161 490  1809 1940 2847 3424 3855 4676 2993 3294 3131 3834 3281 4218 3427 442  5121 1256 303  2014 1437 2786 2787 3598 4171 6330 4589 204  5045 1854 5473 5272 5799 5626 6455 1362 6941 3702 7387 6278 7233 7010 677  652  1289 2636 1933 4924 2621 8    3319 914  4007 2066 4733 3314 5483 4678 6229 6022 6977 2    
