5544 2015 3312 2849 6240 5719 3840 833  2280 5239 6930 247  4410 731  3920 2277 4340 4257 6370 5589 980  6417 1330 1521 5810 1431 220  2163 950  2769 2740 4047 4580 5271 6028 6513 7502 207  5648 3231 518  7173 1358 933  2162 2283 2954 3651 3704 4117 6792 4595 558  5093 2724 5579 5388 6077 366  6589 2694 7141 5322 49   6078 43   6774 479  76   1063 1828 1699 4076 2381 6476 3079 458  3793 1546 4519 2846 5281 4126 6043 5458 6793 6926 
5525 1512 3355 1224 4697 6000 6851 6660 2989 5130 6929 2940 517  2730 979  3400 3663 5740 4653 2320 6171 760  7227 4270 783  7310 2037 550  2379 1580 3441 3836 4623 5332 5883 6764 7185 2224 1557 110  5193 938  327  1784 1623 2542 3057 3374 3891 3890 4367 7566 4837 1572 5315 4086 5855 6924 6383 1446 6881 4038 7363 5802 5041 6378 227  7270 769  844  1409 2932 2053 5228 2719 34   3461 982  4153 2174 4931 3442 5657 4778 6379 6178 7193 
6048 2035 3888 2905 2952 5957 3420 1127 2970 5243 7040 323  7350 737  2240 2673 4420 4617 6500 3969 1900 4473 2990 2601 5890 1443 340  2241 1060 2781 2780 4071 4588 5235 6052 6519 7514 243  5744 3303 530  7281 1370 939  2168 2307 2984 3665 3706 4119 4024 4601 564  5095 2748 5585 5484 6085 402  6595 2742 7145 5362 121  6114 47   6838 487  92   1069 1844 1709 4084 2383 6484 3083 466  3797 1574 4523 2854 5297 4138 6047 5462 6803 6934 
3575 2688 3515 1188 4585 4092 7021 5850 3283 5160 7399 5200 527  3990 949  3220 4059 5920 3927 2480 1827 920  7353 4280 777  7370 2067 580  2397 1660 3471 3860 4671 5344 5889 6844 7239 2384 1587 128  5283 946  339  1786 1641 2546 3063 3382 3899 3896 4287 4184 4843 1602 5317 4122 5837 7002 6385 1506 6887 4062 7367 5816 5329 6414 229  7278 773  892  1423 2956 2063 5276 2729 38   3463 998  4157 2182 4933 3446 5659 4786 6389 6218 7207 
7056 2125 4176 3059 2976 5705 5244 1421 2760 5341 7080 259  900  767  4900 2871 4550 4437 6760 5103 1700 4557 3160 441  6040 1479 350  2193 1150 2847 2890 4077 4598 5295 6068 6531 7550 261  5872 3357 536  7299 1378 951  2198 2319 3002 3661 5190 4121 4042 4413 4330 5111 2796 5587 5526 6103 426  6605 2766 7147 5384 6081 6146 53   6842 491  98   1087 1852 1721 4124 2389 6508 3089 478  3803 1594 4547 2858 5303 4162 6053 5482 6823 6938 
4675 2184 3553 4680 4879 3996 6685 6204 3479 5610 7267 6800 497  1020 989  3500 3933 6020 5247 2560 1911 1000 7533 4360 861  400  2013 620  2403 1850 3477 3892 4665 5348 5907 6812 7257 2416 1611 130  5337 962  381  1790 1671 2570 3093 3406 3893 5790 4369 4190 4533 4430 5321 4164 5873 7044 6395 1542 6893 4098 7373 5822 6753 6482 233  7282 787  908  1427 2972 2069 5284 2731 46   3467 1006 4159 2186 4937 3466 5669 4798 6397 6238 7211 
6552 2185 4212 3157 7020 6061 5256 325  7008 5537 7320 287  6400 721  1650 1159 4640 4563 6650 5499 2300 4599 3190 3249 6110 1491 260  2211 1180 2829 2950 4089 4628 5307 6112 6549 7532 279  5968 3411 568  7389 1384 993  2216 2361 3014 3667 5214 4141 6798 4607 4334 4701 4558 5597 5532 6107 438  6611 2778 7153 5410 6087 6152 7341 6854 499  116  1091 1868 1723 4132 2393 6548 3109 482  3821 1618 4549 2866 5309 4166 6067 5498 6827 6982 
5225 2856 3565 1248 4921 7440 7049 6324 1975 1392 2401 7500 511  1140 959  2430 1343 6200 4719 2960 1953 1160 567  4510 903  2500 2091 650  2409 1690 3507 3916 4683 5350 5901 6850 7317 2512 1629 136  5391 970  393  1798 1689 2626 3099 3422 3901 5838 4379 144  4847 4438 4827 4658 5893 7116 6401 1578 6901 4146 7379 5842 6801 6488 239  7288 797  916  1429 3004 2081 5308 2741 58   3469 1018 4177 2194 4943 3482 5683 4822 6421 6242 7213 
4032 2255 4608 3115 3036 6097 4140 931  7072 4325 3984 301  360  749  1710 1169 3660 1507 6860 5577 2900 4977 3230 4761 6280 1533 380  2247 1220 2877 2980 4053 4636 5319 6116 6573 7564 333  6064 3447 574  7407 1390 1011 2222 2391 3026 3669 3730 4163 6810 4609 636  5105 4568 4971 4808 6109 474  6613 2802 7157 5402 6117 6154 7377 6856 503  124  1093 1916 1733 4156 2399 6628 3119 502  3823 1622 4561 2878 5323 4174 6073 5506 6829 6998 
6175 3456 1001 1368 4795 4128 7163 6900 3577 1488 6845 6576 533  1350 973  2460 1349 5070 1691 3280 2331 1240 891  4520 897  320  2121 740  2451 1780 3531 3940 4767 5356 5943 6868 7263 2608 1719 152  5409 986  411  1802 1707 2630 3117 3434 3903 3914 4381 324  4849 1644 5327 4670 5097 4906 6403 1614 6905 4206 7387 5846 6807 6494 241  7294 809  932  1433 3028 2083 5444 2749 62   3491 1042 4201 2206 4951 3494 5689 4834 6427 6274 7219 
7392 2375 4464 3311 2964 5845 5346 1183 3000 5491 4048 235  882  779  1740 1177 3690 1529 6450 1853 2420 5229 3250 6561 6230 1551 416  2289 1210 2889 3020 4161 4660 5373 6140 6567 1024 363  6128 3501 584  7443 1394 1041 2230 2427 3032 3679 3736 4135 6834 4613 666  5123 2826 5599 4814 5223 4982 6617 2874 7165 5416 6159 6170 7401 6862 509  148  1097 1922 1741 4196 2411 6652 3121 514  3833 1642 4567 2894 5333 4178 6079 5534 6833 7022 
7475 1848 3625 1404 4865 4248 6755 6372 3703 5640 91   6512 505  2196 1003 2580 1351 5340 1703 3440 2499 1430 1377 4370 957  7490 2109 820  2553 1940 3537 3950 4731 5372 5973 6940 7329 2672 1737 154  5463 994  417  1810 1713 2648 3147 3448 3909 3922 4385 192  4853 1668 5339 4188 5891 4910 5349 5048 6913 4254 7391 5858 6819 6526 257  7298 811  956  1439 3044 2087 5468 2753 74   3499 1046 4211 2218 4957 3506 5693 4846 6449 6326 7229 
6336 2405 5508 3395 3096 5885 5382 275  7068 5819 720  329  972  745  3708 1189 3870 1517 6540 1883 3100 5439 3320 7569 6290 1593 364  2343 1340 2919 3050 4137 4708 5343 6148 6591 80   369  6224 3573 590  7461 1406 1047 2242 2433 3034 3683 3766 4143 4066 4619 708  5129 2868 5603 5556 6119 4990 5469 5144 7169 5442 169  6182 7419 6872 521  164  1103 1948 1747 4204 2417 6668 3137 526  3847 1646 4583 2902 5347 4198 6089 5554 6841 7034 
2275 3672 1463 1632 4823 4392 6815 6132 2075 1134 7381 960  551  2412 955  5202 1357 5490 1711 3750 1967 1640 1053 4690 1023 784  4635 1316 2607 2020 3567 3956 4695 5396 5955 6908 7287 2768 1773 170  5517 1010 447  1816 1731 2662 3153 3454 3921 3926 4299 4202 4855 1734 5345 4194 5899 7146 6407 5090 5613 5210 7397 5826 6241 6530 251  7302 821  964  1447 3076 2089 5492 2767 82   3511 1082 4217 2234 4967 3518 5701 4874 6451 6334 7237 
4752 6475 5904 3367 5940 6251 5412 425  7084 4475 4144 319  840  781  3852 1145 6444 1537 6570 1891 3380 5607 3410 351  6520 1581 392  135  2108 2937 3140 4173 4606 5379 6164 6585 176  387  6352 3609 598  7551 1414 1059 2248 2463 3058 3687 3782 4145 4072 4443 4342 5131 2892 5609 5598 6115 498  6623 5146 5703 5446 289  6126 59   6874 523  172  1109 1964 1753 4244 2423 6676 3163 538  3851 1654 4591 2906 5351 4222 6091 5578 6857 7054 
2975 3432 1505 1656 5117 6960 7189 6408 2425 1232 1755 6832 559  4760 1007 5364 1315 216  1717 3760 2541 1480 1539 4730 969  448  4815 1352 1515 2812 3597 3980 4773 5380 6021 6956 7305 2864 1791 182  5547 1016 453  1826 1761 2666 3183 3464 3935 5874 4387 4210 4569 4454 5353 4236 5905 7188 6415 1626 6931 5230 5853 5864 6889 6522 263  7306 823  1004 1451 3092 2099 5524 2777 86   3517 1094 4219 2246 4969 3554 5711 4882 6469 6338 7243 
7488 7105 5328 3451 6600 6307 4500 1519 7236 4525 4592 3135 4352 3861 1120 1199 6498 1535 546  1903 3700 6027 3560 189  6490 1599 476  165  2132 2865 3268 4191 4676 5421 6176 6603 112  423  6416 3681 610  81   1426 1077 2264 2469 3064 3693 3794 4171 6846 4633 4354 4713 4570 5611 5604 6127 534  6629 2922 7171 5464 6189 6184 61   6878 541  188  1117 1996 1759 4252 2437 6772 3167 542  3853 1658 4597 2918 5381 4226 6101 5582 6863 7058 
6545 4104 1309 5400 4991 1440 7259 7260 3757 1536 6925 6656 3465 7424 6831 3800 1363 264  1735 744  1981 1720 1863 4750 987  1472 4905 1372 1545 2842 3405 4012 4755 5404 6015 7004 7347 2896 1899 184  5553 1022 471  1832 1779 2674 3189 3470 3937 5886 4393 1458 4859 4456 4839 4696 5909 7212 6431 1662 6937 4314 7403 5866 6843 6538 269  7322 827  1028 1453 3148 2111 5596 2789 94   3527 1114 4229 2258 4973 3566 5717 4894 6473 6362 7247 
5616 7175 6156 3619 2880 6083 3900 1813 3480 5687 4272 265  4864 4095 2176 2079 4940 1541 594  1865 984  2101 1750 297  6670 1647 532  195  2068 2895 3212 3855 4756 5385 6244 6645 208  477  6544 3771 602  15   1432 1101 2266 2481 3070 3707 5226 4151 6858 4627 726  5141 4582 4989 4838 6139 582  6631 2946 7181 5466 361  6190 7431 6886 547  212  1123 2012 1777 4276 2441 6788 3169 554  3863 1678 4603 2942 5387 4258 6113 5594 6869 7066 
7315 4968 1547 5760 5083 1800 7337 7380 3871 6210 77   6642 515  1408 4725 1768 5313 6460 1739 798  1985 1218 2167 4810 1029 1856 5025 1364 1605 2848 3435 4018 4833 5428 6063 6958 7359 3056 2007 190  5571 1034 489  1834 1797 2678 3207 3478 3941 5910 4399 60   4867 1788 5357 4706 5127 4922 6433 1686 6941 4362 7405 5862 7    6554 271  7330 829  1052 1459 3188 2113 5618 2791 106  3529 1126 4231 2302 4987 3574 5737 4918 6481 6374 7253 
7344 7007 7200 3689 4800 6149 6300 2783 3510 5887 7410 341  1044 755  7436 5985 3016 5859 7150 1909 1026 2095 1326 2219 6680 1659 544  105  2144 2943 3296 3945 4768 5397 6220 6681 304  507  6704 3789 632  21   1448 1119 2270 2487 3074 3695 5238 4169 6870 4631 732  5137 2934 5615 4826 5241 4994 6635 2994 7183 5486 529  6186 67   6904 557  236  1129 2036 1783 4348 2447 6796 3181 562  3877 1706 4621 2962 5393 4262 6121 5602 6871 7078 
5005 6264 1729 3960 5369 2400 7429 3780 3971 6360 119  4160 553  2556 965  2024 6615 3496 6993 4240 1991 1242 2165 1518 2317 1984 5085 1376 1635 2852 3495 4028 4809 5420 6099 6950 7383 3088 2043 230  5679 1030 501  1846 1803 2686 3261 3502 3949 5934 4411 72   4873 1746 5359 4302 5911 4936 5361 5066 6943 4398 7409 5870 11   6546 277  7334 839  1058 1471 3236 2129 5636 2797 118  3533 1138 4241 2306 4993 3578 5741 4934 6491 6382 7283 
4896 7525 5808 3731 2160 6293 4860 2873 5880 6137 1200 343  480  763  4068 1165 2728 2835 4136 819  4100 2117 1416 2197 750  2369 572  255  2204 2955 3404 4035 4796 5451 6250 6657 272  531  6736 3879 638  27   1442 1137 2278 2517 3082 3711 3790 4181 6942 4645 738  5143 3006 5617 5634 6145 5002 5493 5162 7195 5494 6207 6194 71   6906 563  242  1151 2084 1787 4364 2459 6836 3187 566  3881 1714 4637 2966 5399 4274 6131 5606 6883 7082 
1925 4992 1645 1824 5159 2340 7469 1080 3887 4620 221  3520 581  1170 1037 5436 1345 3608 1575 4712 2709 1870 2171 210  2321 1290 2461 1484 1695 2884 3585 4046 4887 5450 6123 6980 7413 3152 2061 232  5769 1048 519  1864 1821 2690 3273 3490 3953 5970 4417 96   4883 1812 5363 4308 5917 7218 6439 5074 5619 5246 5919 5882 6861 6562 281  7338 853  1076 1481 3244 2131 5692 2801 122  3539 1142 4243 2326 4999 3602 5743 4946 6521 6406 7297 
3744 4375 6192 3535 3132 6391 5100 2009 3720 6253 6160 5967 1760 791  1860 1207 6516 1555 4216 945  5336 6111 3910 2249 870  2413 1722 2495 2212 2967 3424 4065 4828 5487 6260 6693 464  549  6896 3897 646  33   1462 1149 2282 2559 3110 3713 5334 4183 6882 4661 774  5149 3012 5627 5706 6155 606  6641 5174 5721 5470 6243 6202 7509 6910 569  244  1153 2092 1789 4372 2467 6884 3191 586  3889 1718 4639 2974 5407 4282 6133 5638 6899 7094 
2695 5304 1715 1716 5185 4428 7511 1320 4067 6270 299  5600 1989 3040 1027 2610 1379 312  1727 4736 1155 5848 2349 4970 2323 1410 2453 1938 2545 2888 3615 4064 4893 5452 6129 7018 7365 3184 2097 238  5787 1054 537  1886 1839 2696 3279 3512 3959 6018 4405 84   4885 1818 5371 4338 5921 7284 6437 1698 6953 5254 5937 5894 6879 6568 283  7352 857  1084 1483 3284 2137 5708 2803 134  3541 1154 4253 2342 5003 3622 5749 4954 6529 6418 7307 
5472 1225 6768 3605 3348 5995 5664 2023 4290 6223 7480 6669 3080 2691 1400 1219 4020 1561 6780 1897 5504 3045 6424 459  6622 2419 1752 2497 2058 2605 3476 4155 4832 5457 6304 6735 368  603  6928 3951 658  39   1474 1167 2290 2571 3112 3715 5352 4187 6954 4667 804  5155 3084 5629 5748 6157 618  6649 3018 7199 5518 6249 6206 7563 6946 571  268  1163 2164 1801 4388 2473 6892 3203 614  3907 1726 4643 2978 5413 4286 6143 5666 6907 7114 
3185 4224 1855 1836 5135 3948 6935 6318 4361 5720 3591 5440 2223 7000 1287 4000 1387 5550 1751 4720 2583 5896 4515 7144 3015 2368 2395 1974 2561 2214 2669 4108 4899 5516 6135 7028 7437 3376 2151 248  5823 1070 543  1898 1851 2698 3291 3514 3961 6024 4415 108  4897 1854 5377 4404 5933 7356 6443 1758 6973 4434 7415 5902 6891 6574 293  7358 859  1108 1487 3292 2141 5716 2819 142  3547 1174 4259 2362 5009 3646 5779 5006 6547 6434 7309 
7128 455  7452 3745 3366 6095 5082 475  7254 6419 4400 7371 2200 2907 1960 3069 5180 1577 7050 1919 4300 6069 6578 6195 2704 3525 608  2501 2010 2611 2370 2771 4780 5511 6308 6747 496  639  7024 3987 664  51   1490 1191 2294 2577 3122 3737 5358 4189 7014 4681 846  5161 3114 5633 5766 6161 642  6667 3054 7201 5514 841  6214 9    6974 577  284  1171 2188 1811 4412 2477 6932 3209 622  3911 1754 4649 2986 5417 4306 6151 5674 6911 7118 
3325 4488 2065 1944 5215 4446 7015 6174 2225 1776 133  7360 5733 3200 1683 3680 3627 5950 1763 4880 2793 1880 2511 7208 315  2624 5325 1504 2563 2262 2681 2442 2839 5536 6141 7052 7449 3568 2169 250  5877 1066 573  1912 1857 2702 3309 3526 3973 6042 4429 90   4891 1884 5383 4476 5935 7362 6445 1842 6979 4458 7421 5898 5    6584 307  7366 863  1124 1489 3308 2143 5732 2833 146  3557 1186 4261 2374 5011 3662 5783 5042 6551 6442 7321 
6864 665  1728 3773 3384 6055 5676 575  7098 4775 4656 371  2720 4851 2600 3213 4840 4797 7420 5661 4700 6321 3770 231  4624 3555 644  285  2236 2615 2418 2773 2622 2885 6356 6771 512  657  7088 4041 670  57   1498 1203 2314 2589 3130 3743 5370 4193 6990 4687 852  5165 3156 5645 5844 6167 654  6671 3126 7217 5522 961  6198 73   6918 587  292  1181 2228 1823 4418 2503 6962 3217 626  3917 1762 4651 2998 5419 4322 6163 5686 6917 7142 
4025 6528 1771 6120 5291 4512 6895 6396 2525 1782 7025 6672 583  2080 7497 4180 2457 6380 5031 5000 3087 2090 2997 4930 999  2752 5415 1508 1905 2924 2705 2562 2845 2814 2935 7124 7467 3632 2259 266  5931 1090 579  1910 1893 2710 3327 3530 3977 6102 4439 126  4913 1926 5389 4518 5941 7404 6455 1866 6989 4506 7423 5912 13   6558 311  7374 877  1132 1493 3316 2153 5756 2837 158  3559 1198 4271 2386 5021 3694 5791 5062 6553 6458 7331 
3168 805  2496 3857 3240 6409 5688 605  7332 4805 4698 295  1116 799  2860 4347 4960 6279 7520 693  5300 6363 3880 273  6710 1653 736  375  2254 2985 3484 2785 2706 2899 2982 2987 592  711  7184 4107 682  69   1510 1227 2318 2631 3154 3747 3806 4195 7032 4685 876  5173 3174 5663 5892 6169 678  6677 3138 7223 5528 6261 6226 79   6978 593  316  1187 2252 1831 4436 2521 6964 3221 634  3919 1766 4657 3022 5431 4358 6173 5702 6947 7162 
4165 5016 2135 2208 5423 5040 1573 6432 2575 1968 7075 6966 535  2628 1043 3740 5187 6560 4389 5360 2961 2120 3321 5080 1107 3008 5475 1564 1965 2948 3621 4172 2855 2838 2941 3144 3029 3664 2313 286  5949 1096 591  1918 1923 2714 3351 3538 3957 3928 4427 132  4907 1956 5401 4548 5947 7428 6457 1878 6995 4542 7427 5918 6927 6586 313  7386 881  1172 1499 3356 2161 5788 2843 166  3571 1202 4273 2402 5023 3722 5801 5078 6563 6502 7333 
5148 595  2112 3815 3552 6479 2520 3179 7272 4825 4784 305  1332 785  3924 1211 5060 5481 5120 1071 5900 6489 4030 357  6890 1743 748  435  2272 3009 3260 4209 4844 2911 3030 2993 3210 3073 7312 4149 686  87   1526 1257 2330 2643 3170 3749 3830 4197 4082 4699 948  5177 3222 5671 5958 6179 762  6683 3246 7231 5542 6267 6254 3    6986 599  332  1193 2276 1847 4468 2531 6988 3229 662  3923 1774 4663 3046 5437 4406 6197 5714 6949 7166 
4655 6072 2261 2088 5285 4524 2057 4200 4477 2064 7325 6992 545  2844 985  5652 1391 6820 6783 5680 3339 2210 3483 5170 1161 3392 5715 1612 2055 2996 3657 4114 4929 5540 2951 3090 3031 3336 3113 290  6057 1106 597  1928 1929 2726 3369 3544 3963 3934 4317 4234 4915 1962 5411 4596 5951 7542 6463 1902 7003 4566 7435 5944 6933 6590 317  7390 883  1228 1511 3362 2179 5804 2851 178  3581 1214 4283 2426 5039 3734 5807 5086 6569 6506 7349 
6624 875  4416 3913 3762 6205 5124 3211 7140 6413 4816 3315 2816 793  4332 1195 6876 1589 7540 1197 5780 6633 2030 513  6734 3735 812  345  2312 3021 3340 4179 4820 5523 6340 3007 3270 3091 3534 3197 710  93   1528 1263 2338 2649 3176 3755 3818 4213 4090 4449 4346 5183 3228 5677 5988 6181 786  6697 3282 7235 5546 6297 6262 83   6994 601  338  1201 2284 1861 4492 2539 7012 3251 674  3929 1814 4673 3062 5441 4414 6199 5722 6959 7186 
4235 5928 2233 6840 5551 4554 6955 6534 4693 5670 143  7504 4185 7252 995  5868 1355 384  1757 5840 3381 2360 3807 5110 1173 3776 5895 1628 2085 3038 3699 4148 4917 5548 6153 7060 3043 3318 3127 3666 3223 1102 633  1930 1941 2758 3387 3562 3981 3962 4341 4238 4593 4462 5429 4626 5959 48   6467 1986 7009 4614 7439 5930 6999 6610 331  7414 887  1244 1523 3412 2203 5812 2857 194  3583 1226 4289 2434 5051 3742 5813 5098 6571 6514 7351 
6912 5929 6480 4081 4080 6461 5724 725  7326 6647 2100 377  3388 5535 1144 1205 6948 1565 552  1921 6050 6579 2170 429  6790 1677 836  465  2324 3051 3350 4239 4850 5559 6350 6777 656  3085 3576 3155 3912 3265 1534 1293 2344 2661 3178 3763 3832 4223 4094 4461 4366 4737 4610 5699 6036 6185 822  6707 3342 7249 5558 6333 6266 89   7006 607  356  1213 2308 1867 4516 2543 7036 3253 694  3931 1822 4679 3086 5443 4426 6203 5758 6961 7214 
5075 6696 2093 3600 5453 1980 7553 6588 2645 2106 187  3150 589  6292 5355 2392 1385 378  1745 858  2021 770  4293 5240 1131 3904 5925 1652 2235 3052 3723 4150 4953 5566 6177 7136 7473 3728 3131 3738 3233 4002 3295 1946 1959 2770 3453 3586 3979 6162 4435 4246 4629 4490 4857 4718 5963 162  6485 2022 7031 4638 7445 5954 7017 6616 337  7422 907  1252 1531 3428 2207 5836 2861 202  3593 1234 4297 2446 5059 3746 5821 5102 6577 6518 7369 
6732 1015 3264 4123 2640 6517 4950 2107 7416 4925 4848 391  1890 817  1664 5775 3128 1585 696  1895 1122 2119 2590 561  6920 1749 868  555  2332 3081 3460 4251 4876 5505 6358 6789 688  747  7376 3161 3810 3269 4134 3383 2354 2721 3182 3777 3838 4207 7062 4705 4376 4749 4616 5001 4856 6187 834  6731 3378 7241 5574 1369 6278 97   7010 613  388  1217 2348 1871 4604 2549 7108 3257 698  3943 1838 4691 3098 5449 4442 6211 5774 6967 7226 
5425 7176 2345 2244 5681 2700 7567 1560 4753 2256 625  7152 611  4830 1067 2432 6825 3712 1765 888  2005 1254 2173 5480 1113 4288 6165 1666 2265 3104 3729 4192 4947 5564 6183 7076 7479 3824 2367 296  3227 4008 3305 4242 3419 2774 3459 3590 3983 6168 4453 156  4939 4498 4863 4726 5163 4942 6487 2082 7033 4722 7441 5946 17   6582 347  7426 911  1268 1543 3436 2213 5884 2879 206  3607 1238 4327 2458 5077 3754 5827 5114 6581 6542 7393 
7524 1085 3648 3955 3816 6601 5220 2303 4440 6713 4944 335  1452 871  420  1241 3256 7245 4264 1915 1032 2105 1464 2227 7030 1833 928  615  2336 3111 3488 4215 4972 5529 6364 6855 752  801  7408 4113 712  3277 4152 3385 4344 3487 3206 3781 5394 4237 7074 4709 954  5191 4630 5007 4858 5259 5014 6743 3414 7255 5608 1681 6234 101  7016 617  404  1223 2372 1873 4612 2551 7132 3259 706  3947 1858 4703 3106 5471 4474 6217 5794 6971 7234 
5635 7296 2387 2052 5335 4644 539  1920 4901 6750 161  7216 565  2988 1073 2790 1393 3784 2205 4862 2033 1272 2177 570  2327 4544 6225 1694 2355 3068 3633 4232 4965 5572 6213 7154 7485 3856 2421 310  6093 1112 3341 4266 3427 4482 3551 4758 3985 6222 4469 150  4927 2004 5447 4738 5169 4952 5367 5122 7037 4782 7447 5966 23   6618 349  7430 919  1324 1549 3452 2221 5924 2887 214  3613 1262 4337 2462 5081 3758 5839 5158 6599 6598 7411 
5184 385  5568 4277 3876 6215 5772 2527 4590 6727 1620 403  1476 803  630  1243 4230 1603 4408 2415 5368 2147 330  2231 930  2429 884  645  2356 3129 3550 4233 4988 5595 6368 6837 944  867  7472 4167 730  111  1544 3401 4374 3493 4602 3785 5406 4247 7170 4711 996  5195 3252 5707 4870 5277 5018 5541 5176 7261 5570 6339 6286 103  7026 619  412  1229 2396 1877 4652 2557 7148 3271 718  3967 1874 4721 3118 5477 4478 6221 5806 6977 7246 
5915 2448 2485 2232 5365 4116 6985 6708 4949 6630 203  6080 623  1380 1079 2550 1397 5820 1781 5032 1995 6016 2183 510  2353 1590 2471 1696 2445 3116 3741 4220 4983 5612 6231 7172 7503 4016 2439 322  6147 1118 669  1958 3431 4530 3563 4776 3991 6258 4471 198  4955 2034 5435 4668 5969 4958 5403 5126 5631 5258 5961 5962 7023 6632 353  7432 937  1348 1553 3508 2237 5932 2897 218  3617 1282 4339 2474 5087 3778 5843 5182 6607 6602 7417 
2376 1295 5832 4301 2646 6235 5166 775  7548 6811 4050 407  540  869  1050 1247 4260 1591 7110 1927 5512 3255 6536 2257 1230 2443 1770 2507 2366 3165 3556 4323 4964 5649 6422 6873 848  873  100  4203 742  123  1562 1299 2378 3497 4632 3787 5430 4267 7134 4717 1014 5201 3258 5713 6066 6191 5026 5583 5198 5739 5614 6387 6296 107  7042 631  428  1231 2404 1879 4684 2579 7156 3299 734  3989 1882 4723 3134 5479 4486 6229 5818 6983 7262 
6125 1584 2555 2664 5375 4004 7055 6612 2675 2288 217  7290 629  5250 1081 2850 1403 6030 1769 6320 3717 6232 4935 7192 2329 1608 2483 1830 2567 3124 3753 4214 5055 5588 6285 7196 7491 4112 2493 328  6219 1130 681  1970 1977 2776 3569 4794 3997 6312 4487 204  4963 2076 5455 4734 5965 36   6493 5128 5637 5272 5979 5974 7041 6674 359  7474 929  1388 1559 3524 2239 5948 2903 226  3623 1286 4349 2498 5099 3802 5849 5186 6619 6614 7433 
2808 1435 5952 4345 2898 6355 5418 845  7434 4975 5104 413  600  851  1470 1261 4350 1631 7470 1937 6100 6741 6784 6405 5776 2285 1806 2509 2046 2623 3572 4245 5012 5673 6412 6915 976  909  196  4311 754  129  1558 1317 2390 2733 3208 3799 5448 4249 7194 4727 1062 5207 3324 5723 6108 6193 894  6739 5206 5793 5626 6393 6298 109  7046 641  436  1237 2428 1889 4724 2591 7204 3301 746  4001 1894 4729 3142 5483 4502 6247 5834 6991 7274 
6325 1872 2737 2784 5395 4256 7085 6636 2725 2544 35   7248 649  5320 1111 2820 1411 5980 1793 6640 3549 2440 4779 7304 525  4672 2435 1914 2569 2328 2723 4268 5037 5620 6291 7228 7521 4208 2523 344  6309 1162 687  1978 1983 2782 3489 3592 4009 6402 4501 228  4979 2148 5459 4764 5971 24   6497 2094 7045 5282 5991 5986 7053 6634 367  7486 941  1396 1567 3532 2243 5956 2909 254  3631 1294 4357 2518 5101 3814 5851 5218 6637 6626 7451 
3024 2365 7104 4433 3108 6305 5236 925  7476 5275 5022 355  1548 899  1820 1271 4380 1639 1600 1323 6700 6867 4040 399  704  3975 968  2513 2130 2629 2424 2779 5020 5691 6532 6939 1072 927  256  4383 776  141  1570 1329 2398 2757 3262 3791 5454 4265 7242 4735 1068 5213 3372 5729 6246 6209 906  6749 3426 7265 5654 6411 6302 113  7048 643  452  1249 2452 1901 4748 2593 7244 3307 758  4003 1906 4733 3158 5501 4534 6257 5854 6997 7286 
6875 3192 3655 1176 5405 4312 5265 6664 2825 2576 55   7536 635  3042 1121 3180 1417 6060 1799 7120 3843 2470 4941 5270 1239 5056 6255 1748 2573 2226 2735 2538 2863 5644 6303 7180 7527 4304 2529 370  6381 1166 699  1990 2019 2786 3513 3598 4031 6342 4499 234  4981 2166 5461 4812 5977 30   6499 2118 7051 4854 7463 5990 7071 6682 373  7494 947  1412 1571 3548 2251 5972 2917 262  3637 1306 4363 2554 5107 3826 5857 5234 6653 6638 7457 
4368 2465 1344 4495 2912 6885 5852 5175 7168 2475 5168 365  1692 815  4572 1253 4650 1633 240  1939 7100 6909 4070 483  6970 1767 1012 705  2492 2627 2472 2807 2670 2921 6524 6963 1136 963  484  4419 782  177  1576 1347 2410 2787 3266 3805 5478 4285 7266 4741 1098 5219 3396 5731 6276 6227 942  6757 3462 7271 5622 1849 6310 127  7064 647  508  1259 2468 1907 4772 2609 7292 3313 766  4007 1934 4751 3166 5503 4538 6263 5878 7001 7318 
3025 3864 3685 1092 5555 5096 3825 6688 6525 3472 2145 1568 655  3204 1055 6012 1441 6150 1807 180  2041 2530 5427 5330 1221 5312 6675 1708 2505 3146 2747 2568 2867 2886 2959 7264 7539 4336 2547 374  6471 1178 717  2006 2031 2792 3543 3614 4033 6456 4511 276  4985 2172 5465 4842 5983 42   6505 2154 7061 4866 7453 5982 19   6654 379  7496 953  1436 1579 3628 2267 5996 2927 274  3643 1318 4373 2558 5113 3862 5861 5242 6659 6646 7459 
4536 2431 1764 4505 3402 6365 6272 6075 3136 5445 5264 3375 3724 835  4716 1255 7092 1643 560  1943 2450 6903 2870 621  7070 1809 988  795  2444 3171 3580 2813 2712 2929 3048 2995 1168 981  676  4491 790  159  1582 1371 2414 2811 3272 3811 5496 4279 7230 4739 1164 5221 3438 5747 6252 6233 978  6751 3522 7273 5630 2209 6294 131  7086 653  524  1277 2476 1913 4804 2617 7324 3319 778  4013 1942 4759 3194 5507 4546 6269 5906 7013 7342 
4225 4872 3835 1386 5605 4452 7205 6188 7425 3248 2295 7568 4485 6076 1115 6228 1405 408  1817 300  2047 1190 5751 5510 1209 5696 6705 1804 2595 3172 3801 4316 2869 2910 2977 3162 3047 4496 2637 376  6543 1192 723  2008 2049 2794 3561 3634 4037 6330 4529 306  4997 2286 5473 4878 5989 54   6503 2202 7063 4926 7471 6008 29   6698 383  7498 967  1468 1583 3644 2269 6044 2939 278  3659 1322 4391 2566 5119 3866 5867 5266 6661 6658 7477 
3696 2635 4928 4615 3234 6565 5586 1025 1456 6975 5488 3705 3872 5655 1496 1267 7164 1651 810  1957 7300 6897 3010 663  7112 4335 992  885  2516 3201 3596 4395 5024 2923 3066 3005 3288 3095 1156 4527 806  183  1592 1383 2422 2823 3278 3809 5502 4303 7314 4747 1206 5245 3474 5753 6282 6239 1002 6767 3558 7277 5646 2809 6306 137  7090 659  548  1279 2524 1931 4852 2621 7388 3323 794  4019 1954 4783 3202 5519 4562 6271 5914 7019 7346 
7225 4158 3875 1428 5735 4692 7285 6678 3125 2992 2565 1792 4845 616  6345 2552 1415 456  1819 450  2051 2680 5913 5530 1269 6208 6795 1862 2613 2050 3759 4292 5019 5650 2981 3186 3053 3486 3133 406  6597 1208 753  2014 2073 2806 3579 3638 4043 6438 4535 294  5017 2292 5485 4908 5993 66   6509 2238 7067 4938 7465 6014 37   6702 389  7510 971  1492 1597 3676 2273 6092 2953 298  3671 1346 4397 2578 5147 3898 5869 5294 6673 6662 7481 
6384 2665 2304 4565 3444 6625 5628 1075 3072 5575 5456 3915 4508 5805 1624 6555 2618 1655 702  1961 7220 7029 3290 627  7130 1869 1184 915  2528 3219 3604 4371 5044 5697 6550 3017 3294 3097 3498 3173 808  201  1586 1389 2438 2841 3286 3817 5562 4291 7368 4757 1212 5249 3516 5755 6354 6245 1038 6769 3594 7279 5662 6423 6322 139  7096 661  556  1283 2564 1933 4868 2633 7442 3329 802  4021 1966 4787 3214 5521 4574 6277 5926 7027 7354 
715  5208 3895 1638 5665 4662 7345 6762 3175 2754 65   2156 4875 896  5865 2002 2025 3458 1795 918  2059 910  6399 5560 1281 6464 7065 1876 2619 2060 3783 4228 5073 5660 6351 7268 3065 3354 3143 3768 3235 1222 771  2054 2103 2810 3587 4806 4039 6474 4531 342  5027 2316 5489 4986 5999 78   6511 2274 7073 4962 7483 6010 7113 6706 397  7526 977  1516 1601 3698 2281 6124 2957 302  3673 1354 4409 2582 5153 3902 5879 5314 6679 6686 7487 
5712 2585 5824 4625 3588 6655 5814 1175 576  5675 5136 395  5684 5115 1976 7155 2926 675  4088 1945 1128 2123 3430 741  7160 1887 1078 1065 2596 3237 3610 4401 5050 5709 6566 6945 1264 3101 3618 3193 3894 3281 1606 1401 2456 2859 3302 3829 5538 4295 7398 4763 1236 5251 3546 5759 6462 6259 1074 6773 3606 7289 5672 6429 6346 149  7102 673  578  1289 2572 1949 4892 2647 7444 3331 818  4027 1982 4789 3218 5527 4586 6287 5938 7039 7382 
1045 4914 3905 1596 5695 4836 6965 6786 3275 2832 85   252  671  728  6375 2408 5625 3542 1125 4522 2045 1302 2189 5750 1353 6592 7275 1888 2667 2140 3813 4324 5061 5668 6315 7276 7545 4432 3139 3774 3239 4026 3349 2056 2127 2822 3589 4818 4045 6486 4537 348  5029 2358 5497 5028 6001 114  6515 2298 7081 4974 7493 6026 7131 6712 401  7528 983  1532 1607 3716 2287 6172 2963 314  3677 1366 4421 2594 5167 3946 5881 5318 6689 6694 7489 
2016 2755 6084 4715 3612 6715 5742 1325 2916 5725 5232 415  1908 865  1672 7215 2968 765  4186 1305 5432 2155 1482 2263 7210 1917 1036 1005 2656 3243 3616 4431 5084 5685 6556 6951 1328 1017 1444 3199 3930 3287 4170 3397 2482 2901 3310 3827 5592 4307 7458 4765 1278 5255 3582 5761 6492 6281 1086 6787 3642 7291 5678 6459 6376 151  7122 677  596  1291 2588 1951 4916 2657 7468 3343 838  4049 1994 4793 3226 5531 4594 6299 5942 7043 7394 
935  6216 3995 2394 5785 4824 7375 6776 3425 2928 95   288  667  3468 1057 2584 3645 3752 1215 4774 1725 5656 2195 1554 2363 6848 7335 1892 2679 2150 3819 4384 5109 5728 6357 7316 7557 4528 2763 410  3241 4110 3353 4278 3437 2824 3599 4890 4061 6504 4541 372  5033 2364 5509 5046 6005 102  6523 2334 7087 5034 7495 6034 7143 6730 409  7554 991  1556 1609 3748 2293 6196 2969 326  3691 1382 4423 2602 5171 3958 5897 5326 6691 6718 7499 
3276 2875 4356 4745 3654 6665 5856 1445 336  5825 5424 427  660  889  1950 1331 3094 825  4424 1425 5576 1935 5992 2215 1566 2305 1148 1095 2668 3297 3620 4407 5054 5727 6572 6969 1250 1083 2116 4581 814  3317 4182 3409 4386 3503 4674 3839 5658 4309 7446 4769 1284 5257 3684 5765 6564 6283 1146 6797 3678 7295 5682 3481 6386 157  7126 683  604  1297 2612 1973 4924 2659 7484 3347 842  4051 2018 4799 3238 5557 4618 6301 5998 7057 7402 
1265 6426 3965 1932 5795 4576 7385 6816 3475 3078 115  396  679  1500 1099 3330 1457 3848 1035 4888 2625 6136 2325 6314 2245 1674 2455 1924 2685 3196 3939 4396 5133 5746 6369 7328 729  4688 2799 418  6627 1246 3365 4296 3439 4494 3595 4902 4055 6594 4555 414  5045 2388 5513 5052 6013 138  6527 2382 7091 5118 7501 6054 41   6738 419  7562 997  1588 1613 3764 2297 6212 2971 334  3697 1402 4441 2606 5179 3974 5903 5342 6701 6722 7507 
3528 2717 1296 4895 3808 4275 5984 1475 432  5975 5632 437  780  893  2070 1273 4740 1649 4466 1395 5434 3885 6952 2655 7238 2315 1794 2515 2684 3345 3626 4503 5068 5745 6596 6981 1424 1143 3364 4689 824  213  1598 3403 4422 3505 4686 3841 5694 4313 7464 4771 1308 5263 3732 5767 6606 6289 1158 6799 3702 7303 5690 3721 6366 163  7138 691  628  1301 2636 1979 4948 2663 7492 3359 862  4057 2026 4801 3242 5563 4622 6311 6002 7069 7418 
1105 6888 4015 2142 5863 5152 2925 6944 3725 3216 125  468  697  6090 1133 3450 1469 6180 1829 4984 1845 6248 5145 7384 3075 6976 2479 1992 2581 3164 3765 4444 5157 5764 6441 7340 63   4912 2817 424  6651 1256 789  2074 3455 4578 3601 5064 4063 6648 4553 444  5053 2466 5515 5058 6017 174  6533 2406 7093 5142 7513 6056 31   6754 421  64   1009 1604 1619 3788 2309 6236 2999 346  3701 1418 4447 2614 5189 3986 5923 5354 6703 6742 7517 
2772 2795 504  4807 7560 6721 6496 6435 1904 6025 5936 445  2028 901  2220 1313 4770 1661 1040 5841 5474 2115 6808 7035 832  4005 1196 2519 2190 2641 3652 4509 5092 5763 6604 6987 1552 1179 3844 4707 826  219  1630 1437 2486 3523 4710 3859 5730 4319 7506 4777 1314 5267 3756 5771 6684 6295 1182 6805 3714 7313 5710 6483 6394 167  7158 701  652  1303 2644 1987 4996 2671 7508 3361 866  4073 2038 4813 3254 5569 4666 6317 6022 7079 7438 
1235 1008 4085 2436 5797 6720 1859 7448 4455 3536 3105 2548 685  3492 1139 3540 1477 6390 1837 700  6201 5698 2385 7544 735  7232 7515 1952 2587 2322 2743 4448 5151 5782 6453 7348 45   4802 2853 430  6687 1258 807  2086 2157 2830 3629 5010 4069 6666 4559 486  5057 2502 5533 5094 6019 186  6535 2454 7097 5154 7519 6058 7149 6758 431  12   1013 1636 1621 3812 2311 6268 3001 358  3709 1438 4451 2638 5197 3994 5927 5366 6709 6746 7523 
4284 2915 672  4945 3822 6919 3360 3509 2128 1485 6032 3795 4732 895  4932 1333 4980 1673 1360 6003 280  7011 6104 2745 1088 4365 1204 1185 2716 2651 2478 2815 5194 5757 6620 7059 1616 1233 5476 4869 830  237  1634 1461 2488 2913 3298 3869 5736 4315 7482 4781 1356 5269 3798 5773 6714 6313 1194 6809 3786 7319 5718 4489 6398 173  7174 709  668  1307 2692 1993 5036 2677 7516 3371 878  4079 2042 4817 3274 5573 4678 6323 6038 7103 7454 
1375 7182 4147 2604 5875 4956 2299 5460 4961 3584 2805 3328 4785 952  1135 6348 1501 6420 1841 800  6273 1610 6723 6328 3195 4096 405  1972 2715 3232 2759 2616 2881 5792 6447 7372 75   4976 2883 442  6759 1270 813  2104 2181 2834 3603 3656 4087 6726 4571 492  5063 2532 5539 5172 6023 222  6539 2514 7099 5178 7531 6062 7167 6766 433  18   1019 1676 1627 3868 2333 6284 3011 362  3719 1454 4457 2642 5209 3998 5939 5374 6719 6778 7529 
4704 3055 756  5015 3828 6695 5916 3751 1680 6877 6608 4125 5408 6105 1736 1285 168  1679 880  1449 440  7047 3710 759  7336 4425 1274 1245 2756 3363 3650 2827 2862 2933 6644 7005 1648 1251 6724 4923 854  249  1670 1473 2494 2931 3322 3831 3842 4321 7512 4811 1422 5287 3804 5777 6756 6319 1266 6817 3846 7327 5726 6537 6410 179  7178 719  692  1319 2708 1997 5108 2683 7556 3373 886  4091 2062 4831 3314 5581 4682 6329 6046 7109 7466 
1495 7224 4199 2464 6035 4884 7505 6936 5203 1260 209  3332 4995 1064 6765 2632 1465 462  1843 1100 4221 2750 7209 5590 1311 224  1875 1988 2697 2180 3993 4450 2893 2958 2965 7364 99   5008 2979 434  6813 1298 831  2110 2199 2872 3611 3658 4083 3938 4573 516  5065 2676 5543 5196 6031 246  6557 2526 7111 5262 7543 6070 7179 6770 439  20   1021 1682 1637 3884 2339 6316 3019 382  3727 1466 4463 2654 5227 4006 5953 5378 6733 6782 7537 
4788 3145 792  5035 3906 6745 5922 1525 624  7139 7280 5643 5888 6045 2072 7125 3224 1685 714  1963 640  7119 4120 609  7240 1947 1292 1335 2788 3333 3668 4521 5140 2947 3102 3013 1712 1341 7396 5013 856  267  1688 1497 2504 2949 3346 3837 3854 4227 4102 4819 1494 5293 3972 5789 6822 6331 1338 6821 3858 7339 5734 6609 6430 181  7190 727  716  1321 2732 1999 5116 2687 16   3389 898  4093 2066 4861 3326 5591 4694 6337 6074 7121 7478 
1595 2268 4255 2574 5945 4998 7535 6916 3775 3408 253  3640 5049 1288 7095 2744 495  3944 1835 966  2071 2840 7203 5830 1407 160  2133 2044 2727 2260 3999 4460 5181 5828 2983 3198 3071 5072 3033 470  6849 1304 843  2114 2217 2882 3635 3674 4097 3970 4353 4294 5069 2682 5545 5268 6041 258  6541 2586 7115 5286 7555 6086 7197 6794 443  28   1031 1684 1657 3908 2341 6332 3023 386  3733 1478 4481 2722 5231 4022 5981 5386 6737 6814 7541 
5292 2945 864  4403 4056 6785 5964 1675 528  6275 5994 451  4480 7293 2296 7395 3304 855  4472 1969 120  2149 4250 651  7250 1971 460  2301 1420 3399 3692 4539 5150 5811 6692 3035 3306 3107 40   5043 872  291  1702 1509 2506 2973 3352 3845 5754 4331 4142 4467 4378 5299 4014 5803 6828 6341 1362 6835 3882 7343 5738 6621 6446 191  7198 733  722  1327 2738 2003 5132 2689 6    3391 914  4099 2078 4871 3334 5623 4702 6343 6082 7127 7522 
1615 6006 4465 2484 5467 5076 7565 6972 3925 3344 145  588  689  6440 1881 2944 585  3968 3675 5248 2077 270  2191 5960 1419 140  2187 850  2739 2350 4011 4484 5211 5860 6477 7406 3077 3390 3149 472  6921 1310 849  2134 2229 2914 3639 3682 4103 6690 4577 4298 4647 4504 5549 5274 6049 282  6559 2598 7123 5288 5997 6088 7233 6802 449  32   1033 1724 1663 3932 2347 6388 3037 394  3739 1486 4483 2734 5233 4034 5987 5398 6761 6826 7547 
5376 3335 924  5125 3978 6265 5976 1775 648  6425 6096 473  3570 913  2380 3267 3416 975  4664 1365 5624 2159 390  2279 7378 2001 490  2337 1450 3417 3718 4551 5216 5781 6716 7089 1744 3103 3624 3205 874  303  1730 1527 2510 2991 3358 3849 3874 4333 7530 4829 4382 4791 4634 5809 6852 6347 1374 6839 3918 7355 5752 6639 6454 193  7202 739  724  1361 2764 2011 5156 2693 8    3407 922  4111 2098 4877 3338 5639 4714 6353 6098 7129 7534 
1625 2352 4355 2508 5495 5088 175  6984 4075 3504 155  612  703  6510 1157 4060 4131 3976 1275 5192 1785 6344 2201 690  2407 200  2139 860  2703 2540 4023 4532 5205 5876 6465 7456 117  5296 3151 3834 3247 1334 879  2146 2253 2930 3641 3670 4101 3982 4579 522  5071 4514 4881 4744 6059 318  6583 2634 7117 5298 25   6094 7251 6806 457  44   1039 1732 1667 3964 2351 6404 3041 398  3761 1502 4493 2746 5237 4054 6007 5414 6763 6866 7549 
5796 3245 1152 4445 3936 6335 6138 1805 816  6575 6237 481  2310 923  1540 3519 5390 4743 4648 1665 5704 4305 6968 2291 1110 2449 500  2373 1460 3423 3772 4605 5252 5817 6728 7077 1808 1359 56   3215 3942 3293 1738 1563 2522 3027 3368 3867 3878 4269 4118 4835 1524 5305 4642 5079 4886 6371 1398 6847 3954 7357 5762 6663 6466 197  7206 743  764  1367 2804 2017 5164 2699 10   3413 926  4127 2102 4889 3386 5641 4742 6359 6122 7151 7538 
1705 2592 2639 2904 5593 5112 245  6996 4175 3726 185  684  713  2800 3159 3850 4329 6580 5301 5278 1815 6392 5565 7552 2359 1704 2489 940  2751 2650 4017 4556 5217 6004 6495 7412 147  5392 3123 488  3263 4074 3379 2152 2271 2936 3647 3686 4105 3992 4359 4318 5089 2718 5561 4790 5199 4966 6587 2658 7133 5302 6009 6106 7269 6818 461  50   1049 1756 1669 3988 2357 6428 3049 422  3767 1514 4507 2762 5261 4058 6011 5422 6779 6898 7559 
6804 3289 4320 4459 4560 6643 6144 1825 912  6725 6256 469  990  943  2660 3393 5500 4959 1840 6039 5642 2175 7106 7455 1216 2335 1896 2533 1550 3429 3820 4587 5260 5829 6748 7101 2032 1413 70   5067 890  3337 4218 3415 2534 3039 3370 3873 3886 4281 4154 4479 4390 5311 4044 5833 4898 5331 5030 6859 3966 7361 5770 6711 6470 199  7222 751  772  1373 2836 2027 5188 2707 14   3433 934  4129 2122 4903 3394 5647 4754 6361 6134 7159 7558 
1885 2736 2821 5280 5831 3300 637  7038 4205 3792 205  768  707  1530 1147 4600 4641 6880 6699 1280 6327 5768 2535 1936 3225 308  2491 1998 2599 2620 4029 4540 5253 5908 6501 7450 153  5552 3141 494  6957 1336 3377 4326 3443 2938 3649 3688 4109 4010 4377 4310 4659 4526 5567 5316 6065 4978 5433 5134 7135 5306 6033 6130 7311 6824 463  52   1051 1772 1693 4036 2371 6436 3061 446  3769 1522 4513 2798 5273 4078 6029 5426 6781 6914 7561 
6468 3445 1056 4669 3120 6923 5580 2597 1104 6775 6288 485  2124 917  2250 1337 5800 3003 1520 1617 520  7191 6118 2775 7462 4545 1276 2537 2136 2653 3796 4611 5290 5871 6740 7107 2096 1467 88   5121 902  309  1742 3421 4470 3521 4728 3865 5778 4343 4168 4497 4394 4803 4646 5815 6894 6349 5038 5601 5222 5799 5786 6717 6472 211  7256 757  788  1381 2876 2029 5204 2711 22   3449 958  4133 2126 4909 3398 5651 4762 6367 6158 7177 4    
1955 3564 2765 2652 5621 3060 847  2040 5047 3952 215  828  695  3636 1141 3630 1513 7400 7161 1300 4263 2920 1089 6902 3285 352  225  2048 2603 2346 2761 4564 5289 5978 6507 7460 171  5584 3177 506  7083 1342 921  2158 3473 4584 3653 5106 4115 6744 4589 4328 4677 4552 4911 4792 6071 354  6593 5138 5667 5338 6051 6142 7323 6830 467  68   1061 1796 1697 4052 2377 6452 3067 454  3779 1538 4517 2818 5279 4106 6037 5438 6791 6922 1    
7308 3485 936  4543 5520 6853 5700 2891 4920 7301 6448 493  2178 905  5004 1339 5310 1687 2000 1701 680  7137 4130 837  7546 4575 1312 1455 2828 2701 2490 2831 5324 5835 6752 7221 2192 1503 104  5139 904  321  1778 1569 2536 3545 4746 3883 5784 4351 7518 4841 4402 4821 4654 5091 4904 6377 1434 6865 5224 5847 5798 6729 6478 223  7258 761  796  1399 2908 2039 5212 2713 26   3457 974  4139 2138 4919 3418 5653 4766 6373 6166 7187 2    
