6048 2015 1584 2737 5940 5957 4860 1519 5610 6713 7360 4851 3400 3003 4960 4389 6760 1323 4880 4221 920  6909 3880 231  5750 1209 7210 1917 340  2553 1580 3363 3172 4431 4540 5691 5792 6789 7228 243  2512 3033 56   6627 814  633  1558 1851 2294 3189 3058 4497 3686 4881 3982 5367 4342 5799 4634 6243 4942 6663 5198 7149 5990 7697 6698 281  7510 857  964  1487 3092 2143 5596 2837 62   3571 1046 4283 2234 5051 3554 5821 4894 6581 6374 7411 
3575 6804 3445 1056 4669 6000 7189 2040 4067 1200 259  2080 2079 4600 3927 5920 6699 1520 2499 2300 6027 2470 4293 4930 777  6490 1581 4672 2211 860  2847 2620 3993 3860 5061 5216 6231 6596 7467 176  1467 5744 4869 434  129  1178 1227 1928 2517 2686 3903 3422 4713 3842 5163 4184 5613 4462 6009 4808 6411 5048 6879 5626 7427 6306 47   7090 569  164  1163 1964 1811 4252 2503 6788 3221 514  3923 1646 4673 2906 5443 4226 6211 5594 6971 7078 
7056 2035 2736 2821 6120 6083 5100 1813 5640 6727 6400 7497 3680 3213 4940 5313 6880 1449 5000 3843 1000 7047 3910 273  5830 1173 7240 1947 350  2607 1660 3399 3196 4407 4580 5709 5782 6837 7264 261  2672 3123 70   6651 824  669  1562 1857 2314 3207 3064 4499 3688 4911 3992 5377 4346 5847 4642 6249 4952 6711 5206 7167 6008 7709 6702 283  7526 859  1004 1489 3148 2153 5618 2843 74   3581 1082 4289 2246 5059 3566 5827 4918 6599 6382 7417 
4675 7308 3485 1188 4823 6960 7469 1560 4361 1620 287  1760 5733 4180 5481 6200 5103 7150 2583 2420 6003 2170 4779 5080 861  6680 1593 5312 2193 940  2889 2650 3939 3916 5109 5260 6291 6566 7449 272  1557 5872 4923 442  141  1192 1257 1930 2559 2690 3909 3434 4717 3854 5169 4190 5619 4490 6033 4814 6423 5066 6891 5654 7431 6310 59   7096 571  172  1171 1996 1823 4276 2521 6796 3229 526  3929 1654 4679 2918 5449 4258 6217 5602 6977 7082 
6552 2125 3312 2905 2904 6097 5220 2009 5720 6811 360  511  3740 4347 4840 5187 6820 1701 5360 4263 1240 7137 4040 351  5890 1269 7250 1971 380  2613 1780 3417 3212 4509 4588 5727 5828 6855 7268 279  2864 3141 88   6687 826  681  1570 1893 2318 3261 3070 4501 1734 4927 4010 5383 4366 5853 4646 6261 4958 6717 5210 7179 6010 7711 6706 293  7528 863  1028 1493 3188 2161 5636 2851 82   3583 1094 4297 2258 5077 3574 5839 4934 6607 6406 7433 
5225 7644 3515 936  4585 3936 7259 2280 4753 4050 301  1500 721  2860 5859 6380 819  880  2709 3100 6039 2590 4941 4970 897  6710 1599 5696 2241 950  2919 2596 3855 3956 5133 5252 6285 6572 7479 208  1503 5968 5013 470  159  1208 1263 1946 2571 2696 3921 3448 4727 2826 5173 5172 5627 4498 6051 4826 6429 5074 6927 5662 7439 6322 61   7102 577  188  1181 2012 1831 4348 2531 6836 3251 538  3931 1658 4691 2942 5471 4262 6221 5606 6983 7094 
4032 2185 3564 3059 2652 5845 4884 2023 6210 7301 480  553  2220 959  5060 6783 7400 1827 5680 4599 1160 7191 4030 513  5768 1311 7310 2001 490  2619 1690 3423 3232 4521 4606 5595 5876 6873 7276 333  2768 3177 104  6759 830  687  1576 1923 2330 3273 3074 4511 1812 4939 4044 5389 6564 5909 4654 6267 4966 6729 5222 7197 6014 7715 6712 307  7554 877  1052 1499 3236 2179 5692 2857 86   3593 1114 4327 2302 5081 3578 5843 4946 6619 6418 7451 
5525 1512 3565 1224 4543 3978 6745 5772 4949 4400 329  1530 749  2610 1099 5980 7161 1840 2793 2900 6069 2530 5427 5110 969  6790 1647 6208 2301 1060 2937 2656 3945 4012 5157 5324 6315 6604 7473 304  1587 6064 5043 472  183  1222 1293 1958 2577 2698 3957 3454 4735 2868 5177 5196 5633 24   6109 4856 6459 5090 6933 5672 7435 6346 67   7122 587  212  1187 2036 1847 4364 2539 6884 3253 542  3943 1678 4703 2962 5477 4274 6229 5638 6991 7114 
5544 2375 3888 2849 6240 6251 5088 7535 6612 7399 540  581  2250 973  3330 1247 7520 1617 5840 4473 1430 7119 4070 621  5810 1353 7490 2013 460  2667 1850 3429 3268 4551 4598 5685 5908 6915 7316 363  2896 3231 110  6813 856  699  1582 1929 2338 3279 3082 4529 1818 4955 4086 5401 6606 5911 762  6383 4978 6753 5224 7233 6026 7721 6730 311  7562 881  1058 1511 3244 2203 5708 2861 94   3607 1126 4337 2306 5087 3602 5849 4954 6637 6434 7457 
6175 1848 3625 1248 4697 7440 7429 5856 925  7254 343  1650 763  2790 1141 4020 1357 2000 2961 3380 6111 2680 5751 5170 999  6670 1677 6464 2247 1150 2943 2668 4011 3940 5151 5332 6303 6692 7485 368  1611 6128 5067 488  177  1246 1299 1970 2589 2702 3963 3464 4739 2892 5183 5268 5629 30   6119 1698 6583 5122 6999 5678 7441 6366 71   7126 593  236  1193 2084 1861 4372 2543 6892 3257 554  3947 1706 4721 2966 5479 4282 6247 5666 6997 7118 
7392 2405 4464 3115 2952 6149 6720 2783 6636 2425 432  589  2430 989  3540 1253 4770 1501 6640 4557 1480 7227 4120 357  5960 1281 7370 2037 500  2679 1940 3441 3260 4539 4636 5745 5978 6939 7328 369  3056 3303 128  6849 854  717  1586 1941 2344 3291 3110 4531 1854 4963 4122 5411 6684 5917 786  6385 2802 6817 5230 7251 6056 7729 6738 313  7570 883  1076 1523 3284 2207 5716 2879 106  3613 1138 4339 2326 5099 3622 5851 5006 6653 6442 7459 
7475 2688 3553 1404 4795 3996 7657 3360 4961 7098 3925 2256 791  2820 1147 3870 1363 6060 1639 3700 6171 2840 5913 5240 903  6890 1653 6592 2289 1180 2967 2684 3999 3950 5181 5344 6351 6620 7491 464  1629 6224 5121 494  201  1256 1317 1978 2631 2710 3981 3470 4741 2934 5191 5274 5645 42   6115 1758 6587 3966 7087 5690 7447 6376 73   7138 599  242  1201 2092 1867 4388 2549 6932 3259 562  3967 1714 4723 2974 5483 4286 6257 5674 7001 7142 
6336 2465 4212 3157 2964 5885 4956 3179 5460 7381 624  5675 4848 1003 1470 1261 4980 1507 7050 1781 1330 7533 4130 429  6040 1407 7640 2067 550  2697 2020 3471 3296 4587 4628 5757 5860 6963 7340 387  3088 3357 130  6921 872  723  1592 1959 2354 3309 3112 4533 3704 4979 4164 5429 6714 5921 822  6395 2874 6821 5246 7269 6034 7737 6754 317  7574 887  1084 1531 3292 2213 5732 2887 118  3617 1142 4349 2342 5101 3646 5857 5042 6659 6458 7477 
7735 4104 1309 6480 4879 4056 6715 5922 5203 7280 391  2544 7325 6672 1157 3850 1387 6150 1643 980  6201 2750 6399 5248 987  6920 1659 6848 2337 1210 3009 2716 4023 3980 5211 5290 6357 6716 7503 496  1719 6352 5139 506  213  1258 1329 1990 2643 2714 4083 3478 4737 3878 5195 5316 5663 54   6127 1842 6589 4038 7091 5710 7453 6386 79   7158 601  244  1213 2164 1871 4412 2551 6962 3271 566  3989 1718 4729 2978 5501 4306 6263 5686 7013 7162 
4752 6475 4176 3311 6840 6293 5076 7565 6678 187  3150 611  4944 205  612  1271 5070 1513 7110 1807 770  7353 4186 5625 6136 1419 7670 2091 580  2703 2048 3345 3404 4611 4660 5763 6004 6945 7348 423  3152 3411 136  6957 874  753  1598 1977 2378 3327 3122 4535 3706 4971 4024 5435 6756 5933 834  6401 2922 6835 5254 7271 6054 7739 6766 331  7576 907  1108 1543 3308 2221 5756 2897 122  3623 1154 4357 2362 5107 3662 5861 5062 6661 6502 7481 
2275 3672 1001 4320 4991 7680 7511 5976 1025 7272 377  7700 793  6966 445  1692 1379 6180 1649 2450 6273 2920 6723 5278 825  7112 1749 6976 2343 1220 3021 2788 4017 4018 5217 5348 6369 6728 7521 512  1737 6416 5193 518  219  1270 1347 2006 2649 2726 4101 3502 4747 3874 5199 4202 5671 66   6139 1866 6593 4062 7093 5646 7445 6378 83   7174 607  268  1217 2188 1873 4418 2557 6964 3299 586  4001 1726 4733 2986 5503 4322 6269 5702 7019 7166 
7128 7105 4608 3367 6600 6307 4950 2107 6688 2575 528  629  2310 1007 768  745  3042 1517 7470 1817 910  7659 4250 627  5992 1935 4624 5715 928  2727 2050 3477 3340 4623 4676 5781 6052 6951 7372 477  3184 3447 152  7083 890  771  1606 1983 2390 3351 3130 4537 1884 4981 4042 5403 4354 5935 894  6403 2946 6839 5258 7255 6058 25   6758 337  7582 911  1124 1549 3316 2237 5788 2903 134  3631 1174 4363 2374 5113 3694 5867 5078 6673 6506 7487 
2975 3432 1505 1368 5117 1440 7553 2760 5047 7326 4075 2832 799  6510 1159 1908 995  4932 1651 4100 6327 2870 7209 5270 1107 7106 3735 7232 225  1504 3051 2740 4029 4028 5205 5356 6441 6644 7527 592  1773 6544 5283 530  237  1298 1371 2008 2661 2758 4119 3512 4757 3006 5201 4210 5631 4504 6145 1878 6595 4098 7097 5682 7463 6394 89   7178 613  284  1223 2228 1877 4436 2579 6988 3301 614  4003 1754 4751 2998 5507 4358 6271 5714 7027 7186 
7488 7175 5328 3395 2976 6391 5580 2303 6270 7693 648  5725 5022 1027 1540 1273 3204 1345 6516 1799 1640 891  4270 741  6104 2115 5776 5895 968  915  2068 3507 3350 4671 4708 5817 6028 6969 7364 507  3376 3501 154  7173 902  789  1630 2019 2398 3369 3154 4553 1926 4985 4188 5447 4376 5919 4658 6407 2994 6847 5262 7265 6062 9    6770 347  7598 919  1132 1553 3356 2239 5804 2909 142  3637 1186 4373 2386 5119 3722 5869 5086 6679 6514 7489 
6545 4968 1463 1632 4865 4128 7567 2970 5239 6800 371  2754 7675 6832 2691 5390 1391 5004 1655 384  1921 2990 1089 5336 855  7192 3975 4096 105  1508 2235 2756 4047 4046 5235 5372 6447 6740 7557 656  1791 6704 5337 536  249  1304 1383 2014 2721 2770 4143 3490 4763 3012 5207 5388 5677 4514 6081 4838 6605 4146 7099 5718 7465 6398 97   7190 617  292  1229 2252 1879 4468 2591 7012 3307 622  4007 1762 4759 3022 5519 4406 6277 5722 7039 7214 
5616 7525 5508 3535 3036 5945 5112 2527 6360 2401 600  623  5136 215  3332 3159 6650 1537 6876 1795 696  2051 4280 399  6248 2385 448  5925 988  1005 2108 3405 3424 4605 4756 5811 6068 6981 7406 531  3568 3573 170  7281 904  807  1634 2031 2410 3387 3170 4541 1956 4997 4194 5455 6822 5941 4670 6297 4982 6859 5272 7273 6078 121  6774 349  7610 929  1172 1559 3362 2243 5812 2917 146  3643 1198 4391 2402 5147 3734 5879 5098 6689 6518 7499 
7315 4992 1645 1656 4921 4092 6695 5916 5243 5200 407  1710 803  7152 485  4508 3627 2560 1661 378  1927 870  2167 5330 1029 7144 4005 224  135  1564 2265 2812 4035 4064 5253 5350 6453 6748 7545 688  1899 6736 5391 568  267  1310 1389 2054 2733 2774 4197 3514 4765 3084 5213 5484 5699 102  6157 4858 6483 5126 7017 5734 7471 6410 101  7198 619  316  1231 2276 1889 4492 2593 7036 3313 626  4013 1766 4783 3046 5521 4414 6287 5758 7043 7226 
7344 7595 5808 3451 7020 6517 5256 7585 6708 77   780  649  3640 1037 684  755  616  4437 6320 1819 270  2041 1290 2257 6110 1431 704  6165 992  1065 2132 3435 3476 4665 4768 5829 6112 6987 7456 549  3632 3609 182  7299 938  813  1670 2049 2414 3453 3176 4555 1962 5017 4236 5459 6828 5947 906  6415 4994 6801 5282 7279 6070 49   6794 353  7618 937  1228 1567 3412 2251 5836 2927 158  3659 1202 4397 2426 5153 3742 5881 5102 6691 6542 7507 
5005 6264 1547 3960 5453 1800 7667 5964 1175 7416 413  1740 817  3920 1177 2028 1055 1064 4743 4300 1937 918  2171 1674 2359 6970 1743 352  195  1628 2355 2828 4065 4108 5271 5380 6477 6752 7539 752  2007 6896 5409 574  291  1334 1401 2056 2757 2776 4227 3526 4769 3156 5219 5532 5707 138  6155 1902 6613 5128 7023 5726 7493 6414 103  7202 631  332  1237 2284 1901 4516 2609 7108 3319 634  4019 1774 4787 3062 5527 4426 6299 5774 7057 7234 
4896 7007 7200 3689 3600 6409 6300 3509 6664 2525 816  671  4760 5643 1820 1331 3468 1355 2072 5247 1190 2047 1254 2245 1998 2471 7720 2109 1012 1095 2144 3495 3484 4683 4780 5871 6116 7005 7412 603  3664 3681 184  7389 946  831  1688 2073 2422 3459 3178 4559 2004 5027 4302 5461 6852 5951 942  6431 3018 6865 5288 7277 6086 169  6802 359  7622 941  1244 1571 3428 2267 5884 2939 166  3671 1214 4409 2434 5167 3746 5897 5114 6701 6598 7517 
1925 6528 1729 5280 5369 1980 2873 3780 5687 7434 4175 3078 851  2240 1683 5740 1397 5202 1679 4700 6417 3010 2173 1704 2335 2346 2537 140  2379 1652 2445 2842 4071 4114 5289 5404 6465 6764 7587 848  2043 6928 5463 584  303  1336 1437 2074 2787 2782 4269 3530 4771 3114 5221 5526 5713 78   6161 1986 6611 4206 7111 5752 7483 6430 107  7206 641  338  1249 2308 1907 4604 2617 7132 3323 662  4021 1814 4789 3086 5531 4442 6301 5794 7069 7246 
3744 4375 5904 3857 2880 6461 5700 3751 7140 143  912  5825 5232 1067 2660 2871 6860 1529 7620 1829 1720 1053 4360 2249 2046 2479 2622 2627 620  2739 2204 3531 3460 4731 4796 5835 6148 7059 7450 639  3728 3771 190  7407 962  843  1702 2103 2438 3489 3182 4569 3730 5029 4308 5465 6894 5959 978  6433 3054 6881 5286 7289 6088 289  6806 367  7624 947  1252 1579 3436 2269 5924 2953 178  3673 1226 4421 2446 5171 3754 5903 5158 6703 6602 7523 
2695 5304 1715 1716 5593 2400 539  3000 5819 2100 403  2928 625  7248 1189 5950 3933 2320 1673 5300 6363 3160 7203 5368 2363 2370 2561 3048 2747 1420 3081 2780 4053 4148 5295 5396 6495 6844 7641 944  2061 7024 5517 590  309  1342 1461 2086 2811 2786 4281 3538 4749 3886 5245 5556 5723 114  6167 2022 6623 4254 7115 5738 7495 6446 109  7222 643  356  1259 2348 1913 4612 2621 7148 3329 674  4027 1822 4793 3098 5557 4474 6311 5806 7079 7262 
5472 1225 6156 3605 3096 6479 5850 2597 6630 209  4410 667  5264 265  828  1313 7420 4563 7120 4977 1870 7581 4510 483  6232 2483 2670 2629 3270 2863 2060 3537 3488 4695 4828 5883 6164 7077 7460 657  3824 3789 230  7443 970  849  1730 2127 2456 3513 3206 4573 3736 4989 4066 5473 6924 5963 1002 6437 3126 6887 5298 7291 6094 361  6818 373  7634 953  1268 1583 3452 2273 5932 2957 194  3677 1234 4423 2458 5179 3758 5923 5182 6709 6614 7529 
3185 4224 1855 1824 5159 2340 7733 3480 5341 7500 437  840  869  7504 505  2124 1403 2480 3087 5780 6321 3190 441  5434 1035 7208 2563 2982 2759 3576 2929 2848 4077 4172 5307 5420 6501 6812 7599 976  2097 7088 5547 598  321  1358 1473 2104 2823 2792 4287 3544 4777 3890 5223 4234 5729 174  6169 2082 6617 4314 7117 5762 7501 6454 113  7256 647  388  1277 2372 1931 4652 2633 7156 3331 694  4049 1838 4799 3106 5563 4478 6317 5818 7103 7274 
3168 455  6192 3619 4800 6601 7650 2891 6750 91   660  689  4830 1073 882  785  3492 1541 800  5229 1880 567  4370 609  6344 2175 832  2615 3294 2845 3894 2993 3550 4773 4820 5889 6140 7089 7502 711  3856 3879 232  7461 986  879  1738 2157 2482 3543 3208 4571 2034 5033 4072 5433 4378 5965 1038 6439 3138 6893 5306 7295 6106 529  6824 379  7654 967  1324 1597 3508 2281 5948 2963 202  3691 1238 4441 2462 5189 3778 5927 5186 6719 6626 7537 
3325 4488 2065 1836 5291 2700 637  3720 5491 960  427  1860 871  4900 1199 2196 1115 5364 1687 5900 6489 3230 1521 5480 1023 7336 4335 308  2771 3618 2933 4152 3071 4192 5319 5428 6507 6850 7611 1072 2151 7184 5553 602  327  1370 1497 2110 2841 2794 4299 3562 4781 3174 5249 4238 5637 4526 6179 2094 6629 4362 7123 5786 7509 6466 127  7258 653  404  1279 2396 1933 4684 2647 7204 3343 698  4051 1858 4801 3118 5569 4486 6323 5834 7109 7286 
6864 665  6768 3731 2160 6643 6660 2989 7040 119  990  679  2460 1079 3220 1333 3636 1385 6948 1837 2120 1863 4424 561  6118 2325 1216 6225 1036 2855 3942 2995 4344 3101 4832 5901 6176 7101 7514 747  4016 3897 238  7551 994  921  1742 2181 2486 3561 3262 4577 2076 5045 4338 5485 4382 5937 4696 6443 3246 6901 5302 7303 6130 841  6830 383  7658 971  1348 1601 3524 2287 5956 2969 206  3697 1262 4447 2474 5197 3802 5939 5218 6733 6638 7541 
4025 6696 1771 5400 5423 3420 833  3510 5537 7600 469  1950 889  2850 1207 4230 1393 5436 1685 408  1939 3250 2601 5432 975  7238 4365 364  165  1612 2935 4182 3053 4584 3155 5452 6513 6868 7635 1136 2169 7312 5571 610  339  1378 1509 2114 2859 2806 4317 3586 4811 3222 5251 5598 5731 4552 6087 4870 6631 4398 7133 5770 7513 6470 131  7270 659  412  1283 2404 1949 4724 2657 7244 3347 706  4057 1874 4813 3134 5573 4502 6329 5854 7121 7318 
5148 595  7632 3773 3120 6853 6900 3283 7080 161  1020 703  2550 1043 3450 1267 5310 1561 7092 1835 702  2059 4520 663  6314 2535 1088 6255 1148 1185 2236 3005 4374 3113 4758 3241 6220 7107 7532 801  4112 3951 248  7677 1010 933  1778 2199 2488 3579 3266 4579 2148 5053 4404 5489 7002 5969 4706 6333 4990 6913 5322 7313 6114 961  6838 389  7662 977  1388 1607 3532 2293 5972 2971 214  3701 1282 4451 2498 5209 3814 5953 5234 6737 6646 7547 
4165 5016 2093 5760 5467 3060 847  4440 5887 3520 481  1890 893  3180 1169 4260 1411 6390 1691 462  1943 930  2177 5504 1125 7304 4425 392  255  1694 2505 2852 3065 4602 3173 5190 3337 6908 7683 1168 2259 7376 5679 632  381  1384 1527 2134 2901 2810 4341 3590 4819 3228 5255 5604 5747 186  6181 4898 6537 5134 7135 5798 7519 6472 137  7278 661  428  1289 2428 1951 4748 2659 7292 3359 718  4073 1882 4817 3142 5581 4534 6337 5878 7127 7342 
6624 875  1728 3913 3240 6721 7380 3479 7320 133  1350 697  5250 1081 3630 1337 5340 1577 240  1843 330  2071 1326 2263 6328 2655 1472 6675 1078 1245 2212 3567 3556 3131 4794 3263 5406 3401 7550 867  4208 3987 250  7713 1022 939  1784 2217 2494 3603 3272 4589 2166 5057 4476 5497 7044 5971 1074 6445 5002 6807 5338 7311 6142 1681 6842 397  7674 983  1396 1609 3548 2297 5996 2999 218  3709 1286 4457 2518 5227 3826 5981 5242 6761 6658 7549 
4235 5928 2135 1944 5551 3840 931  4290 6137 4160 451  2730 899  420  1219 4350 1417 6420 1703 6050 1957 966  2155 1722 2369 7378 4545 416  285  1666 2595 2884 4089 4150 3197 5214 3305 5592 3443 1250 2313 7408 5769 638  393  1390 1563 2146 2913 2822 4353 3592 4829 3252 5257 5634 5753 222  6185 2118 6635 5138 7041 5816 7531 6482 139  7282 673  436  1291 2452 1973 4772 2663 7324 3361 734  4079 1894 4831 3158 5591 4538 6343 5906 7129 7346 
6912 5929 7452 3745 3132 6851 7260 3577 7590 203  1140 713  5320 1111 3500 1339 5490 1589 810  1841 390  2077 1416 2279 2010 2489 1856 6705 1184 1335 2254 3585 3604 4767 4850 3247 5448 3403 5838 3569 4304 4041 266  7731 1016 951  1786 2229 2504 3639 3278 4593 3766 5063 4518 5509 7116 5977 1086 6455 3282 6905 5362 7319 6126 1369 6854 401  7678 991  1412 1613 3628 2309 6044 3001 226  3719 1294 4463 2554 5231 3862 5987 5266 6763 6662 7559 
4655 7176 2233 2052 5185 3948 3211 4590 6223 5440 473  3570 913  630  1241 4650 1441 6450 1711 6100 1961 984  2165 1752 2407 2418 2545 476  345  1696 2685 2888 4137 4220 5343 5450 3341 5730 3487 6042 3641 7472 5787 646  411  1394 1569 2152 2931 2824 4359 3598 4791 3896 5263 5706 5755 246  6187 2154 6641 4434 7141 5802 7543 6478 151  7288 677  452  1297 2468 1979 4804 2671 7388 3371 746  4091 1906 4861 3166 5623 4546 6353 5914 7151 7354 
6732 1015 2496 3815 3348 5995 4998 3887 7480 7371 2720 737  6090 1121 3660 1343 5550 1603 3750 1853 570  2101 1302 2285 2058 2491 2706 2641 1204 1455 2272 3597 3572 4809 4876 5907 6244 3419 5886 3563 6438 3715 286  81   1030 993  1790 2253 2506 3651 3286 4595 3782 5001 4082 5513 7146 5983 1146 6457 3342 6931 5384 7327 6146 1849 6856 409  7682 997  1436 1619 3644 2311 6092 3011 254  3727 1306 4481 2558 5233 3866 6007 5294 6779 6686 7561 
5075 6072 2261 2088 5215 4248 6815 5814 6253 6080 6237 2600 901  1050 1243 4380 1457 6540 1717 6700 1963 1026 2183 1794 2395 2424 2567 3066 2761 1708 2715 2924 4155 4232 5373 5516 6519 6940 3493 6162 3649 6726 3805 658  417  1406 1623 2158 2949 2830 4377 3614 4803 3914 5241 4246 5759 258  6191 2202 6649 4458 7145 5822 7555 6488 149  7294 683  508  1301 2476 1987 4852 2677 7442 3373 758  4093 1934 4871 3194 5639 4562 6359 5926 7159 7382 
7524 1085 2112 3955 3366 6055 5244 7625 6762 221  3040 7623 3800 1133 3690 1349 5820 1591 180  1883 510  2117 1410 2291 2136 2495 2712 2651 3306 2881 2312 3615 3596 4755 4844 5955 6304 7221 7564 3587 6456 3737 6942 3865 1034 1011 1798 2271 2510 3669 3298 4601 3790 5007 4090 5469 4390 5989 1158 6463 3378 6937 5402 7323 6152 2209 6872 419  7690 1009 1468 1621 3676 2333 6124 3019 262  3733 1318 4483 2566 5237 3898 6011 5314 6781 6694 7573 
5425 7296 2345 2208 5285 4392 6755 5984 1075 7476 493  3200 2457 4640 1211 4740 1469 6570 1727 7100 1967 1032 2189 1770 2413 2442 2569 3090 2773 3624 2947 2948 4161 4214 5379 5536 6531 6950 7689 1264 3653 6792 3811 7134 3961 1414 1641 2162 2973 2834 4385 1212 4837 3922 5259 4294 5667 4568 6193 2238 6667 4506 7147 5842 7563 6494 157  7298 691  524  1303 2524 1993 4868 2683 7444 3389 766  4099 1942 4877 3202 5641 4574 6361 5938 7177 7394 
5184 385  3264 4081 3384 6035 5346 7685 6776 2645 1134 731  4000 3591 5500 1351 6030 1631 300  1891 690  2119 1464 2317 2130 2501 2838 2653 3336 2867 3930 3007 3580 4887 4964 5943 6250 7239 7580 873  4336 3743 6990 3883 7464 4037 1802 2283 2522 3687 3302 4607 2172 5065 4094 5493 4394 5961 4718 6467 3414 6941 5410 7339 6154 2809 6862 421  7698 1013 1492 1627 3698 2339 6172 3023 274  3739 1322 4493 2578 5261 3902 6029 5318 6791 6718 7577 
5635 1872 2387 4680 5621 4428 6785 5852 5265 3136 4205 3216 917  4420 6993 6460 1477 6780 1739 7220 1969 1110 2191 1830 2419 2472 2573 3102 2779 3768 2941 4170 3073 4268 5385 5548 6549 6958 7701 1328 2367 7664 3809 7230 3973 7608 4105 2168 2991 2872 4387 1236 4835 3258 5269 4298 5703 4558 6117 4886 6677 4542 7153 5826 7571 6522 163  7302 701  548  1307 2564 1997 4892 2687 7468 3391 778  4111 1954 4889 3214 5647 4586 6367 5942 7187 7402 
2376 805  3648 4403 4560 6919 5096 6885 6944 4455 3472 5975 5424 1057 5800 6279 5120 1633 450  1897 744  2123 1482 2321 2190 2497 2814 2669 3354 2869 4002 3017 4386 3127 4972 6015 6308 7185 7588 909  4432 4107 290  3893 7506 4039 72   4171 2534 3693 3310 4609 2286 5069 4548 5515 4402 5979 4726 6339 5014 6943 5416 7343 6170 3481 6874 431  7718 1019 1516 1637 3716 2341 6196 3037 278  3761 1346 4507 2582 5273 3946 6037 5326 6793 6722 7583 
5915 7656 2485 2232 5831 3900 2057 6272 6435 1904 4275 4048 35   7216 4641 6560 693  2960 1751 7300 1981 1128 2195 1806 2449 2478 2581 3144 2785 3666 2959 4218 3085 4632 3199 5564 6567 6956 7719 1424 2421 100  5823 664  3977 7638 4109 198  4247 2882 4381 1278 4841 3324 5267 5748 5761 4570 6159 4904 6609 5144 7053 5846 7593 6526 167  7306 709  556  1319 2572 1999 4916 2689 7484 3407 794  4127 1966 4903 3218 5651 4594 6373 5998 7193 7418 
3456 1295 4416 4277 2640 6923 1080 3757 7448 2475 3248 6975 5632 4095 3872 3969 7540 1953 1100 5301 2210 2147 1518 2305 2214 2507 2862 2681 3498 2885 4008 3013 4422 3133 4806 3265 6356 7257 7612 927  4496 4113 296  15   1048 4043 90   4181 414  4313 852  4613 2292 5071 4596 5533 7188 5993 4738 6387 5018 6819 5446 7341 6182 3721 6878 433  7730 1021 1532 1657 3748 2347 6212 3041 298  3767 1354 4513 2594 5279 3958 6043 5342 6803 6742 7589 
6125 7722 2555 2244 5681 3300 1127 4920 6413 1456 3825 3952 5355 7568 2835 7436 1071 3280 3339 440  6741 3320 2197 1896 2429 2490 2587 3162 2807 3774 2951 4242 3077 4674 3205 5226 3349 6980 7707 1552 2439 196  5877 682  447  1426 4121 204  4249 636  4393 1284 4843 3372 5287 5766 5765 282  6209 4906 6621 5146 7071 5858 7597 6530 173  7322 719  578  1321 2588 2003 4924 2693 7492 3413 802  4129 1982 4909 3226 5653 4618 6379 6002 7207 7438 
2808 1435 5568 4123 4080 7049 7740 3703 7410 253  3584 5445 6032 7245 5408 945  2024 1911 1280 5439 2090 1377 4466 2315 2262 2513 2910 2701 3390 2893 4074 3029 4470 3139 5064 3269 5430 3409 7636 963  4528 4149 310  21   1054 1041 1810 4183 372  4315 876  4619 2316 5089 4626 5539 7212 5999 1182 6485 5026 6843 5464 7355 6184 4489 6886 439  7734 1031 1556 1663 3764 2351 6236 3049 302  3769 1366 4517 2602 5281 3974 6047 5354 6823 6746 7591 
6325 2448 2765 2484 5719 4140 1183 5130 6419 7290 517  4144 1485 7696 1575 1144 1995 2552 3381 520  6579 3290 3249 5474 2435 2538 2599 3186 2813 3738 2965 4266 3091 4710 3223 5238 3353 5658 3455 1616 2493 256  5931 670  453  1432 1671 2198 4265 666  4399 1308 4847 3396 5293 5844 5767 318  6227 2274 6683 5162 7113 5864 7601 6538 179  7330 727  596  1327 2612 2011 4948 2699 7508 3433 818  4133 1994 4919 3238 5657 4622 6389 6022 7211 7454 
3024 2255 5832 4433 5520 7021 1320 3871 720  217  1170 779  5488 2565 5888 1785 2392 3255 3016 5589 1750 1539 4648 3645 6392 2509 2958 2705 3318 2899 4026 3031 4482 3143 4890 3277 5454 3415 5874 3589 4688 4167 322  27   1066 1047 1816 2307 2536 4319 948  4627 2364 5093 4668 5543 7218 6001 1194 6487 3426 6953 5470 7357 6186 5041 6904 443  7736 1033 1588 1667 3788 2357 6268 3061 314  3779 1382 4519 2606 5297 3986 6053 5366 6827 6778 7603 
6875 2184 3655 1176 5797 4500 1421 5160 6647 900  497  2070 923  1568 1755 1408 2625 2584 3885 3712 6633 3430 4761 5512 1215 7544 2603 3198 2815 3834 2977 4278 3095 4686 3227 5352 3365 5694 3503 6168 3661 484  5949 686  471  1442 1689 2216 3027 2914 4405 1314 4849 3438 5299 5892 5771 354  6233 2298 6671 4566 7157 5862 7609 6546 181  7334 733  604  1361 2636 2017 4996 2707 7516 3449 838  4139 2018 4931 3242 5659 4666 6397 6038 7213 7466 
4368 2365 1344 4495 2898 7163 1920 3971 1680 247  1380 707  2580 1139 3388 3705 2176 1155 3224 4935 3944 2511 4522 495  6536 2745 1984 2723 3534 2921 4110 3043 4494 3149 4818 3281 5478 3427 5910 3599 6474 3749 328  33   1070 1059 1826 2319 2542 3711 3322 4633 2358 5095 4734 5545 7284 6005 1266 6493 3462 6973 5442 7361 6190 5329 6906 449  7738 1039 1604 1669 3812 2371 6284 3067 326  3793 1402 4523 2614 5303 3994 6067 5374 6829 6782 7607 
3025 2856 3685 1092 5335 4116 1573 4200 6877 4620 527  2200 943  1120 2907 6076 3135 2944 4305 3784 5565 4408 6765 5624 1275 7384 4575 544  2827 3912 2981 4326 3097 4728 3215 5334 3379 5736 3497 6258 3665 6744 3817 710  489  1448 1707 2222 3039 2930 4413 3634 4855 3474 5305 5958 5773 366  6239 2334 6697 4614 7165 5866 7613 6554 191  7338 739  628  1367 2644 2027 5036 2711 7556 3457 842  4153 2026 4933 3254 5669 4678 6421 6046 7219 7478 
4536 2585 5824 4505 2912 6095 5124 4477 5670 299  6160 5967 7000 5049 4060 3267 4732 4125 3496 4875 4136 6375 4736 7665 6578 2775 2624 6795 1196 2911 4134 3035 4578 3151 4902 3293 5496 3421 5934 3595 6486 3755 6882 3899 1090 1077 1832 2361 2546 3747 3346 4629 3794 5105 4764 5549 7356 6013 1338 6497 3522 6979 5466 7363 6194 6241 6910 457  64   1049 1636 1693 3868 2377 6316 3079 334  3797 1418 4547 2638 5309 3998 6073 5378 6833 6814 7621 
4225 3192 3875 924  5365 3822 6935 6144 6929 6930 533  3080 1989 1400 1287 6020 4059 1288 4785 2632 5805 3458 7155 5576 1305 7462 4635 532  375  1748 2987 4296 3103 4746 3233 5358 3377 5754 3505 6222 3667 6798 3827 7194 3979 1462 1713 2230 3057 2936 4411 3638 4821 3926 5311 5988 5777 402  6245 2382 6707 4638 7169 5870 7617 6562 197  7352 743  652  1373 2692 2029 5108 2713 7604 3461 862  4157 2038 4937 3274 5683 4682 6427 6074 7229 7522 
3696 2635 4928 4615 3234 6205 5082 7705 6816 323  5600 6669 6440 7293 4340 3393 1600 4617 1736 5535 2926 6345 4774 585  6424 3015 2368 7065 1274 1515 2324 3047 4530 3161 5010 3317 5502 3431 6018 3601 6504 3763 6954 3901 7446 4045 1834 2391 2570 3777 3352 4631 3818 5079 4102 5561 7362 6017 1362 6499 3558 6989 5486 7367 6202 6889 6918 461  12   1051 1676 1697 3884 2381 6332 3083 346  3803 1438 4549 2642 5323 4006 6079 5386 6841 6826 7639 
7225 3864 3835 1386 5375 4004 7015 6132 1325 7332 551  4480 3861 1960 1881 6580 4131 3440 4797 2618 6045 3542 7215 5656 1395 7546 4815 572  435  1804 2865 2996 3107 4776 3239 5370 3383 5778 3521 6312 3679 6810 3829 7242 3983 7626 4115 2242 3063 2938 4415 1356 4867 3928 5277 4310 5789 426  6259 2406 6731 4722 7171 5882 7615 6558 193  7358 751  668  1381 2708 2039 5116 2719 7628 3463 866  4159 2042 4943 3314 5689 4694 6449 6082 7237 7534 
6384 2431 5952 4625 3402 6235 5166 7645 6786 2675 1104 767  2800 6831 4550 3069 560  4653 700  5499 3304 7125 4664 675  6622 3075 2752 7275 1292 1545 2332 3621 3610 3193 5106 3287 5538 3437 5970 3611 6648 3781 7032 3935 7482 4055 84   4187 2626 3831 3358 4645 2388 5111 4118 5541 4430 6019 1374 6503 3594 6995 5494 7373 6198 5    6946 463  18   1061 1682 1699 3908 2383 6388 3089 358  3821 1454 4561 2654 5333 4022 6089 5398 6857 6866 7643 
715  4872 3895 1428 5395 4256 6955 6174 1445 7584 4325 3408 949  2380 2277 6370 4257 4240 4959 280  6897 3752 7395 5642 1425 7552 4905 608  465  1862 2895 3038 4173 4228 3235 5394 3385 5784 3523 6330 3683 6834 3839 7266 3985 144  4117 228  4267 2954 4427 1422 4853 3516 5315 4318 5721 4582 6281 2454 6739 4782 7181 5894 7619 6568 199  7366 757  692  1399 2732 2053 5132 2729 7652 3467 878  4177 2062 4951 3326 5693 4702 6451 6098 7243 7538 
5712 2665 7104 4565 3108 6215 5152 275  6916 2725 1392 6025 5456 2223 5180 3519 1040 2331 1300 5661 1610 2349 4888 765  6734 3195 3008 7335 1276 1605 2336 3657 3616 4833 4988 3295 5562 3439 6024 3629 6594 3785 7014 3937 7512 4061 96   4189 444  4321 954  4667 2466 5123 4812 5567 4438 5991 4744 6505 3606 7003 5514 7379 6206 3    6974 467  20   1063 1684 1709 3932 2389 6404 3109 362  3823 1466 4567 2722 5347 4034 6091 5414 6863 6898 7649 
1045 5208 3905 1596 5405 4446 6985 6188 7425 2128 4475 3504 65   1792 2673 6500 1197 3760 3717 640  6903 3410 6561 5698 1725 7592 5025 644  555  1876 2955 3052 4191 4292 5397 5566 3397 5790 3551 6342 3695 6846 3845 7314 3991 7710 4141 234  4279 708  4417 1494 4859 3546 5317 6036 5809 4610 6189 4922 6743 4854 7183 5898 7631 6574 211  7374 761  716  1409 2738 2063 5156 2731 7724 3469 886  4201 2066 4957 3334 5701 4714 6469 6122 7247 7558 
7728 2717 7616 4715 3552 6265 5382 475  7072 5175 2288 6275 5936 7605 3724 3663 1360 2541 1700 5577 2030 2997 4690 783  6784 3225 3392 7515 1312 1635 2356 3699 3620 4893 5020 6021 6260 3473 6102 3635 6666 3791 7062 3941 7530 4063 108  4193 486  4331 996  4661 2502 5129 4842 5579 7404 6023 4790 6393 5030 7009 5518 7391 6226 7    6978 479  28   1069 1724 1721 3964 2393 6428 3119 382  3833 1478 4583 2734 5351 4054 6101 5422 6869 6914 7669 
935  6216 3965 2142 5555 4512 6895 6138 1475 7744 4725 4784 2295 2156 3315 896  4329 4720 3549 680  7011 3560 7569 5530 1131 7672 5085 736  645  1888 2985 3068 4179 4316 5451 5540 6591 7004 3545 6402 3713 6858 3841 7368 3997 324  4135 276  4285 726  4429 1524 4873 3582 5321 6066 5803 438  6283 4910 6639 5174 7131 5902 7627 6582 223  7386 769  722  1423 2764 2069 5164 2741 7732 3491 898  4211 2078 4967 3338 5711 4742 6473 6134 7253 7586 
2016 2755 1764 4745 3444 6305 5412 175  6936 2825 2992 5985 6448 3105 5684 2145 952  4719 1900 5607 2360 3321 4730 837  6230 1443 3776 7575 1316 1695 2366 3723 3652 4899 5012 5973 6340 7263 7648 3647 6690 3787 7074 3949 7566 4087 126  4195 492  4333 1014 4681 2532 5131 4878 5585 7428 6031 1398 6509 5038 6861 5522 7377 6214 11   6986 487  32   1087 1732 1723 3988 2399 6436 3121 386  3847 1486 4591 2746 5381 4058 6113 5426 6871 6922 7673 
1105 4158 3995 1932 5605 4312 7055 6204 1525 7548 4525 5104 6615 2816 3375 7252 3795 1624 5031 760  6867 3770 189  5510 1161 7070 1767 748  615  1892 3111 2950 4209 4384 5421 5572 6603 7018 729  1648 3707 6870 3859 7398 4009 192  4145 294  4295 732  4435 1572 4883 3684 5327 6108 5815 474  6289 2514 6749 5176 7143 5912 7629 6584 227  7390 773  724  1427 2804 2081 5188 2749 16   3499 914  4217 2098 4969 3386 5717 4754 6481 6158 7283 7594 
2772 2795 2304 4895 3588 6355 5418 325  6972 3125 1488 6425 6256 6825 7424 2805 728  4185 2296 5841 2440 3483 4750 651  6280 1479 7630 2133 1352 1905 2444 3633 3650 4917 5024 6063 6350 7287 7660 981  4802 3799 7170 3953 7518 4069 132  4223 516  4351 1062 4685 2676 5137 4908 5587 7542 6041 1434 6511 3642 7031 5528 7387 6254 13   7006 491  44   1091 1756 1733 4036 2411 6452 3137 394  3851 1502 4597 2762 5387 4078 6121 5438 6883 6926 7681 
1235 6426 4015 1638 5665 4452 7085 6324 1675 7668 4775 3726 55   4352 2205 1976 3915 2002 4845 2744 7029 3710 297  5560 1113 7030 1809 160  2373 1924 3129 2890 4239 4324 5457 5588 6573 7052 7743 1712 2523 676  3869 7458 4031 1458 4151 306  4291 738  4439 1602 4885 3732 5339 6246 5833 498  6295 2526 6751 4866 7195 5918 7633 6586 229  7414 787  764  1429 2836 2083 5204 2753 6    3511 922  4219 2102 4973 3394 5737 4762 6491 6166 7297 7606 
3528 2875 6084 4807 3612 6365 5236 575  6984 3175 1536 6575 5994 235  6292 2415 1768 4995 2408 5115 3094 3807 4810 759  6290 1491 400  2121 650  2751 2140 3729 3626 4929 5044 6099 6358 7305 7676 1017 4912 4203 344  3959 7602 4097 150  4207 522  4343 1068 4687 2682 5141 4986 5597 7572 6049 1446 6515 3678 7033 5542 7397 6234 17   6994 499  50   1093 1772 1741 4052 2417 6476 3163 398  3853 1514 4603 2798 5393 4106 6131 5458 6899 6934 7687 
1265 4914 4085 2436 5695 4524 7285 6318 1775 7686 4805 3792 85   7536 515  1496 3045 2728 4485 2968 6105 3976 459  5590 1239 7130 1833 200  2397 1340 3171 2980 4233 4396 5487 5612 6585 7028 45   1744 2529 1156 6057 712  4033 60   4163 342  4303 804  4453 1644 4891 3756 5345 6252 5837 534  6313 2586 6757 4926 7199 5930 7637 6590 233  7422 797  772  1433 2876 2087 5212 2767 8    3517 926  4229 2122 4987 3398 5741 4766 6521 6178 7307 7642 
3276 2915 1296 4945 3654 6625 5586 425  6996 3275 1776 6725 6096 295  972  815  2432 1365 3256 5655 3416 6555 4984 957  6520 1533 2500 2139 740  2769 2150 3753 3668 4947 5050 6123 6364 7317 7684 1083 4976 4311 370  39   1096 4103 156  4213 558  4367 1164 4699 2718 5143 5028 5599 7578 6059 1506 6523 3702 7037 5546 7401 6262 19   7010 503  52   1097 1796 1747 4076 2423 6484 3167 422  3863 1522 4621 2818 5399 4126 6133 5462 6907 6938 7691 
1375 6888 4147 2394 5735 4554 7345 6372 1805 7704 4825 3984 95   7614 535  2178 1135 3128 4515 3968 5865 4088 2025 5704 1221 7160 1869 220  2403 1450 3201 3020 4251 4444 5523 5620 6657 7060 63   1808 2547 1444 6093 730  501  1490 4169 348  4307 774  4469 1668 4897 3798 5353 6276 5855 582  6319 2598 6767 4938 7201 5944 7647 6610 239  7426 809  788  1439 2908 2089 5228 2777 10   3527 934  4231 2126 4993 3418 5743 4778 6529 6218 7309 7646 
4284 2945 504  5015 3762 6335 5664 245  7008 3425 1782 6775 6288 305  1044 835  3708 1405 3608 5145 4264 7095 5032 315  6968 1551 320  2163 820  2781 2180 3741 3772 4953 5084 6129 6368 7329 7688 1143 5008 4383 374  57   1106 1101 1846 4237 564  4369 1098 4705 2724 5149 5046 5603 7692 6065 1542 6527 3714 7045 5558 7403 6266 23   7016 509  68   1103 1828 1753 4084 2437 6508 3169 446  3877 1538 4637 2846 5407 4138 6143 5482 6911 6982 7699 
1495 7224 4199 2464 5785 4644 6965 6396 1975 3072 4925 4272 115  252  545  2412 1145 5652 1735 3848 6195 4712 7035 5848 1665 7714 1887 260  2409 1550 3219 3050 4323 4448 5505 5644 6645 7076 75   2096 2637 2116 6147 742  519  1474 1731 2248 4309 846  4471 1746 4907 3804 5357 6282 5873 606  6331 2634 6769 4962 7223 5946 7651 6616 241  7430 811  796  1447 2932 2099 5276 2789 14   3529 958  4241 2138 4999 3442 5749 4786 6547 6238 7321 7666 
4704 3055 4356 5035 3808 6565 5676 725  7038 3475 1968 6845 6576 335  1116 865  3852 1415 7164 1865 4216 6405 4862 525  6952 3285 3904 2187 850  2829 2260 3759 3692 4965 5054 6135 6412 7347 7708 1233 5072 4419 376  51   1102 1119 1864 2427 2630 4379 1206 4709 2748 5155 5052 5609 7716 6071 1578 6533 3786 7051 5570 7409 6278 29   7026 521  76   1109 1844 1759 4124 2441 6548 3181 454  3881 1546 4639 2854 5413 4162 6151 5498 6917 6998 7703 
1595 7182 4255 2574 5795 4662 7375 6408 1825 576  4975 4592 125  288  565  2548 1165 5868 1745 456  1945 4472 7455 5896 1845 784  5325 812  2451 1460 3237 3104 4215 4484 5511 5668 6681 7124 99   2032 2763 3364 6219 754  537  1498 1761 2264 3093 2984 4487 1788 4913 3972 5359 6354 5891 618  6341 2658 6773 4974 7217 5954 7653 6632 251  7432 821  844  1451 2956 2111 5284 2791 22   3533 974  4243 2174 5003 3446 5779 4798 6551 6242 7331 7694 
4788 3145 672  5125 3816 6655 5628 605  7068 3725 2064 6925 6512 355  1332 895  3924 1465 7596 1895 714  2045 5192 735  6808 3525 4288 7725 1364 2877 2350 3801 3718 5019 5092 6141 6422 7359 7712 1179 5296 4491 406  69   1112 1137 1886 2433 2648 3837 3368 4711 2796 5161 5058 5611 48   6085 1614 6535 3846 7061 5574 7405 6286 31   7042 523  92   1117 1852 1777 4132 2447 6628 3187 458  3889 1574 4643 2858 5417 4166 6163 5506 6947 7022 7717 
1625 1008 4301 2604 5863 4692 7205 6432 2075 2916 5275 4656 145  396  635  2556 1195 6012 1757 552  1985 1122 2201 6016 1815 2704 5415 868  705  1952 3297 3116 4245 4532 5559 5650 6693 7154 117  2192 2799 3844 6309 776  543  1510 1779 2266 3099 3002 4443 3656 4915 4014 5363 6462 5893 642  6347 2694 6787 5034 7231 5962 7655 6618 257  7474 823  892  1453 2972 2113 5308 2797 26   3539 982  4253 2182 5009 3466 5783 4822 6553 6274 7333 7702 
5292 3245 756  5083 7560 7579 5688 775  7084 3775 2106 7025 6608 365  1452 905  4068 1535 216  1903 798  2095 1554 2323 6902 3555 4544 405  1372 1965 2516 3765 3796 5055 5068 6177 6524 7365 7742 1251 5392 4527 410  87   1118 1149 1898 2463 2662 3849 3370 4647 3806 5165 5094 5615 162  6077 1626 6539 3858 7063 5608 7415 6294 37   7046 541  98   1123 1868 1783 4156 2459 6652 3191 466  3907 1594 4649 2866 5419 4174 6173 5534 6949 7034 7723 
1615 2268 4345 2646 6061 5040 1859 6496 7695 1232 5575 4698 155  468  655  2628 1205 6228 1763 120  1991 1218 2215 1914 2455 1936 5475 836  795  1972 3165 3124 4371 4556 5529 5660 6747 7136 153  2384 2817 5476 6381 782  573  1526 1797 2270 3117 3014 4449 3658 4827 3934 5371 6492 5899 654  6349 2742 6797 5118 7235 5966 7661 6634 263  7486 827  908  1459 3004 2129 5444 2801 34   3541 998  4259 2186 5011 3482 5791 4834 6563 6326 7349 7706 
5376 3289 864  5135 3906 7337 2520 4693 7168 2925 3344 7075 6642 395  1476 955  4332 1555 168  1909 750  2159 1566 2327 2226 2515 5056 1875 1376 2055 2492 3783 3820 4983 5140 6153 6532 7413 1024 1359 5552 4581 418  93   1130 1167 1910 2469 2666 3867 3374 4659 3830 5091 4142 5617 36   6103 1662 6541 3882 7067 5614 7419 6296 41   7048 547  116  1129 1916 1787 4196 2467 6668 3203 478  3911 1618 4651 2878 5431 4178 6197 5554 6959 7054 7727 
1705 2352 4355 2508 5875 4824 2299 5880 7139 2576 6075 4816 185  588  685  2844 1255 6348 1765 546  2021 1230 2219 1938 2453 2562 2605 884  885  1988 3243 3140 4401 4450 5649 5728 6735 7172 147  2224 2853 6724 6471 790  579  1528 1803 2278 3147 3026 4461 3670 4839 3938 5331 4328 5905 678  6377 2766 6799 5142 7241 5974 7663 6654 269  7494 829  916  1471 3028 2131 5468 2803 38   3547 1006 4261 2194 5021 3494 5801 4846 6569 6334 7351 7726 
5796 3355 1152 4445 3828 6665 5724 4901 1260 319  3536 6525 6656 415  1548 965  4572 1565 264  1915 858  2149 1590 2353 2322 2519 2886 2735 1484 2085 2528 3813 3836 5037 5150 6183 6556 7383 80   1341 5584 4689 424  111  1162 1191 1912 2481 2674 3873 3382 4677 3832 5097 4154 5583 4454 6107 1686 6557 3918 7073 5622 7421 6298 43   7064 557  124  1151 1922 1789 4204 2473 6676 3209 482  3917 1622 4657 2894 5437 4198 6199 5578 6961 7058 7741 
1885 2592 2639 2664 5495 4576 7385 6534 7267 2940 583  5168 3465 3328 695  2988 1285 6444 1769 594  2005 1242 2227 1974 2461 2616 2611 3288 2831 2044 3333 3164 4395 4564 5673 5746 6771 7180 171  2416 2883 7396 6543 806  591  1534 1821 2282 3153 3032 4467 3674 4857 3962 5349 4330 5739 4616 6371 2778 6805 5154 7249 5982 7679 6674 271  7496 839  932  1481 3044 2137 5492 2819 46   3557 1018 4271 2206 5023 3506 5807 4874 6571 6338 7369 4    
6468 3335 792  4459 3876 6685 5742 845  7236 341  7350 781  6992 5775 1664 985  4716 1585 312  1919 888  2105 1608 2329 2328 2533 3030 2743 3486 2923 2540 3819 3892 5073 5194 6213 6550 7437 112  1413 5648 4707 430  123  1166 1203 1918 2487 2678 3891 3406 4701 3838 5127 4168 5601 4456 5997 4792 6559 3954 7081 5630 7423 6302 53   7086 563  148  1153 1948 1801 4244 2477 6772 3217 502  3919 1642 4663 2902 5441 4222 6203 5582 6967 7066 1    
1955 6006 4465 2784 5705 4836 7505 6588 2225 336  559  3990 979  4864 3675 1672 1315 6498 1793 210  2033 1272 2231 1992 2443 2568 2623 3210 2839 3810 2983 3146 4503 4460 5697 5764 6777 7196 207  2608 2979 40   6597 808  597  1544 1839 2290 3183 3034 4479 3682 4863 3970 5361 4334 5793 4630 6207 4936 6809 5178 7261 5986 7671 6682 277  7498 853  956  1483 3076 2141 5524 2833 58   3559 1042 4273 2218 5039 3518 5813 4882 6577 6362 7393 2    
