5544 1955 7722 2737 5940 5957 3300 7889 2970 4949 7590 217  990  679  2070 1079 3690 1457 6540 1807 450  2051 330  2201 1272 2315 1752 2513 2262 2705 2814 2923 3336 3091 4110 3277 4710 3497 5502 3791 6474 4045 7398 4309 234  4577 1236 4853 2676 5165 4194 5489 5958 5837 7908 6161 1086 6511 2694 6865 4206 7157 4938 7319 5646 7709 6530 83   7322 613  244  1229 2188 1889 4436 2609 7012 3323 566  4027 1726 4799 2998 5569 4406 6329 5758 7127 7234 
5525 7308 3515 792  4459 6000 6923 7260 2527 5720 7301 6080 497  1530 871  1050 1261 5340 1651 1360 1957 270  2149 750  2321 1554 2461 1992 2603 2478 2827 3090 3007 3774 3173 4422 3401 5238 3653 5970 3937 6942 4181 7890 4427 726  4717 1884 5033 3324 5317 5052 5645 7002 6001 426  6383 1878 6671 3606 7067 4542 7255 5262 7435 6182 9    6878 337  7734 919  1108 1559 3316 2251 5804 2939 118  3673 1154 4423 2374 5189 3722 5939 5098 6737 6542 7549 
6048 2015 1584 2765 2244 6097 3420 637  3480 5047 1620 259  1020 703  6090 1081 3740 1469 6570 1829 980  2071 390  2219 1290 2407 1770 2519 2226 2735 2862 2929 3354 3095 4152 3281 4746 3505 5592 3799 6486 4055 7446 4313 276  4579 1278 4855 2682 5177 4236 5497 5988 5855 48   6169 1146 6515 2742 6881 4254 7169 4962 7327 5682 7715 6526 89   7330 617  268  1231 2228 1901 4468 2617 7036 3329 586  4049 1754 4801 3022 5573 4414 6337 5774 7129 7246 
3575 1512 3565 864  4585 3828 7021 6900 2597 6270 7267 7290 511  1650 893  1470 1271 5390 1691 1840 5031 640  2167 870  2323 1590 2471 1998 2605 2538 2831 3144 2995 3834 3193 4470 3403 5334 3665 6018 3941 6954 4183 324  4429 732  4727 1926 5045 3372 5321 5058 5663 7044 6005 438  6385 1902 6677 3678 7073 4566 7261 5286 7439 6184 25   6886 347  7736 929  1124 1567 3356 2267 5812 2953 122  3677 1174 4441 2386 5197 3734 5953 5102 6761 6598 7559 
7056 2035 2352 4433 2664 6035 4836 539  3510 5243 4050 287  1140 707  2220 1111 3870 1501 6760 1617 1280 5607 2470 2227 1302 2413 1794 2533 2322 2723 2838 2933 3498 3097 4170 3287 4776 3523 5658 3805 6504 4061 7458 4315 294  4589 1284 4859 2718 5183 4302 5509 6036 5873 162  6179 1158 6523 2766 6887 4314 7171 4974 7339 5718 7711 6538 97   7334 619  284  1237 2252 1907 4492 2621 7108 3331 614  4051 1762 4813 3046 5581 4426 6343 5794 7151 7262 
4675 7644 3355 504  5185 3444 6935 6144 2891 6630 7139 7360 517  1710 889  2790 1273 5490 1661 1520 2961 520  7119 4280 2327 1518 2479 2046 2611 2490 2839 3186 3005 3894 3199 4482 3409 5352 3661 6024 3949 6870 4187 192  4435 738  4735 1956 5057 3396 5327 5094 5671 7116 6013 474  6395 1986 6683 3642 7081 4614 7265 5298 7441 6170 121  6904 349  7738 937  1132 1571 3362 2269 5836 2957 134  3691 1186 4447 2402 5209 3742 5981 5114 6763 6602 7561 
6552 2125 2592 4505 2394 5995 4956 7885 6816 5203 5460 319  7350 713  2250 1099 4230 1477 6780 1837 1300 5841 2840 5913 6040 2419 1806 2545 2328 2743 2910 2941 3486 3103 4182 3293 4794 3545 5694 3811 6594 4063 7464 4319 306  4595 1308 4867 2724 5191 4308 5513 6066 5891 36   6181 1182 6527 2778 6893 4328 7181 5034 7343 5802 7721 6546 101  7338 631  292  1249 2276 1913 4516 2633 7132 3343 622  4057 1766 4817 3062 5591 4442 6353 5806 7159 7274 
5225 7812 3289 672  5335 3654 6955 5742 1805 7704 7381 7280 527  3640 899  2820 1313 5500 1673 2000 2793 680  7227 4270 627  7240 2483 2058 2615 2562 2869 3198 3035 3912 3197 4494 3415 5358 3683 6042 3953 6990 4189 1458 4439 774  4739 1962 5053 3438 5339 5172 5677 7146 6017 498  6401 2022 6697 3702 7087 4638 7271 5322 7445 6186 49   6906 353  7746 941  1172 1579 3412 2273 5884 2963 142  3697 1198 4451 2426 5227 3746 5987 5158 6779 6614 7573 
4032 2185 2448 4565 2436 6095 4884 175  6936 3775 1536 323  7700 2907 3920 1121 3850 3159 6820 1449 1100 6003 2590 6399 6110 1239 5776 2537 2346 2747 2886 2935 3534 3101 4218 3295 4806 3551 5730 3809 6648 4069 7482 4331 342  4607 1314 4873 2748 5195 4338 5515 6108 5893 24   6185 1194 6533 2802 6901 4330 7183 5048 7355 5826 7729 6554 103  7352 641  316  1259 2284 1931 4604 2647 7148 3347 626  4073 1774 4831 3086 5623 4474 6359 5818 7177 7286 
6175 1848 3625 756  5375 3808 7015 5984 1825 7788 5825 4592 5967 6440 7293 1960 2691 5740 4329 2320 3087 760  7533 4360 609  7310 1833 340  2623 2568 2845 3162 3017 3810 3223 4578 3419 5370 3667 6102 3959 7014 4195 72   4453 804  4741 2004 5063 3474 5345 5196 5699 7188 6019 534  6403 2082 6707 3714 7091 4696 6189 5486 7447 6190 169  6910 359  7766 947  1228 1583 3428 2281 5924 2969 146  3701 1202 4457 2434 5231 3754 6007 5182 6781 6626 7577 
7392 2375 3312 4615 2464 5265 5236 7695 6776 3925 1776 625  6608 3861 2240 1989 4060 3627 6650 4653 1700 6027 2530 6723 6280 1281 704  2241 490  2759 2958 2947 3390 3107 4242 3305 4818 3563 5736 3817 6690 4087 7506 4321 372  4601 1356 4883 2796 5201 4404 5533 6246 5905 42   6187 1266 6535 2874 6905 4334 5433 5038 6927 5870 7737 6562 107  7358 643  332  1277 2308 1933 4612 2657 7156 3359 634  4079 1814 4861 3098 5639 4478 6361 5834 7187 7318 
7475 2688 3553 1152 5365 4256 2925 6272 6885 3136 5975 4656 305  3332 6831 2660 3069 5920 4257 2480 3339 920  7353 4510 651  7250 1869 260  2337 650  2863 3210 3029 3930 3233 4584 3427 5394 3679 6168 3961 7032 4193 60   4469 846  4757 2034 5065 3516 5353 5268 5713 7212 6023 582  6407 2094 6731 3786 7093 4706 6207 5470 7431 6194 529  6918 367  7768 953  1244 1597 3436 2287 5932 2971 158  3709 1214 4463 2446 5233 3758 6011 5186 6791 6638 7583 
6336 2405 3888 2821 2508 5945 5152 6435 6944 3825 3248 55   6642 565  2548 2277 4550 4059 6860 4719 1900 6039 2870 7209 6290 1353 832  2193 500  2403 940  2951 3576 3113 4266 3317 4890 3569 5754 3827 6666 4097 7512 4333 348  4609 1422 4885 2826 5207 4476 5539 6252 5899 30   6191 1338 6539 2922 6913 4342 5469 5066 6933 5882 7739 6558 109  7366 647  338  1279 2348 1949 4652 2659 7204 3361 662  4091 1822 4871 3106 5641 4486 6367 5854 7193 7342 
7735 3456 1309 5400 4669 3978 6985 6496 4455 1456 1485 4816 295  612  895  6076 3519 6020 4437 2560 3381 1000 7659 4520 741  7336 3525 364  2343 740  2937 2140 3031 3942 3205 4602 3421 5406 3695 6162 3973 7062 4207 90   4471 852  4747 2076 5069 3546 5357 5274 5707 7218 6031 606  6415 2118 6739 3846 7097 4718 6243 5494 7453 6198 289  6946 373  7782 967  1252 1601 3452 2293 5948 2999 166  3719 1226 4481 2458 5237 3778 6029 5218 6793 6646 7589 
4752 6475 2736 2849 7020 6061 4998 325  7448 5445 3472 2565 6832 635  2028 1115 728  3663 6880 1701 2420 6069 2750 7203 6392 2385 448  5415 1316 2409 1060 3477 3580 3127 4278 3337 4902 3589 5778 3829 6726 4105 7566 4343 414  4613 1494 4891 2868 5213 4518 5543 6276 5909 54   6193 1362 6541 2946 6931 4346 5493 5074 6999 5894 7745 6568 113  7374 653  356  1283 2372 1951 4684 2663 7244 3371 674  4093 1838 4877 3118 5647 4502 6373 5878 7207 7346 
2275 3672 1435 936  4697 7440 7163 5922 1975 1904 7605 5104 3315 2156 901  3492 1255 1624 4563 2960 3549 1160 7581 4730 777  7384 3555 392  285  2132 2943 2150 4029 4172 3215 4632 3431 5430 3707 6222 3977 7074 4213 84   4499 876  4763 2148 5071 3582 5359 5316 5723 7284 6041 618  6431 2154 6743 3858 7099 4726 6249 5518 7463 6202 361  6974 379  7786 971  1268 1607 3508 2297 5956 3001 178  3727 1234 4483 2462 5261 3802 6037 5234 6803 6658 7591 
7128 7105 3564 2905 2784 6083 4140 2057 6916 6075 2992 4095 6992 3915 4508 1133 5004 1405 2408 4743 2300 6111 2920 7857 6424 2655 1088 5475 1352 2055 2852 3531 3556 4503 4796 3341 5010 3587 5784 3839 6744 4103 7518 4351 444  4619 1524 4897 2892 5219 4548 5545 6282 5911 66   6209 1374 6557 2994 6937 4362 7195 5122 7017 5902 7747 6582 127  7386 659  388  1289 2396 1973 4724 2671 7292 3373 694  4099 1858 4889 3134 5651 4534 6379 5906 7211 7354 
2975 3432 1505 1056 4795 3936 7189 7380 3751 2128 1755 5168 3465 4864 4125 7252 1285 6348 1585 2968 5301 1430 7791 4370 663  7544 3735 416  345  2144 2865 3172 3855 4192 5055 5372 3437 5448 3713 6258 3979 7134 4237 96   4487 948  4765 2166 5089 3732 5363 5388 5729 7356 6049 642  6433 2202 6749 3882 7111 4722 7273 5522 7465 6206 961  6978 383  7798 977  1324 1609 3524 2309 5972 3011 194  3733 1238 4493 2474 5273 3814 6043 5242 6823 6662 7603 
7488 7175 4176 3059 2574 6055 5076 833  4440 5239 3344 6615 7696 5775 1664 4785 952  1415 7164 1795 3976 6273 2990 441  6490 1407 1216 5715 1364 2085 2884 3405 3596 4521 4828 5511 6004 3595 5838 3841 6792 4109 7530 4367 486  4627 1572 4907 2934 5221 4596 5549 6354 5917 78   6233 1398 6559 3018 6941 4354 7199 5090 7023 5912 7751 6574 131  7390 661  404  1291 2404 1979 4748 2677 7324 3389 698  4111 1874 4903 3142 5653 4538 6389 5914 7213 7382 
6545 4104 1547 7920 4879 3996 6895 6138 2989 6750 7399 5456 7875 5408 4851 2392 5115 2072 1655 456  1945 4774 7803 4750 783  7552 3975 476  375  2204 2895 3196 3945 4214 5073 5350 6021 6572 3715 6312 3983 7170 4223 108  4501 954  4769 2172 5093 3684 5371 5484 5731 7362 6059 654  6437 2238 6751 3918 7115 4744 6261 5528 7471 6214 841  6986 389  7802 983  1348 1613 3532 2311 5996 3019 202  3739 1262 4507 2498 5279 3826 6047 5266 6827 6686 7607 
5616 7525 4464 3367 6600 6251 5088 245  6984 5341 4400 7371 7216 2205 1768 1155 3128 5805 2618 1835 714  2045 5624 1089 6230 1419 1472 5895 1372 2235 2888 3435 3604 4551 4780 5523 6028 6507 7154 3845 6798 4117 7602 4369 492  4631 1602 4913 3006 5245 4626 5561 6462 5921 102  6227 1434 6583 3054 6943 4366 5541 5126 7041 5918 7763 6584 137  7414 673  412  1297 2428 1987 4772 2683 7388 3391 706  4127 1882 4909 3158 5657 4546 6397 5926 7219 7394 
7315 4968 1463 5760 4823 6960 7259 6204 2075 7866 7693 6400 5733 5888 7623 2432 3255 3944 6045 3416 1961 918  2155 6016 759  7378 4005 532  435  2212 2955 3212 4035 4228 5109 5380 6063 6596 6963 7676 3985 7194 4247 126  4511 996  4771 2286 5095 3756 5377 5526 5747 7404 6065 678  6439 2274 6757 3954 7117 4738 6267 5542 7483 6226 1369 6994 397  7806 991  1388 1619 3548 2333 6044 3023 206  3761 1282 4513 2518 5281 3862 6053 5294 6829 6694 7621 
7344 7007 7200 3157 2880 6149 4500 931  6996 4075 1782 301  1760 2457 2720 2079 3496 4935 4408 6765 4088 2077 1122 2195 6536 2535 1856 5925 1376 2265 2924 3495 3616 4539 4820 5529 5908 6513 7180 7473 656  4115 7608 4379 516  4633 1644 4915 3012 5249 4668 5567 6492 5933 114  6239 1446 6587 3126 6953 4376 5583 5128 7053 5930 7769 6590 139  7422 677  428  1301 2452 1993 4804 2687 7442 3407 718  4129 1894 4919 3166 5659 4562 6421 5938 7229 7402 
5005 6264 1729 6120 4921 7680 7337 7650 3211 7848 6025 4698 533  2200 5187 3680 3927 3968 6195 4736 2025 5278 2165 1242 2245 7546 4335 572  465  2236 2985 3232 4047 4220 5133 5404 6015 6644 6981 7684 7845 2864 4249 132  4529 1014 4777 2292 5105 3798 5383 5532 5753 7428 6071 762  6443 2298 6767 3962 4839 4790 6297 5546 7501 6234 1681 7006 401  7816 997  1396 1621 3628 2339 6092 3037 214  3767 1286 4517 2554 5297 3866 6067 5314 6833 6718 7639 
4896 7595 4608 3311 7800 6293 3900 847  3720 5491 1968 35   6672 721  3200 3003 4600 6699 4472 7035 5032 825  5642 2215 1326 2335 1984 6165 1484 2355 2948 3537 3620 4587 4832 5559 5978 6519 7172 7479 688  531  5392 4385 522  4645 1668 4927 3084 5251 4734 5579 6564 5935 138  6245 1506 6589 3138 6973 4378 5601 5134 7071 5944 7765 6586 149  7426 683  436  1303 2468 1997 4852 2689 7444 3413 734  4133 1906 4931 3194 5669 4574 6427 5942 7237 7418 
1925 4992 1645 1224 4991 1440 7429 7740 3283 7040 2401 4848 335  684  913  3800 4641 6200 5103 4862 7455 5336 1125 6104 2285 1566 2489 544  555  2254 3009 2180 4053 4232 5061 5396 6123 6620 6987 7688 7881 2896 1557 196  4531 1062 4781 2316 5111 3804 5401 5556 5755 7542 6077 786  6445 2334 6769 3966 7123 4792 6333 5558 7493 6262 1849 7010 409  7818 1009 1412 1627 3644 2341 6124 3041 218  3769 1294 4519 2558 5303 3898 6073 5318 6841 6722 7643 
3744 4375 4212 3115 2904 6307 4860 1127 4290 5537 5200 329  6966 655  2124 1139 4180 7749 7150 1827 5368 7665 5704 1425 6578 2395 1896 2561 1504 2445 2996 3567 3610 4611 4850 5649 6052 6531 7228 7485 752  549  5552 2637 232  4667 1734 4939 3114 5255 4764 5585 6606 5941 174  6259 1542 6593 3246 6979 4390 5613 5138 7113 5954 7771 6610 151  7430 691  452  1307 2476 1999 4868 2693 7468 3433 746  4139 1934 4933 3202 5683 4586 6449 5998 7243 7438 
2695 5304 1715 1188 4865 4056 7469 1080 3479 7080 77   900  551  768  905  3636 1333 5980 1071 3280 3717 5434 315  6136 735  7592 2491 2010 2627 2312 2967 2260 4071 4268 5151 5420 6099 6604 7005 7708 7869 3056 1587 256  3951 506  4819 2358 5123 3972 5389 5598 5759 7572 6085 822  6455 2382 6773 3970 4857 4808 6339 5570 7509 6254 2209 7016 419  7842 1013 1436 1637 3676 2347 6172 3049 226  3779 1306 4523 2566 5309 3902 6079 5326 6857 6742 7649 
5472 1225 5328 3395 2952 6205 5112 1183 4590 5687 6800 341  7840 731  2178 1135 5202 1507 7400 1911 2900 6321 5896 525  6784 2745 2368 2563 2370 2761 1180 3597 3626 4605 4844 5673 6068 6567 7196 7491 848  603  5584 2763 230  5193 806  4955 3156 5257 4812 5587 6684 5947 186  6281 1578 6595 3282 6989 4382 5619 5144 7131 5962 7773 6616 157  7432 701  508  1319 2524 2003 4892 2699 7484 3449 758  4153 1942 4937 3214 5689 4594 6451 6002 7247 7454 
3185 4224 1855 1248 5117 4092 6965 6324 3577 7320 91   360  559  3990 923  3708 1315 6444 1679 3440 3843 1240 567  6232 1935 7462 4365 608  2629 2616 2867 2540 4077 4292 5157 5428 6129 6692 7059 7712 7887 3088 1611 484  3987 518  6471 1054 5129 4044 5411 5604 5761 7578 6103 834  6457 2406 6787 3992 4863 4814 6387 5608 7495 6266 2809 7026 421  7864 1019 1468 1657 3698 2351 6196 3061 254  3793 1318 4547 2578 5323 3946 6089 5342 6863 6746 7669 
3168 455  5508 3535 2964 6235 5244 605  7038 5887 7500 343  1350 737  6510 1157 5364 1465 168  1843 3100 6171 3160 1521 6808 3015 2624 6225 1508 2771 2982 2959 3650 4623 4964 5595 6112 6549 7264 7503 944  639  5648 2799 238  5283 790  7731 1342 5263 4842 5597 6714 5951 222  6283 1614 6605 3342 6995 4394 5631 5146 7143 5966 7779 6632 163  7474 709  524  1321 2564 2011 4916 2707 7492 3457 766  4157 1954 4943 3218 5693 4618 6469 6022 7253 7466 
3325 4488 2065 1368 5159 4248 7055 5964 2225 7884 119  480  553  1740 943  1540 1339 6498 1685 462  1963 1330 7839 4930 837  7672 4425 644  615  2272 2855 3288 3043 4316 5181 5452 6135 6716 7077 7748 7911 3152 1629 676  4041 530  6543 1066 213  1576 5429 5634 5765 7692 6107 894  6463 2454 6797 3982 4881 4826 6393 5614 7513 6278 3481 7042 431  7870 1021 1492 1663 3716 2357 6212 3067 262  3797 1322 4549 2582 5333 3958 6091 5354 6869 6778 7673 
6864 665  5808 3451 4800 6391 5256 425  6972 4175 2064 371  1170 749  2430 1147 4020 1513 216  1853 2450 6201 3010 3249 6520 1431 2752 6255 1564 2451 3038 2965 3618 3131 4876 5685 6116 6573 7268 7539 976  657  5744 2817 248  5337 808  7767 1358 537  1834 5599 6756 5959 246  6289 1626 6611 3378 7003 4402 5637 5162 7149 5974 7781 6618 167  7486 719  548  1327 2572 2017 4924 2711 7508 3461 778  4159 1966 4951 3226 5701 4622 6473 6038 7283 7478 
4025 6528 2093 3960 5369 1800 7511 6318 2425 3072 6275 4944 581  1860 917  2850 1331 5550 1687 3750 1969 1190 7821 4690 897  7370 1917 736  645  2324 3021 3296 3047 4002 3227 5536 6141 6728 7089 7772 729  3184 1719 1156 4107 536  6597 1070 219  1582 879  2114 5767 7716 6115 906  6467 2514 6799 4010 4911 4838 6411 5626 7531 6286 3721 7046 433  7874 1031 1516 1667 3748 2371 6236 3079 274  3803 1346 4561 2594 5347 3974 6101 5366 6871 6782 7681 
5148 805  5904 3689 2160 6409 4950 1421 7008 4205 2106 85   7152 763  2460 1141 4260 1529 7050 1841 3380 6327 3250 2601 6622 1443 3008 6675 1612 2505 3052 3585 3668 3133 4296 3349 6140 6591 7316 7521 1072 711  5872 2853 250  5391 814  7893 1370 543  1846 1263 2338 5963 258  6295 1662 6613 3414 7009 4430 5667 5174 7167 5986 7783 6634 173  7494 727  556  1361 2588 2027 4948 2713 7516 3463 794  4177 1982 4957 3238 5711 4666 6481 6046 7297 7522 
4165 5016 2135 1404 5423 5040 7657 1320 3703 576  6425 5022 355  828  949  3180 1337 5820 1703 3760 4221 1640 891  4810 969  7490 1947 812  705  2332 3051 3268 4065 4324 3235 4674 3443 6740 7101 7742 45   3376 1737 1444 4113 568  6627 1090 237  1586 921  2134 1671 2626 6109 942  6485 2526 6805 4024 4971 4856 6423 5630 7543 6294 4489 7048 439  7882 1033 1532 1669 3764 2377 6268 3083 278  3821 1354 4567 2602 5351 3986 6113 5374 6883 6814 7687 
6624 595  6156 3605 2976 6721 6300 2873 4920 5819 2256 65   7248 685  2196 1169 4350 1517 7110 1883 3700 6363 3230 4761 6680 1479 3392 6705 1628 2595 3068 3615 3652 4665 4972 3353 5064 3599 7276 7527 1136 747  5968 2883 266  5409 824  81   1378 573  1864 1293 2344 1983 2792 6313 1686 6617 3426 7031 4438 5703 5176 7179 5990 7799 6654 179  7496 733  578  1367 2612 2029 4996 2719 7556 3467 802  4201 1994 4967 3242 5717 4678 6491 6074 7307 7534 
4235 5928 1771 1632 5215 4128 7579 3360 3757 1680 143  5136 365  882  955  3852 1343 6030 1711 4240 4263 1480 1053 4970 957  7630 1971 748  795  2336 3111 3404 4089 4384 5205 5548 3455 5454 3743 7756 75   3568 1773 2116 4149 574  6651 1096 249  1592 933  2146 1689 2546 2427 3064 6487 2586 6809 4038 7135 4858 6429 5654 7519 6296 5041 7064 443  7898 1039 1556 1693 3788 2381 6284 3089 298  3823 1366 4583 2606 5381 3994 6121 5378 6899 6826 7691 
6912 5929 6480 3619 3096 6215 5124 2299 4200 6137 5670 377  7504 695  2412 1145 5436 1537 7470 1891 4100 6417 3190 6561 6734 1551 3776 6795 1652 2553 1210 3621 3718 4671 4988 5691 6148 3601 5790 3859 1168 801  6064 2979 286  5463 826  15   1384 579  1886 1299 2354 2019 2794 2811 3310 6623 3462 7033 4398 7201 5198 7197 6008 7787 6698 181  7498 739  596  1373 2636 2039 5036 2729 7604 3469 818  4211 2018 4969 3254 5737 4682 6521 6082 7309 7538 
4655 6696 2233 4680 5453 4392 7085 6132 3887 4620 221  2940 583  972  959  3924 1345 6516 1717 4720 4473 1720 1377 5080 1023 7640 2001 836  915  2356 3081 2350 4137 4444 5211 5450 6153 6752 3737 6330 3991 3632 1791 3364 4167 584  6687 1102 267  1598 939  2152 1707 2630 2433 3070 3183 3530 6817 4042 7133 4782 7277 5672 7555 6298 5329 7086 449  7906 1049 1588 1697 3812 2383 6316 3109 302  3833 1382 4591 2614 5387 3998 6131 5386 6907 6866 7699 
6732 875  6192 3773 3120 6479 5166 475  7236 6253 6160 403  840  767  2550 1159 5652 1535 264  1897 4300 6489 3320 7569 6790 1581 3904 7065 1666 2607 1150 3633 3692 4683 5020 5697 6164 6585 7328 3869 6810 4121 6128 3033 290  5517 830  21   1390 591  1898 1317 2378 2031 2806 2823 3322 3603 3766 4449 4454 7217 5118 7357 5862 7795 6674 191  7510 743  604  1381 2644 2053 5108 2731 7628 3491 838  4217 2026 4973 3274 5741 4694 6529 6098 7321 7558 
5075 6072 2261 6240 5467 2340 7733 6174 2525 2916 247  3150 589  3570 979  2380 1349 6876 1735 552  1967 1870 1539 5110 999  7670 2037 884  885  2366 3201 2620 4161 4448 5217 5516 6177 6748 7107 7780 3997 7230 4267 3844 4203 590  6759 1112 291  1606 951  2158 1713 2648 2463 3074 3189 3538 3963 4066 4989 4870 7279 5442 7571 6302 6241 7090 457  7914 1051 1604 1699 3868 2389 6332 3119 314  3847 1402 4597 2638 5393 4006 6133 5398 6911 6898 7703 
7524 1015 6768 3857 3240 6517 5100 2783 7068 4325 2544 407  1890 779  7770 1177 4380 1541 312  1865 744  2117 3290 297  6670 1491 4288 7275 1694 2619 1220 3657 3820 4731 5012 5709 6176 6603 7340 7557 1250 4141 7638 4381 296  5547 854  27   1394 597  1910 1329 2390 2049 2810 2841 3346 3639 3782 4461 4456 5721 5206 7361 5898 7801 6682 193  7526 751  628  1399 2692 2063 5116 2741 7652 3499 842  4219 2038 4987 3314 5743 4702 6547 6122 7331 7586 
5425 7176 2345 1656 5551 1980 7553 1920 3871 7744 6575 5232 611  4760 989  3330 1351 6060 1727 546  1985 966  2171 5240 861  7720 2013 868  1005 2444 3129 2740 4173 4396 5235 5564 6183 6764 7221 7774 63   3664 4265 198  4535 598  6813 1106 303  1630 993  2162 1731 2662 2469 3082 3207 3544 3981 4072 5001 4886 6459 5662 7597 6306 6889 7096 461  7918 1061 1636 1709 3884 2393 6388 3121 326  3851 1418 4603 2642 5399 4022 6143 5414 6917 6914 7717 
7776 385  7452 3731 2640 6461 5220 1519 5130 6223 2754 95   7536 781  4900 1189 4650 1561 7520 1903 798  2095 1128 2231 6710 1533 4544 7335 1696 2667 1340 3723 3772 4695 5024 5727 6220 6657 7348 7545 1264 867  6224 4387 558  4661 856  33   1406 633  1912 1347 2398 2073 2822 2859 3352 3651 3790 4467 4462 5739 5210 7233 6010 7807 6702 197  7528 757  652  1409 2708 2069 5132 2749 7724 3511 862  4229 2042 4993 3326 5749 4714 6551 6134 7333 7594 
5635 7296 2387 6840 5593 2400 7567 1560 4067 7410 161  5424 395  1044 1003 2860 1357 6150 1751 4880 1991 984  2177 930  2329 7750 2067 928  1065 2516 3171 2650 4179 4484 5253 5540 6213 6812 7185 7828 99   3728 1899 5476 4537 1068 4811 1118 309  1634 1011 2168 1761 2666 2481 3110 3261 3562 4083 4082 5007 4898 6483 5678 7563 6310 7921 7102 463  64   1063 1676 1721 3908 2399 6404 3137 334  3853 1438 4621 2654 5407 4034 6151 5422 6947 6922 7723 
5184 1001 4320 3913 4560 6601 5580 1813 5160 6413 7600 413  7568 745  2556 1211 4640 1577 7420 4797 4700 2101 510  2249 1410 2429 4672 7515 1708 2613 1420 3699 3796 4755 5044 5757 6244 6645 7364 7587 1328 873  6352 3123 310  4687 1746 4963 1426 669  1918 1371 2410 2103 2824 2901 3358 3669 3794 4479 4490 5793 5222 7251 6014 7811 6706 199  7554 761  668  1423 2732 2081 5156 2753 7732 3517 866  4231 2062 4999 3334 5779 4742 6553 6158 7349 7606 
5915 7752 2639 5280 5831 2700 7667 2280 4361 7830 187  540  623  1116 965  4068 1379 6180 1739 5000 4557 1880 2173 1110 2353 1608 2495 968  1095 2492 3219 2780 4191 4556 5271 5566 6231 6844 7239 7844 117  3824 2007 6724 4311 610  4829 2364 5131 1670 1041 2198 1779 2674 2487 3112 3273 3586 4101 4090 5079 4904 6537 5690 7593 6322 3    7126 467  12   1069 1682 1723 3932 2411 6428 3163 346  3863 1454 4637 2722 5413 4054 6163 5426 6949 6926 7727 
2376 1085 7632 4123 5520 6643 5700 2009 5610 6419 960  427  1380 791  2628 1165 5868 1589 7540 1953 5300 6579 3410 2279 1416 2435 1914 2567 1748 2685 3104 3729 3836 4773 5050 5763 6250 6681 7406 7599 1424 909  6416 3141 322  5553 872  4979 3174 5269 1928 1383 2414 2127 2830 2913 3368 3687 3806 4497 4498 5799 5224 7269 6026 7813 6712 211  7562 769  692  1427 2738 2083 5164 2767 7796 3527 878  4241 2066 5003 3338 5783 4754 6563 6166 7351 7642 
6125 7656 2485 1716 5719 3060 7777 2040 4693 7480 133  600  629  1950 973  4332 1355 6948 1757 5360 4599 2090 1863 5170 2359 1674 2501 2130 2651 2528 3165 3424 4155 4532 5289 5572 6291 6850 7257 7850 147  3856 2043 7396 4383 602  6849 1130 5137 4014 5435 2216 1797 2678 2517 3122 3279 3590 4119 4094 5091 4906 6609 5710 7601 6346 5    7122 479  18   1087 1684 1733 3964 2417 6436 3167 358  3877 1466 4639 2734 5417 4058 6173 5438 6959 6934 7741 
2808 1295 1728 3745 3036 7049 5850 2107 5640 6713 3520 437  2310 799  2580 1199 6012 1555 384  1909 5780 6741 3560 189  6890 2443 1938 2569 2418 2773 3116 3741 3892 4833 5054 5745 6304 6693 7412 7611 1552 927  6544 3177 328  5571 874  39   1414 5267 4878 5603 2422 2157 2834 2931 3370 3693 3818 4533 4504 5847 5230 7311 6034 7827 6754 223  7570 773  716  1429 2764 2087 5188 2777 7804 3529 886  4243 2078 5009 3386 5791 4762 6569 6178 7369 7646 
6325 1872 2555 1824 5285 4428 7843 3000 3971 720  203  660  667  5250 1007 3220 1363 7092 1745 594  1981 2120 2349 5270 903  7790 2497 2136 2641 2670 2881 2890 4209 4450 5307 5588 6285 6868 7263 7852 153  4016 2061 40   4419 632  6921 1162 321  1688 5447 5706 5771 2686 2559 3130 3291 3592 4143 4102 5097 4910 6621 5726 7613 6376 7    7138 487  20   1091 1724 1741 3988 2423 6452 3169 362  3881 1478 4643 2746 5419 4078 6197 5458 6961 6938 7753 
3024 2255 2496 3815 3132 6265 5664 2023 6210 6727 4160 469  1500 793  420  1207 4740 1591 378  1895 858  2147 3430 351  6920 1593 5056 2573 2424 2779 3030 2977 3860 4767 5084 5811 6308 6735 7372 7635 1616 963  6704 3231 344  5679 890  51   1432 681  1930 5609 6822 5965 2872 2949 3374 3711 3830 4569 4514 5853 5246 7323 6056 7819 6730 227  7574 787  722  1433 2804 2089 5204 2789 7892 3533 898  4253 2098 5011 3394 5801 4766 6571 6218 7393 7666 
7865 2856 3685 1836 5395 4512 7205 6372 4477 1200 209  780  649  4830 1027 3450 1387 5950 1763 696  2005 1032 2183 5480 987  7808 4545 988  2653 2622 2893 3270 3053 4460 5319 5612 6303 6956 7287 7876 171  4112 2097 56   4491 638  6957 1166 327  1702 1047 2222 5773 7758 6119 3154 3309 3598 4197 4118 5127 4922 6639 5734 7609 6366 11   7158 491  28   1093 1732 1747 4036 2437 6476 3181 382  3889 1486 4649 2762 5431 4106 6199 5462 6967 6982 7757 
4536 2365 1344 4625 2604 6305 5418 575  7072 6811 5440 451  2730 803  630  1241 4770 1633 7620 1919 888  2105 1218 2257 6952 2775 5312 7575 1804 2785 3048 2981 3624 3139 5068 5781 6260 6747 7450 7641 1648 981  6736 3303 370  5769 902  57   1442 687  1946 1389 2456 5969 318  6319 3406 3747 3832 4593 4526 5919 5254 7341 6058 7831 6738 229  7576 797  724  1439 2836 2099 5212 2791 7916 3539 914  4259 2102 5021 3398 5807 4778 6577 6238 7411 7694 
6875 2184 3655 924  5405 3906 7345 5852 5175 2288 3591 2080 671  5320 1037 3500 1391 6380 1781 5680 2021 1026 2189 1230 2363 7714 4575 992  1185 2596 2885 3294 3065 4008 3239 5620 6351 6908 7317 7868 207  4208 2151 70   4527 646  7083 1192 339  1730 1059 2230 1803 2690 6127 978  6493 3614 4227 4142 5163 4936 6663 5738 7615 6378 13   7174 499  32   1097 1756 1753 4052 2441 6484 3187 386  3907 1502 4651 2798 5437 4126 6203 5482 6971 6998 7759 
4368 2465 2112 4715 2646 6365 5082 725  7904 4725 4048 7497 2600 5049 1120 2673 4960 6783 5120 2331 5900 2119 570  2263 1464 2449 5696 7725 1862 2697 3124 2983 3666 3143 4344 3377 6340 6771 7456 7683 1712 1017 6896 3357 374  5787 904  69   1448 699  1958 1401 2438 2181 2914 6331 1698 6629 3838 4629 4552 5937 5258 7363 5946 7835 6758 233  7582 809  764  1447 2876 2111 5228 2797 16   3541 922  4261 2122 5023 3418 5813 4786 6581 6242 7417 7702 
3025 3192 3835 1176 5555 3822 7285 6188 2475 3536 5985 5632 3213 3040 1287 4000 5313 6500 693  5840 4977 2360 2191 1254 2305 1704 2507 1036 1245 2684 3237 2950 3071 4026 3241 4530 3439 6940 7329 1024 243  4304 2169 88   4581 658  7173 1178 381  1738 1077 2242 1821 2696 2571 3170 6497 2598 6835 4154 5169 4942 6711 5752 7619 6386 17   7178 503  44   1103 1772 1759 4076 2447 6508 3191 394  3911 1514 4657 2818 5441 4138 6211 5498 6977 7022 7789 
5712 2585 3264 4745 2898 6355 5096 7425 7168 6525 4784 5355 2816 4347 3400 4389 5800 7161 7820 2541 6100 6633 3770 2317 1482 2453 1830 2581 1876 2679 1450 3753 3916 3149 4374 3379 5106 3629 7460 7689 1744 1083 6928 3411 376  5823 938  87   1462 717  1970 1437 2482 2199 2882 2973 3422 6631 3522 7045 4558 5961 5272 7367 5982 7837 6770 239  7598 811  772  1451 2908 2113 5276 2801 6    3547 926  4271 2126 5039 3442 5821 4798 6599 6274 7433 7706 
4225 3864 3875 1386 5605 3948 7375 6664 4275 1232 2295 6032 2835 6292 5481 4420 6993 6460 819  6320 5229 2210 2511 5330 2369 1722 2509 2190 2669 820  3243 2980 4233 4540 3247 4686 3493 5478 3749 80   261  4336 2259 104  4689 664  7281 1208 393  1742 1101 2248 1839 2698 2577 3176 3327 3634 6821 4062 7141 4952 6717 5762 7627 6394 19   7190 509  50   1109 1796 1777 4084 2459 6548 3203 398  3917 1522 4663 2846 5443 4162 6217 5506 6983 7034 7793 
3696 2635 3648 4945 2912 6625 5346 775  7084 6975 3584 2805 3328 3675 1144 5859 4840 7917 1600 2499 6050 6867 3880 231  6968 2455 1974 2587 2442 2807 1460 3759 3940 4809 5092 3365 5214 3611 5874 3893 1808 1143 7024 3447 406  5877 946  93   1474 723  1978 1461 2486 2217 2930 2991 3382 3777 3842 7037 4434 7223 5282 7373 6054 7849 6766 241  7610 821  788  1453 2932 2129 5284 2803 8    3557 934  4273 2138 5051 3446 5827 4822 6607 6326 7451 7726 
7225 4158 3965 1428 5665 4116 7505 6396 2575 2576 2145 5264 3135 7424 1785 2552 6279 6560 1197 6640 5439 2440 2997 5510 1029 7832 2515 2214 2681 2706 2899 3020 4239 4588 5295 5644 3473 5496 3755 6342 4009 4432 2313 110  4707 670  7299 1222 411  1778 1119 2264 1851 2702 2589 3178 3351 3638 4269 4168 7145 4854 7289 5466 7631 6398 23   7198 521  52   1117 1828 1783 4124 2467 6628 3209 422  3919 1538 4673 2854 5449 4166 6221 5534 6991 7054 7817 
6384 2665 4416 4895 3108 6565 5412 925  7098 4475 4144 3105 7888 6825 1672 2625 3256 3969 880  2583 6700 6897 3710 429  6970 1647 6208 2599 2472 2813 3066 2987 3950 4887 5194 5829 6350 3641 5886 3865 6834 4135 7088 3501 410  5931 962  123  1490 753  1990 1473 2488 2229 2936 3027 3434 3831 3854 4647 4568 7231 5142 7379 6062 7851 6794 251  7618 823  796  1459 2956 2131 5308 2819 10   3559 958  4283 2174 5059 3466 5839 4834 6619 6334 7457 7754 
715  4872 3895 1092 5695 4312 7565 6432 2645 336  6725 5488 3375 1408 1365 2584 4305 3784 1323 7120 5247 910  3321 5530 1131 7784 4635 1078 2701 2712 2911 3318 3077 4564 5343 5650 6357 6950 3763 6402 4031 7242 4279 128  4869 682  7389 1246 417  1784 1137 2266 1857 2710 2631 3182 3369 3656 4281 4184 5199 4958 7291 5514 7633 6410 29   7202 523  68   1123 1844 1787 4132 2473 6652 3217 446  3923 1546 4679 2858 5471 4174 6229 5554 6997 7058 7823 
7728 2431 5568 4807 3348 6695 5586 845  7272 4525 2832 115  1568 4185 2024 3045 3224 5145 4664 2709 7100 7011 3910 513  7070 1599 6464 7785 1888 2815 3102 2993 3738 3151 5140 5817 6358 6777 7502 3899 6858 4145 7626 4393 418  5949 970  111  1498 771  2006 1497 2494 2253 2938 3039 3448 3837 3874 4659 4570 5979 5288 7387 6070 7859 6774 257  7622 827  844  1471 2972 2137 5444 2833 14   3571 974  4289 2182 5077 3482 5843 4846 6637 6338 7459 7762 
935  5208 3905 1638 5795 4452 7535 6408 2675 432  6775 5936 3705 3388 4845 2728 3885 4136 6375 5192 5499 770  3483 5560 1107 7810 2091 1012 1335 2656 2921 3306 3085 4074 3263 5660 6441 6958 7305 176  4033 7266 4285 156  4553 686  7407 1256 447  1786 1149 2270 1893 2714 2643 3206 3387 3658 4287 4190 5223 4966 6729 5770 7617 6430 31   7206 541  76   1129 1852 1789 4156 2477 6668 3221 454  3929 1574 4691 2866 5477 4178 6247 5578 7001 7066 7829 
2016 2717 5832 5015 3234 6665 5382 1025 7254 4775 2928 125  1792 4485 5684 4875 3608 5565 4712 7215 4424 6903 4040 273  7030 1659 6592 405  1892 2703 1550 3013 3768 3155 4326 3383 6356 6789 7514 7707 2032 4163 7878 4399 564  4681 986  129  1510 789  2008 1509 2504 2271 2954 3057 3454 3849 3878 4677 4582 5991 5302 7377 6086 7861 6802 263  7624 829  892  1481 3004 2141 5468 2837 22   3581 982  4297 2186 5081 3494 5849 4874 6653 6362 7477 7778 
1045 6216 3995 1596 5735 4004 7585 6534 2725 528  6845 6096 415  3724 3795 896  5655 4216 6405 5248 5625 5432 3807 5750 1113 7880 2109 1148 1455 2668 3297 3050 3073 4134 3265 4728 3487 6980 7347 208  279  4496 4291 150  4541 1098 4835 1258 471  1790 1167 2278 1923 2726 2649 3208 3453 3670 4299 4202 5241 4978 6753 5786 7629 6446 37   7222 547  92   1151 1868 1801 4196 2503 6676 3229 458  3931 1594 4703 2878 5479 4198 6257 5582 7013 7078 7841 
3276 2755 4928 5083 3384 6715 5628 1075 7326 4805 3078 145  7614 755  4732 4995 1064 6105 4888 7095 4186 765  5656 459  7130 1653 6848 1875 1924 2715 3146 3801 3956 3161 4386 3385 5226 3647 7550 7719 2096 1233 7184 4411 636  4685 1788 4985 1526 807  2014 1527 2506 2283 2984 3063 3464 3867 3886 4701 4610 5997 5306 7391 6088 7855 6806 269  7634 839  908  1483 3028 2143 5492 2843 26   3583 998  4327 2194 5087 3506 5851 4882 6659 6374 7481 7814 
1265 4914 4085 1944 5495 4446 7625 6612 2825 624  6925 5994 445  1332 985  616  5535 1736 6555 3094 3645 5504 975  6118 1161 7910 2133 1184 1515 2716 3345 3476 4215 4598 3269 4758 3503 5538 3781 112  333  4528 2367 130  4559 1206 4837 2388 5141 1798 1191 2282 1929 2758 2661 3262 3459 3674 4317 4210 5259 4982 6801 5798 7637 6414 43   7256 557  98   1153 1916 1811 4204 2521 6772 3251 466  3943 1618 4721 2894 5483 4222 6263 5594 7019 7082 7853 
3528 2875 5824 5035 3366 6335 5676 1175 7416 4825 3216 155  7824 785  2844 1195 1288 6345 2744 7755 4522 585  5698 1395 6902 1677 6976 225  1952 2727 3164 3765 4012 4893 5150 3397 5190 3649 5910 3883 2192 1179 7312 3573 424  4699 1812 4981 3222 5287 2054 1563 2510 2307 3002 3093 3470 3873 3890 4713 4616 6009 5338 7401 6094 7871 6818 271  7654 853  916  1487 3044 2153 5524 2851 34   3593 1006 4337 2206 5099 3518 5857 4894 6661 6382 7487 7822 
1105 6888 4015 1932 5785 4554 7385 6588 3125 648  7025 6237 485  1452 995  4572 1385 2002 7125 3752 495  5474 1215 6248 1845 784  4815 1196 1545 2756 3333 3484 4245 4628 5373 5668 3521 5562 3787 6438 4037 4688 2421 136  4923 710  4841 2466 5143 4086 5455 2294 1941 2770 2721 3266 3489 3682 4341 4234 5277 4990 6807 5816 7647 6454 41   7258 563  116  1163 1922 1823 4244 2531 6788 3253 478  3947 1622 4723 2902 5501 4226 6269 5602 7027 7094 7867 
2772 2795 5952 5125 3402 6745 5688 1325 7332 4925 3408 185  252  815  2988 1205 6228 1565 2632 7395 4648 855  5768 1665 7106 3075 7232 105  1972 2739 1580 3813 4028 4899 5216 5835 6364 3635 5934 3901 6846 4169 7376 3609 430  6057 994  4997 3228 5293 4908 5615 2522 2319 3014 3099 3478 3891 3896 4737 4630 6033 5362 7397 6106 7863 6824 277  7658 857  932  1489 3076 2161 5596 2857 38   3607 1018 4339 2218 5101 3554 5861 4918 6673 6406 7489 7834 
1235 6426 4147 2052 5797 4524 7645 6636 3175 816  7075 6256 505  1476 1043 4716 1393 7596 1765 3458 675  5512 1275 6314 2115 7826 4905 1276 1605 2788 3363 3140 4251 4580 5397 5728 6315 7004 3785 6456 4043 7314 4295 152  5013 712  7443 1270 5149 4122 5459 5748 5777 2774 2733 3272 3513 3686 4353 4238 5331 4994 6819 5822 7651 6466 47   7270 569  124  1171 1948 1831 4252 2539 6796 3257 482  3967 1642 4729 2906 5503 4258 6271 5606 7039 7114 7873 
4284 2915 7104 3955 3552 6655 5724 1445 7434 4975 3504 205  288  817  2610 1219 4940 1603 408  1915 4466 1035 5992 1725 7112 3195 4096 135  1988 2781 1660 3783 3980 4917 5252 5871 6368 6837 7532 3935 6882 4151 144  4405 434  6093 1010 141  1528 5299 4986 5611 6828 5971 3026 3117 3490 3903 3914 4749 4634 6051 5384 7405 6078 7891 6830 281  7662 859  956  1493 3092 2179 5618 2861 46   3613 1042 4349 2234 5107 3566 5867 4934 6679 6418 7499 7838 
1375 7182 4301 2088 5621 4644 7705 6678 3275 912  7325 6288 515  1692 1057 3540 1397 6390 1769 702  2033 5576 1305 6328 2175 7912 5025 1204 1635 2812 3399 3260 4323 4606 5379 5746 6369 7028 7359 272  4039 7368 4303 204  4555 742  7461 1298 453  1802 5461 5844 5789 7764 6139 3278 3543 3688 4359 4246 5349 5002 6843 5842 7655 6472 53   7278 571  148  1181 1964 1847 4276 2543 6836 3259 502  3989 1646 4733 2918 5507 4262 6277 5638 7043 7118 7877 
4704 3055 7872 4081 4080 6853 5772 1475 7476 5275 3726 215  396  835  3042 1243 4980 1631 7860 1921 7300 6909 5848 1815 7144 3285 224  165  2044 2769 1780 3819 4018 4929 5260 5883 6412 6855 7564 7743 2224 4171 7710 4417 666  4705 1016 159  1534 813  2056 5617 6852 5977 282  6341 3512 3909 3922 4791 4642 6081 5402 7403 6114 7895 6838 283  7674 863  964  1499 3148 2203 5636 2879 58   3617 1046 4357 2246 5113 3574 5869 4946 6689 6434 7507 7846 
1495 7224 4199 3600 5681 3840 7847 6708 3425 1104 7675 6448 535  1548 1055 4932 1403 6420 1793 7760 5577 2680 4293 6344 2325 1936 5085 1274 1695 2828 3417 3340 4371 4636 5421 5764 6453 7018 7365 304  363  4802 4307 228  4571 1164 4843 1304 501  1810 1203 2290 5803 7794 6145 1002 6499 3704 4377 4294 5361 5014 6861 5846 7661 6478 59   7282 577  164  1187 1996 1861 4348 2549 6884 3271 514  4001 1654 4751 2942 5519 4274 6287 5666 7057 7142 7879 
4788 3145 1764 5291 7560 6851 6660 2303 7548 5575 3792 235  468  851  3204 1247 5070 1639 240  1927 7220 7029 4030 357  7304 3225 308  255  2048 2829 1690 3993 4046 4953 5290 5889 6524 6915 7588 7701 2384 1251 7408 4415 708  4709 1818 5017 1544 831  2074 1569 2536 5983 354  6347 1758 6635 3926 4803 4646 6087 5410 7409 6126 7897 6842 293  7678 877  1004 1511 3188 2207 5692 2887 62   3623 1082 4363 2258 5119 3578 5879 4954 6691 6442 7517 7858 
1595 7896 4255 2142 5863 6720 1573 2760 4753 1392 7775 6512 545  1908 1067 3660 1411 6370 1817 180  2041 1610 4779 5590 1173 2704 5325 1312 1905 2842 3429 3350 4401 4660 5457 5782 6465 7052 7383 464  369  4912 2439 154  4573 1212 4847 2502 5155 1816 1227 2314 1959 2776 6155 1038 6503 2634 6839 4310 5367 5018 6879 5858 7663 6470 61   7288 587  172  1193 2012 1867 4364 2551 6892 3299 526  4003 1658 4759 2962 5521 4282 6299 5674 7069 7162 7883 
5292 2945 7616 5135 3612 6919 2520 3179 6360 6647 3952 7245 3872 865  3468 1253 5060 4131 560  1937 7900 7047 4070 399  7160 1743 352  195  2068 2847 1850 3939 4064 4947 5324 5955 6422 6873 7580 7761 2416 1341 7472 3681 470  4711 1854 5027 3252 5305 2086 1623 2534 2361 3032 6349 1842 6641 3558 7051 4654 6117 5416 7415 6142 7899 6854 307  7682 881  1028 1523 3236 2213 5708 2897 74   3631 1094 4373 2302 5147 3602 5881 5006 6701 6458 7523 7862 
1615 6006 4465 2208 5875 4824 1859 3780 4901 6930 391  6656 1575 7436 1073 3630 1417 6580 4617 700  5589 1750 4941 5830 1209 400  2121 1292 1965 2848 3423 3460 4407 4676 5385 5792 6447 7060 7437 368  387  4976 2493 170  5043 730  4849 2532 5161 4164 5465 2318 1977 2782 2757 3286 6505 2658 6847 4098 7147 5030 6891 5864 7653 6482 67   7294 593  188  1201 2036 1871 4372 2557 6932 3301 538  4007 1678 4783 2966 5527 4286 6301 5686 7079 7166 7901 
5376 3335 2304 4277 3762 6685 5814 3509 5880 6877 1260 473  4352 945  1976 1267 5310 1643 1040 4959 280  7137 4120 483  7208 1767 160  2211 2108 2751 1940 3999 4114 4965 5332 5901 6532 6939 7612 7809 2512 1359 7664 3771 442  6147 1022 5029 3258 5311 5028 5627 2542 2391 3034 3147 3502 6649 3594 7061 4458 7241 5446 7419 6130 7909 6856 311  7690 883  1052 1531 3244 2221 5716 2903 82   3637 1114 4391 2306 5153 3622 5897 5042 6703 6502 7529 7886 
1625 7854 4355 2232 5705 4576 7685 6762 4961 7140 253  4410 689  1496 2415 3016 1441 6450 1799 800  5661 2030 5427 5890 1221 2500 2139 350  2379 850  3441 3488 4395 4708 5451 5828 6477 7076 7413 496  423  5008 2523 182  5067 754  7551 1310 5173 4188 5473 5766 5809 2786 2787 3298 3561 3730 6859 4146 7153 4866 7295 5866 7671 6488 71   7298 599  212  1213 2084 1873 4388 2579 6962 3307 542  4013 1706 4787 2974 5531 4306 6311 5702 7103 7186 7907 
5796 3445 4356 4403 3588 6755 5856 1675 7584 6929 2100 481  3080 2223 2176 1995 3712 1649 810  1939 440  7191 4130 561  7192 1749 140  2301 550  2877 2020 4011 4108 5019 5344 5907 6550 6951 7636 7815 2608 1413 7792 3789 472  6219 1030 177  1558 5315 5046 5629 6894 5989 3058 3153 3514 3921 3928 7063 4506 7235 5154 7421 6146 7913 6862 313  7698 887  1058 1543 3284 2237 5732 2909 86   3643 1126 4397 2326 5167 3646 5903 5062 6709 6506 7537 7894 
1705 1008 4495 2484 5845 4692 7805 6688 3475 1134 299  5600 6669 7000 1881 2944 4515 4264 1819 300  2047 2170 5751 5810 1269 4624 2187 380  2373 860  3471 3550 4431 4756 5487 5860 6501 7124 7467 512  477  5072 2529 184  5121 776  7677 1334 489  1826 5485 5892 5815 7836 6157 3302 3579 3706 4413 4318 7165 4926 7303 5574 7697 6494 79   7302 601  236  1217 2092 1877 4412 2591 6964 3313 554  4019 1714 4789 2978 5557 4322 6317 5714 7109 7214 7919 
6804 3245 6084 4445 3816 6815 5976 1525 7668 5675 3984 493  4480 5643 1400 2871 3848 5865 2926 1943 120  2123 4250 621  7210 1809 200  2247 580  2889 2050 4017 4148 4983 5348 5973 6566 6945 7648 7797 2672 1467 7856 3879 488  6309 1034 183  1562 843  2104 5633 6924 5993 366  6371 3526 3957 3934 4821 4658 7249 5178 7423 6152 7903 6872 317  7718 907  1076 1549 3292 2239 5756 2917 94   3659 1138 4409 2342 5171 3662 5923 5078 6719 6514 7541 4    
1885 2268 4345 2652 5885 4662 275  6786 3725 1488 7825 6576 697  2800 1683 4340 3933 2296 7155 3542 2059 210  2197 5960 1311 320  2163 460  2397 950  3507 3572 4509 4768 5505 5876 6495 7136 7449 592  507  5296 2547 190  5139 782  7713 1336 519  1832 1257 2330 5833 7902 6167 1074 6509 3736 4443 4298 5403 5026 7313 5622 7679 6522 73   7306 607  242  1223 2164 1879 4418 2593 6988 3319 562  4021 1718 4793 2986 5563 4358 6323 5722 7121 7226 1    
6468 3485 1296 4543 3876 6785 5916 1775 7686 5725 4272 265  588  869  1820 3267 5180 3393 3304 7905 4984 2159 690  2291 7238 1887 220  2289 620  2919 2060 4023 4150 5037 5356 5943 6556 6969 7660 7833 2768 1503 100  3897 494  6381 1048 201  1570 849  2110 1641 2570 5999 402  6377 1866 6667 3938 4827 4670 6159 5464 7427 6154 7915 6874 331  7730 911  1084 1553 3308 2243 5788 2927 106  3671 1142 4421 2362 5179 3694 5927 5086 6733 6518 7547 2    
