6336 6475 2592 2849 6120 6097 3060 637  2970 6223 7830 469  540  889  2550 1247 4550 2673 7820 1827 1700 4719 2440 7791 5330 357  7750 1443 340  2121 1690 2877 3350 4029 4768 5211 6140 6351 7460 7479 2512 927  40   4167 830  81   1598 1041 2414 2319 3208 3837 3982 4857 4610 5259 4910 5703 5176 6189 5570 6711 5918 7131 6202 7629 6494 8061 7174 379  7958 977  1324 1613 3532 2333 6044 3037 146  3769 1214 4523 2458 5323 3802 6091 5242 6871 6686 7687 
7735 3456 1001 7200 4669 2640 7511 6900 3283 6210 133  4160 697  1500 1057 4020 1397 6370 3069 3280 3339 680  6321 3910 5913 6890 1029 5056 1767 940  2403 2540 3441 4064 4611 5380 5757 6850 6939 80   8043 5872 2493 442  6057 1256 447  2014 1689 2786 3063 3614 4629 4390 5091 4744 5493 5026 5979 5362 6411 5770 6879 6062 7377 6386 7863 6754 113  7576 659  388  1291 2404 1987 4772 2687 7442 3413 634  4139 1822 4937 3118 5693 4534 6473 5914 7297 7394 
4752 7105 2736 3157 7020 6251 3300 931  3480 6413 720  473  420  893  2580 1253 5070 1591 8050 2907 2300 4797 2530 7839 5480 483  7790 1479 260  2091 1850 2919 3424 4035 4796 5217 6148 6357 7532 7491 2608 963  56   4203 854  15   1606 1047 2422 2361 3262 3849 3992 4859 4616 5277 4922 5721 5198 6207 5608 6717 5930 7143 6206 7647 6526 8067 7178 383  7962 983  1348 1619 3548 2339 6092 3041 158  3779 1226 4547 2462 5333 3814 6101 5266 6883 6694 7691 
2275 3672 1645 864  4697 4080 7553 6660 3479 6630 161  6080 689  1530 1099 3870 1393 6150 1727 3440 3549 760  6273 4040 6399 6920 1113 5312 1809 950  2397 2620 3507 4108 4623 5404 5763 6844 6915 112  8007 5968 2523 470  6093 1258 453  2054 1707 2792 3093 3634 4647 4394 5097 4790 5541 5038 5991 5384 6423 5786 6891 6070 7401 6394 7899 6758 127  7582 661  404  1297 2428 1993 4804 2689 7444 3433 662  4153 1838 4943 3134 5701 4538 6481 5926 7307 7402 
7128 7175 3312 3115 2652 6293 3420 847  3510 6419 1200 493  600  899  2820 1261 5310 1561 7110 1909 1900 4977 2470 7803 5510 561  7880 1491 380  2139 1780 2943 3460 4053 4780 5253 6164 6369 7514 7485 2672 981  70   4311 856  21   1630 1059 2438 2391 3266 3867 4010 4863 4630 5331 4936 5739 5206 6243 5614 6729 5944 7149 6214 7653 6530 8079 7190 389  7966 991  1388 1621 3628 2341 6124 3049 166  3793 1234 4549 2474 5347 3826 6113 5294 6899 6718 7699 
2975 2808 1309 936  4865 3936 7469 7380 3577 6270 203  7290 703  1540 1121 3850 1403 6180 1739 3750 2041 920  6363 4030 6723 7030 1107 5696 1833 1060 2409 2650 3531 4148 4671 5420 5781 6868 6945 176  729  6064 2529 472  6147 1270 471  2056 1713 2794 3099 3638 4659 4402 5127 4792 5583 5048 5997 5402 6429 5798 6927 6086 7419 6398 7941 6766 131  7610 673  412  1301 2452 1997 4852 2693 7468 3449 674  4157 1858 4951 3142 5711 4546 6491 5938 7309 7418 
7488 7525 3888 3311 2664 5875 4692 1183 3720 6713 1620 497  660  901  2610 1271 5340 1589 7470 1919 2420 4959 2210 7821 5560 609  7810 1533 460  2163 1940 2937 3484 4065 4828 5271 6176 6441 7564 7521 2768 1017 88   4383 872  27   1634 1077 2456 2427 3272 3873 4024 4881 4634 5349 4942 5793 5210 6249 5626 6753 5954 7167 6226 7671 6538 8097 7198 397  7970 997  1396 1627 3644 2347 6172 3061 178  3797 1238 4561 2498 5351 3862 6121 5314 6907 6722 7703 
6545 4104 1547 6480 4823 3996 6745 5742 3703 6360 209  7360 707  1650 1139 4230 1411 6390 1751 3760 3381 1000 6417 4120 7203 6970 1131 6208 1869 1150 2451 2740 3537 4114 4665 5428 5811 6908 6951 208  45   6128 2547 488  6219 1298 489  2074 1731 2806 3117 3656 4677 4430 5137 4808 5601 5066 6009 5410 6459 5816 6933 6088 7431 6410 7961 6770 137  7598 677  428  1303 2468 1999 4868 2699 7484 3457 694  4159 1874 4957 3158 5717 4562 6521 5942 7321 7438 
5616 7595 3564 3367 3960 6307 4824 7565 6432 6727 4050 511  780  917  2790 1267 5490 1603 7620 1921 2900 5031 2590 8037 5590 621  7630 1551 500  2187 2020 2967 3476 4071 4832 5235 6244 6453 7550 7503 2864 1083 104  4419 874  39   1670 1101 2482 2433 3278 3891 4042 4867 564  5357 4952 5799 5222 6261 5630 6797 5962 7179 6254 7737 6554 9    7202 401  7976 1009 1412 1637 3676 2351 6196 3067 194  3803 1262 4567 2518 5381 3866 6131 5318 6911 6742 7717 
7315 4968 1715 1056 4879 4560 7567 5772 245  7038 217  8000 713  1710 1111 4260 1417 6420 1757 4240 3627 770  6579 4070 7209 7070 1161 6464 1887 1180 2553 2780 3567 4150 4683 5452 5835 6956 6963 272  63   6224 2637 494  6309 1304 519  2086 1761 2810 3147 3658 4685 1458 5141 1524 5609 5074 6033 5416 6483 5822 6999 6094 7441 6430 7967 6794 139  7618 683  436  1307 2476 2003 4892 2707 7492 3461 698  4177 1882 4967 3166 5737 4574 6529 5998 7331 7454 
7344 7007 4176 3395 2508 6409 3840 1127 6408 1975 7884 517  630  913  2850 1313 5390 1643 7860 1927 2450 5301 2680 8001 5750 627  7910 1581 350  2193 2050 3009 3488 4077 4820 5289 6304 6447 7580 7527 2896 1143 110  4491 890  33   1688 1119 2486 2463 3286 3903 4066 4885 558  5359 2682 5893 5224 6267 5654 6799 5966 7197 6262 7729 5826 1681 7158 409  7982 1013 1436 1657 3698 2357 6212 3079 202  3821 1282 4583 2554 5387 3898 6133 5326 6917 6746 7723 
5005 6264 1463 1152 4991 6000 7579 7650 3871 7236 3775 1968 731  1740 1133 4340 2223 6860 1763 4720 3933 910  6897 4250 7857 7130 1221 6592 1917 1210 2613 2842 3495 4172 4731 5450 5817 6940 6969 304  75   6352 2763 506  6381 1310 501  2104 1779 2822 3153 3670 4681 72   5143 1572 5611 3798 6085 5446 6537 5842 7017 6106 7445 4458 7969 6738 149  7622 691  452  1319 2524 2011 4916 2711 7508 3463 706  4201 1894 4969 3194 5741 4586 6547 6002 7333 7466 
4896 4375 4212 3451 5280 6461 4140 1421 4290 6811 8004 5725 4144 923  3180 1273 5920 2691 1600 1911 3100 5247 2840 8091 5530 663  7960 1593 490  2241 2060 3021 3556 4089 4844 5307 6220 6477 7588 7545 3056 1179 128  4527 902  51   1702 1137 2488 2469 3298 3909 4072 4883 636  5363 2718 5899 5052 6371 5662 6801 5974 7233 6266 7739 5862 1849 7206 419  7994 1019 1468 1663 3716 2371 6236 3083 206  3823 1286 4591 2558 5393 3902 6143 5342 6947 6778 7727 
1925 4992 1771 4320 4921 5520 7657 7260 4067 6750 259  1782 7825 6288 1141 4350 1441 6650 3159 4880 3717 1160 6489 4280 1089 7160 1173 6848 1947 1220 2607 2848 3585 4192 4695 5516 5829 6950 6981 368  99   6416 2799 518  6471 1334 537  2110 1797 2824 3183 3674 4687 60   5149 1602 5615 3804 6103 6282 6539 5846 7023 6130 7447 4506 7979 6774 151  7624 701  508  1321 2564 2017 4924 2713 7516 3467 718  4211 1906 4973 3202 5743 4594 6551 6022 7349 7478 
3744 1225 4464 3619 7800 6391 4500 1519 4440 6877 4400 527  4272 205  8016 1331 5550 1639 560  3393 3700 5229 2750 567  5890 759  7930 1653 620  2211 2140 3051 3572 4137 4876 5295 6308 6501 7636 7539 3088 1233 130  4581 904  57   1730 1149 2494 2481 3302 3921 4082 4891 666  5371 2724 5905 5058 6349 7692 6805 5986 7251 6278 7745 5898 2209 7222 421  8018 1021 1492 1667 3748 2377 6268 3089 214  3833 1294 4597 2566 5399 3946 6151 5354 6949 6782 7741 
2695 5304 1855 1224 5159 6960 7667 7740 3887 6160 5967 5320 737  6576 445  1044 1457 6450 1769 5000 3843 1240 6741 4360 441  7192 1239 6976 1971 1420 2619 2852 3597 4220 4767 5536 5883 6958 6987 464  117  6544 2817 530  6543 1336 543  2114 1803 2830 3189 3682 4699 84   5155 1644 5627 4014 6107 6354 6541 282  7067 6146 7453 4542 7981 6802 163  7634 709  524  1327 2572 2027 4948 2719 7556 3469 734  4217 1934 4987 3214 5749 4618 6553 6038 7351 7522 
5472 5929 4608 3535 2784 6149 3780 2783 2100 6929 4480 3861 1120 943  252  745  2196 1631 7950 1937 4100 5439 2920 891  5960 741  7990 1599 550  2247 2150 3081 3550 4161 4850 5319 6250 6507 7612 7587 3152 1251 136  4689 938  69   1738 1167 2504 2487 3310 3957 4090 4897 726  5377 2748 5909 5094 6377 7716 6809 1182 7265 3378 7747 5946 2809 7256 431  8062 1031 1516 1669 3764 2381 6284 3109 218  3847 1306 4603 2578 5407 3958 6163 5366 6959 6814 7753 
3185 6528 1729 1188 5083 6720 7733 7140 4693 7350 253  7000 6831 1820 1147 1452 995  3852 1781 5360 4131 1430 6867 4370 1521 7210 1209 7232 2001 1340 2667 2888 3633 4232 4773 5540 5871 6980 7059 496  147  6704 2853 536  6597 1342 573  2134 1821 2834 3207 3686 4701 4438 5161 1668 5617 3972 6109 6462 6557 318  7081 2238 7463 4566 7985 6806 157  7654 719  548  1361 2588 2029 4996 2729 7604 3491 746  4219 1942 4993 3218 5779 4622 6563 6046 7369 7534 
3168 455  5328 3605 2904 6851 4200 3211 4620 7267 3570 533  1400 8019 3220 1333 2412 1345 5868 1939 3380 5589 3160 1053 5810 783  8030 1647 650  2289 2204 2895 3596 4155 4964 5343 6260 6513 7648 7557 3184 1341 152  4707 946  87   1742 1191 2506 2517 3322 3963 4094 4911 4642 5383 2796 5911 5172 6383 7758 6817 1194 7271 3414 7751 5982 3481 7258 433  8066 1033 1532 1693 3788 2383 6316 3119 226  3851 1318 4621 2582 5413 3974 6173 5374 6961 6826 7757 
3325 4224 2065 1248 5117 7680 7843 1680 4901 7700 403  5250 767  2380 1881 4420 1477 3924 1685 7596 2051 1480 6633 4130 2601 7238 1311 4096 2013 1450 2703 2884 3615 4214 4755 5548 5889 7004 7005 512  153  6736 2883 568  6627 1358 579  2146 1839 2872 3261 3688 4705 4454 5163 4814 5629 4044 6115 6492 6559 354  7087 2274 7465 4614 7991 6818 167  7658 727  556  1367 2612 2039 5036 2731 7628 3499 758  4229 1954 4999 3226 5783 4666 6569 6074 7393 7538 
6864 595  5808 3689 5940 6517 3900 3179 2940 7943 3990 559  990  949  4000 4389 5980 1649 6012 1895 408  2149 2990 1377 5830 837  400  1659 580  2301 2180 3111 3616 4173 4972 5373 6340 6519 7676 7599 3376 1359 154  4869 962  93   1778 1203 2510 2559 3346 3981 4102 4915 4646 5361 4958 5917 5196 6385 7764 6821 1266 7273 3426 7763 6054 3721 7270 439  8072 1039 1556 1697 3812 2389 6332 3121 254  3853 1322 4637 2594 5417 3986 6197 5378 6967 6866 7759 
4025 3432 2135 1368 5369 7440 7777 1080 4961 7840 319  6510 779  1760 2457 4960 6699 6880 1793 8028 2045 696  2257 4510 3249 7240 1269 160  2037 1460 2679 2948 3621 4228 4833 5564 5901 7018 7077 592  171  6896 2979 574  6651 1370 591  2152 1851 2882 3273 3704 4709 96   5165 4826 5613 5090 6119 6564 6583 366  7091 2298 7471 4638 7997 6824 173  7662 733  578  1373 2636 2053 5108 2741 7652 3511 766  4231 1966 5003 3238 5791 4678 6571 6082 7411 7558 
5148 665  5508 3731 6600 6601 4860 1813 4590 7139 2730 551  1020 959  3740 5187 6200 7917 1360 1943 456  2165 798  2363 6040 651  8056 1677 740  2337 2212 2955 3626 4191 4988 5379 6350 6531 7660 7611 3568 1413 170  4923 970  111  1784 1227 2522 2571 3352 4083 4118 4907 708  5389 4966 5847 5230 6401 7794 6835 1338 7279 3462 7765 6078 4489 7278 443  8074 1049 1588 1699 3868 2393 6388 3137 262  3863 1346 4639 2602 5419 3994 6199 5386 6971 6898 7789 
4165 6072 2345 1632 5453 1440 7847 1320 4361 7320 323  7770 781  1860 1157 4840 6279 6820 819  5680 2077 702  2215 984  2449 7250 1281 200  2067 1550 2727 2924 3657 4292 4809 5612 5907 7052 7089 656  207  6928 3033 584  6687 1378 597  2158 1857 2914 3279 3706 4711 90   5173 1746 5633 5122 6051 5464 6587 402  7093 2334 7483 4722 7999 6830 179  7674 739  596  1381 2644 2063 5116 2749 7724 3517 778  4241 1982 5009 3242 5801 4682 6577 6098 7417 7586 
6624 875  5904 3745 2976 6643 4950 2009 5130 7301 5200 583  1050 979  3330 1337 6380 3969 880  1953 4300 2173 858  2305 1254 2509 2500 1743 820  2343 2236 2985 3652 4179 5020 5397 6364 6465 7688 7635 3632 1467 182  5013 986  123  1786 1257 2534 2577 3358 4101 4142 4913 732  5401 2826 5921 5246 6297 5672 6839 1362 7277 3522 7769 6114 5041 7282 449  8078 1051 1604 1709 3884 2399 6404 3163 274  3877 1354 4643 2606 5431 3998 6203 5398 6977 6914 7793 
3575 6696 2093 1824 5125 4092 7889 1560 4753 7040 7497 6400 793  2070 1159 4380 1469 7400 1197 5840 4059 1190 2263 1026 2435 1518 2587 220  2109 1580 2697 2996 3699 4268 4887 5566 5943 7076 7101 688  243  7024 3123 590  6759 1384 633  2162 1893 2930 3291 3730 4713 4456 5177 1734 5645 4086 6127 5470 6589 426  7097 2382 7493 4782 8003 6838 181  7678 743  604  1399 2692 2069 5132 2753 7732 3527 794  4243 1994 5011 3254 5807 4694 6581 6122 7433 7594 
6048 1955 6156 3773 2964 5945 4836 2023 4920 7399 7600 6237 2720 973  2860 1343 5820 1651 1840 2331 4700 5577 2870 2369 1272 2513 1770 2681 850  2373 2272 3165 3604 4209 5012 5385 6358 6495 7684 7641 3664 1503 184  5043 994  129  1790 1263 2536 2589 3368 4119 4154 4927 738  5411 2868 5933 5268 6403 7836 6847 1374 7289 3558 7771 6126 5329 7288 457  8086 1061 1636 1721 3908 2411 6428 3167 278  3881 1366 4649 2614 5437 4006 6211 5414 6983 6922 7817 
4675 6804 3289 5400 5467 3978 6755 5856 4949 7080 287  2080 7623 3400 3591 5060 1501 6540 1799 6320 4221 1640 6903 4270 2461 1566 2599 1998 2807 1628 1965 3038 3729 4316 4899 5572 5955 7028 7107 752  261  7088 3141 598  6813 1390 669  2168 1923 2936 3309 3736 4717 108  5183 1788 5663 4122 6139 6606 6593 438  7111 2406 7495 4854 8005 6842 191  7682 751  628  1409 2708 2081 5156 2767 7796 3529 802  4253 2018 5021 3274 5813 4702 6599 6134 7451 7606 
6552 1705 7896 4147 3600 6479 5076 7535 6588 7693 6800 4851 3040 7371 4600 4641 6560 1661 8010 1957 5300 5499 3010 1539 6110 2519 1806 2705 2322 2899 2254 3201 3580 4239 5044 5451 6356 6549 7708 7683 3728 1557 190  5067 1010 141  1798 1293 2542 2631 3370 4143 4168 4939 774  5429 2892 5935 5274 6395 7902 6859 1398 7291 3594 7781 6186 6241 7294 461  8090 1063 1676 1723 3932 2417 6436 3169 298  3889 1382 4651 2638 5441 4022 6217 5422 6991 6926 7823 
5225 7308 3355 7616 5291 6300 8041 5586 605  7254 301  2600 2079 3680 3003 5800 5313 7520 1807 6640 4257 1330 7029 4520 4761 7310 2603 2046 2813 2478 2965 3052 3723 4324 4893 5588 6015 7124 7185 848  279  7184 3177 602  6849 1394 681  2198 1929 2938 3327 3766 4727 126  5191 1812 5671 4164 6145 6684 6595 474  7099 2454 7501 4866 8021 6854 193  7690 757  652  1423 2732 2083 5164 2777 7804 3533 818  4259 2026 5023 3314 5821 4714 6607 6158 7457 7642 
8064 2015 1008 4355 2142 6721 5880 2873 6612 2075 8052 553  3200 5733 4640 3927 6500 7161 1520 2499 5900 5661 3250 1863 6230 897  784  2701 2226 2893 2712 3035 3668 4215 5024 5421 6368 6573 7712 7689 3824 1587 232  5121 1016 159  1810 1299 2546 2643 3374 4197 4184 4955 804  5435 2934 5941 5316 6407 7908 6865 1434 7295 3606 7783 6198 6889 7298 463  64   1069 1682 1733 3964 2423 6452 3181 302  3907 1402 4657 2642 5443 4034 6221 5426 6997 6934 7829 
5525 1512 3445 1764 5135 3444 1573 5670 5203 7098 3925 2064 721  2200 3213 4940 6993 7540 1323 7120 4263 1720 6909 4730 6561 7304 3555 224  2815 2538 2981 3048 3103 4384 4917 5620 5973 7060 7221 944  333  7312 3231 610  6921 1406 687  2216 1941 2954 3351 3782 4735 132  5195 1818 5677 4188 6155 6714 6605 498  7115 2514 7513 4926 8023 6856 197  7698 761  668  1427 2738 2087 5188 2789 7892 3539 838  4261 2038 5039 3326 5827 4742 6619 6166 7459 7646 
5544 2125 2268 4199 2436 5885 4452 3509 3150 7381 3072 5825 4656 989  4180 5481 6460 5103 1040 2541 5780 5607 3190 2511 6280 777  2704 5475 1012 2911 2814 3047 3270 3197 5050 5457 6412 6567 7742 7701 3856 1611 230  5139 1022 177  1802 1317 2570 2649 3382 4227 4202 4963 846  5447 3006 5947 5388 6415 7932 6881 1446 7303 3642 7787 6234 7921 7302 467  12   1087 1684 1741 3988 2437 6476 3187 314  3911 1418 4663 2654 5449 4054 6229 5438 7001 6938 7841 
6175 7812 3485 504  5185 3612 6715 5418 5239 840  341  2106 7925 6512 4347 5500 7749 7150 1449 7760 4329 1870 7011 4690 7569 7370 1431 308  8025 1652 2983 3066 3107 3498 3269 5650 6021 7154 7239 976  363  7376 3303 632  6957 1414 699  2222 1959 2984 3369 3790 4737 4462 5201 1854 5699 4194 6157 6756 6611 534  7117 2526 7519 4938 8027 6862 199  7718 769  692  1429 2764 2089 5204 2791 7916 3541 842  4271 2042 5051 3334 5839 4754 6637 6178 7477 7666 
7392 2185 6006 4465 2464 6035 4662 7625 6534 221  4830 589  4592 7605 3872 5859 6760 1071 2000 2583 6050 6003 3290 2349 6290 861  4624 5715 1036 705  2312 3053 3288 3199 3810 3377 6422 6585 7748 7707 4016 1629 238  5193 1030 183  1816 1329 2626 2661 3406 4269 4190 4971 4654 5455 3012 5951 5484 6431 7974 6887 1506 7313 3678 7795 6294 5    7306 479  18   1091 1724 1747 4036 2441 6484 3191 326  3917 1438 4673 2722 5471 4058 6247 5458 7013 6982 7853 
7475 1848 3515 672  5365 3234 6785 5236 725  7084 481  6090 799  6608 2565 1144 6783 8060 1617 8080 4437 1750 7047 4750 189  7384 3735 352  8055 1666 2055 3068 3131 3576 3277 4074 3443 7136 7257 1072 369  7408 3357 638  7083 1426 717  2230 1977 3002 3387 3794 4741 4490 5169 4838 5707 4236 6161 6822 6613 606  7123 2586 7531 4962 8033 6872 211  7730 787  716  1433 2804 2099 5212 2797 7948 3547 862  4273 2062 5059 3338 5843 4762 6653 6218 7481 7694 
7056 2375 7854 4495 2394 6095 4884 7685 6636 2225 576  611  1140 1027 1568 3375 2392 693  2320 2709 6100 5841 3230 2997 6424 2385 5776 5895 1078 795  2324 3219 3610 3223 3834 3379 4296 3545 7756 7719 4112 1719 248  5283 1034 201  1826 1347 2630 2721 3422 4281 4210 4979 4658 5367 4978 5959 5526 6433 8076 6893 1542 7319 3702 7799 6306 7    7330 487  20   1093 1732 1753 4052 2447 6508 3203 334  3919 1454 4679 2734 5477 4078 6257 5462 7019 6998 7867 
6325 7644 3565 756  5335 3654 6935 5628 775  7272 4075 2544 749  2220 1177 3332 3915 3496 1701 800  4473 1880 7119 4930 273  7544 3975 364  405  1694 2085 3104 3741 4396 3281 4110 3437 4584 3649 1136 387  7472 3411 646  7173 1432 723  2242 1983 3014 3453 3806 4739 150  5207 4856 5619 5126 6167 6828 6617 582  7133 2598 7543 4974 8035 6878 223  7734 773  722  1439 2836 2111 5228 2801 7972 3557 866  4283 2066 5077 3386 5849 4766 6659 6238 7487 7702 
4032 2035 2352 4433 2646 5995 4956 7585 6664 2425 2916 5975 4698 1003 3450 1339 3388 3315 3968 2793 6700 6027 3320 3321 6490 903  704  5925 1148 885  2332 3129 3620 4233 5054 3383 4278 3563 4728 3749 4208 1737 250  5337 1048 213  1832 1371 2648 2733 3434 4287 4234 4981 852  5459 4990 5853 5254 6437 8082 6901 1578 7327 3714 7801 6366 11   7322 491  28   1097 1756 1759 4076 2459 6548 3209 346  3923 1466 4691 2746 5479 4106 6263 5482 7027 7022 7873 
7865 2688 3553 7560 5681 3808 6815 5814 845  7326 4175 2256 625  6642 1169 4650 1513 7252 4785 4264 4557 2090 7137 4970 351  7552 4005 392  1875 1696 2235 3116 3753 4444 4929 5660 3439 4530 3653 5010 3827 7664 3447 658  7281 1442 753  2248 2019 3026 3459 3818 4747 156  5219 1884 5713 5128 6081 5486 6623 642  7135 2634 7555 5034 8045 6874 227  7736 797  724  1447 2876 2113 5276 2803 7988 3559 878  4289 2078 5081 3394 5851 4778 6661 6242 7489 7706 
3024 2255 6192 4807 5040 7163 4998 7645 6678 2525 336  6025 4816 235  288  1349 6020 2871 952  6105 4888 6069 3410 3483 6520 957  448  6165 1184 915  2336 3171 3650 4251 5068 5487 6524 3569 4746 3763 5358 3935 266  5391 1054 219  1834 1383 2662 2757 3448 4299 4238 4985 876  5461 3084 5963 5258 6333 5678 6905 1614 7339 3786 7807 6378 13   7334 499  32   1103 1772 1777 4084 2467 6628 3217 358  3929 1478 4703 2762 5483 4126 6269 5498 7039 7034 7877 
7975 2184 3625 1092 5797 2520 1859 5916 925  7332 4205 2576 5445 6656 485  1116 1507 7420 3267 2296 7095 5336 7191 4810 231  7592 4335 416  225  1748 2265 3124 3759 4448 4947 5668 6063 7172 3665 5064 3829 5496 3985 664  7299 1448 771  2264 2031 3032 3489 3830 4749 4498 5221 1926 5723 4302 6169 5494 6609 5858 7141 2658 7571 5118 8047 6886 229  7738 809  764  1451 2908 2129 5284 2819 7996 3571 886  4297 2098 5087 3398 5857 4786 6673 6274 7499 7726 
4368 2365 6768 4505 2898 6919 7980 3751 6708 2575 432  6275 5168 5775 4864 755  2556 1679 2480 3519 2968 7755 5278 3807 6536 2655 832  6225 1196 1005 2356 3237 3772 4245 5084 5505 6532 6591 7772 3755 5394 3941 5736 4061 1066 237  1846 1389 2666 2787 3454 4317 4246 4989 4670 5473 3114 5965 5532 6439 5690 6807 5990 7343 3846 7811 6414 17   7338 503  44   1109 1796 1783 4124 2473 6652 3221 362  3931 1486 4721 2798 5501 4138 6271 5506 7043 7054 7879 
8075 3864 3655 924  5375 3822 2057 7280 5687 7434 4325 2754 35   6992 1575 1408 1055 4068 1817 700  4563 4088 495  5768 1665 7336 4365 476  135  1708 2355 3164 3765 4484 4953 5644 6099 7180 7263 1168 3839 5538 3997 5910 4151 1462 789  2266 2049 3034 3513 3832 4757 4504 5199 4858 5729 4308 6179 6852 6629 5864 7041 6142 7597 5142 8051 6904 233  7746 811  772  1453 2932 2131 5308 2833 8012 3581 898  4327 2102 5099 3418 5861 4798 6679 6326 7507 7754 
3696 2405 7452 4615 2604 6205 5088 3971 4410 143  648  6425 4848 215  5408 1785 2552 1355 6228 1961 7100 6039 5432 855  6578 2745 1088 6255 1204 1065 2366 3243 3692 4323 5092 5511 6550 6603 7774 7743 4304 3937 5778 4063 6168 4193 1864 1401 2674 2811 3464 4341 4294 5001 4696 5403 4982 5971 5556 6443 48   6913 6008 7269 6286 7813 6522 19   7352 509  50   1117 1828 1787 4132 2477 6668 3229 382  3943 1502 4723 2818 5503 4162 6277 5534 7057 7058 7883 
4225 2856 3685 1176 5395 3906 6955 5922 5819 1890 391  2832 55   6672 505  1672 3255 3256 1735 168  2071 1610 7227 5992 1425 7378 4425 532  165  1862 2445 3146 3801 4450 4983 5728 6123 7196 7305 1264 423  7792 3991 5934 4121 6456 4285 2278 2073 3058 3543 3838 4763 4514 5213 4870 5631 5134 6181 6894 6631 618  7145 6152 7509 6446 8057 6910 239  7766 821  788  1459 2956 2137 5444 2837 8044 3583 914  4337 2122 5101 3442 5867 4822 6689 6334 7517 7762 
4536 2585 7632 4565 2952 6215 5112 7705 6786 187  3640 629  4944 265  396  785  2584 4185 1064 1915 462  2171 3430 4293 6622 2535 1216 6675 1274 1095 2444 3297 3718 4371 5140 5523 6556 6645 7828 7761 4336 1773 290  4069 6222 4195 6726 4331 2678 2823 3470 4353 4298 4997 948  5489 5002 5919 5272 6445 162  6931 1626 7355 6296 7773 6562 3    7358 521  52   1123 1844 1789 4156 2503 6676 3251 386  3947 1514 4729 2846 5507 4166 6287 5554 7069 7066 7901 
6875 3192 3835 1428 5405 4056 6895 5976 1025 7416 407  2800 803  6832 515  1332 1115 8036 5115 2408 2059 210  2249 5080 459  7546 4545 544  285  1804 2505 3172 3813 4460 5019 5746 6129 7228 7287 1250 477  7856 3501 670  4141 6474 4291 6870 4411 3064 3561 3842 4765 198  5245 1956 5731 5138 6087 5518 6635 654  7147 2694 7601 6454 7971 6946 241  7768 823  796  1471 2972 2141 5468 2843 8068 3593 922  4339 2126 5107 3446 5869 4834 6691 6338 7523 7778 
5712 2665 7938 4625 2912 6235 5244 7805 6688 2645 624  649  1170 1007 468  815  2628 1385 1288 6045 3416 2183 690  2359 6670 969  1472 6705 1276 1185 2492 3333 3796 4401 5150 5529 6566 6681 7780 7797 4432 1791 286  5409 1070 4207 6744 4333 7074 4487 3478 4359 4318 5017 954  5465 3156 5969 5282 6339 5726 6941 1662 7357 3858 7831 6568 29   7374 523  68   1129 1852 1801 4196 2521 6772 3253 394  3967 1522 4733 2854 5519 4174 6299 5578 7079 7078 7907 
3025 4872 3875 1386 5605 3948 6985 6144 1075 7476 4475 2928 763  1950 1189 1548 1135 4332 1745 2618 7125 4186 2279 1110 2471 7640 1353 608  105  1888 2595 3196 3819 4532 5037 5764 6135 7264 7317 1328 507  7984 3573 682  7389 1474 4295 6882 4405 7314 4555 3854 4769 204  5249 1962 5747 4338 6185 5522 6621 5866 7153 2742 7609 5154 8063 6906 251  7782 827  844  1481 3004 2143 5492 2851 16   3607 926  4349 2138 5113 3466 5879 4846 6701 6362 7529 7814 
6384 2431 1344 4715 3096 6305 5124 7885 6762 2675 528  6575 5022 1037 3540 1351 2844 1405 6348 1945 3094 7965 4774 2407 1290 2533 320  1749 1292 1245 2516 3345 3836 4395 5194 5559 6572 6657 7844 7809 4496 1899 296  5463 1090 249  1886 4351 7134 4499 7518 4609 8034 5027 996  5485 3174 5977 5598 6455 5734 6819 6010 7361 3882 7819 6546 23   7366 541  76   1151 1868 1811 4204 2531 6788 3257 398  3989 1538 4751 2858 5521 4178 6301 5582 7103 7082 7919 
7225 5208 3895 1404 5215 4128 7055 5964 1175 7548 4525 3078 65   6966 1199 4740 1517 4572 1765 216  2095 4424 585  5698 2483 1554 2623 140  2133 1876 2685 3212 3783 4556 4965 5782 6141 7276 7329 1424 531  8048 3609 686  7407 1490 807  2270 4417 7398 4559 7710 4777 228  5251 2004 5753 4404 6187 6924 6641 5870 7053 6170 7613 5178 8065 6918 257  7786 829  892  1483 3028 2153 5524 2857 6    3613 934  4357 2174 5119 3482 5881 4874 6703 6374 7537 7822 
7728 2465 8008 4945 3132 6055 5256 7955 6776 2725 816  6725 5104 295  588  1357 5950 1691 6444 1963 552  2189 5474 975  6784 2515 1794 2747 860  2379 2528 3363 3820 4407 5216 5595 6596 6735 7852 7815 4528 2007 310  5517 1096 267  1898 1437 2686 4501 7530 4613 8046 5029 1014 5497 3222 5983 5604 6457 36   6937 6014 7311 6298 7835 6558 31   7386 547  92   1153 1916 1823 4244 2539 6796 3259 422  4001 1546 4759 2866 5527 4198 6311 5594 7109 7094 7927 
715  6216 3995 1596 5555 4248 6965 5984 5265 7168 4775 3216 85   7152 535  1476 1529 6570 1819 180  2101 270  2291 6104 1725 7462 2605 2058 2827 1660 2751 2890 3939 4540 5061 5792 6153 7268 7359 1552 549  100  3681 710  7443 1498 813  2282 2103 3070 4571 7878 4781 234  5255 2034 5755 4476 6191 7002 6649 678  7157 6182 7563 6466 8071 6974 263  7798 839  908  1487 3044 2161 5596 2861 8    3617 958  4363 2182 5147 3494 5897 4882 6709 6382 7541 7834 
2016 2635 1728 4745 3108 6355 5346 7945 8096 7695 1232 6775 5136 305  612  835  2988 1673 240  1967 7220 2177 750  2413 6734 3015 1856 2735 2328 2921 2260 3399 3860 4431 5252 5649 6604 6771 7850 7833 4688 2043 322  5547 1102 291  1910 1461 2690 2841 3490 4619 8058 5033 1062 5509 3228 5989 5634 6463 24   6943 1686 7363 6302 7779 6574 37   7390 563  98   1163 1922 1831 4252 2543 6836 3271 446  4003 1574 4783 2878 5531 4222 6317 5602 7121 7114 7933 
935  4914 3905 1656 5665 4116 7015 6138 1325 3136 2925 3248 95   7216 545  1692 1145 4716 1829 300  2117 330  2317 1032 2455 7672 4575 572  2831 2490 2987 2950 3993 4580 5073 5828 6177 7316 7383 1616 603  196  3771 712  7461 1510 831  2290 2127 3074 3579 3878 4771 276  5257 2076 5759 4518 6193 7044 6667 762  7165 2766 7615 6472 7977 6986 269  7802 853  916  1489 3076 2179 5618 2879 10   3623 974  4373 2186 5153 3506 5903 4894 6719 6406 7547 7838 
3276 2755 2496 3815 3348 6365 5082 325  6816 2825 1904 4275 5264 1755 1792 865  3042 1415 6498 1969 7900 2191 870  2419 1302 2537 1984 6795 1312 2923 2838 3071 3892 4503 5260 5691 6620 6693 7868 7845 4802 2061 328  5553 1106 303  1912 1473 2696 2859 3502 4377 4310 5053 1068 5513 3252 5993 5706 6467 30   6953 1698 7367 3918 7837 6584 41   7414 557  116  1171 1948 1847 4276 2549 6884 3299 454  4007 1594 4787 2894 5557 4226 6323 5606 7127 7118 7937 
1045 6426 4015 1836 5285 4392 7085 5852 1445 7584 4805 3584 6525 7504 1485 3724 1165 4932 1795 312  2123 390  2321 1128 2479 1590 2611 736  195  1892 2993 3090 3127 4564 5109 5860 6183 7340 7347 1648 639  256  3789 730  7551 1526 843  2294 2157 3082 3603 3874 4791 4552 5263 2148 5761 4548 6209 7116 6671 786  7169 2778 7619 5262 8077 6978 271  7806 857  932  1493 3092 2203 5636 2887 14   3631 982  4391 2194 5167 3518 5923 4918 6733 6418 7549 7846 
3528 2717 3264 3857 3036 6265 5412 425  6944 3125 912  6845 5456 2295 2548 2805 4508 1465 6516 1981 7300 2201 888  2315 1326 2563 1830 2723 1364 1335 2596 3073 3294 3205 5324 5673 6644 6747 7876 7869 4912 2097 344  5571 1112 309  1918 1497 2698 2901 3512 4413 4328 5007 4706 5515 3258 5999 5748 6485 54   6973 1758 7373 3954 7849 6582 43   7422 569  124  1181 1964 1861 4348 2551 6892 3301 458  4013 1618 4789 2902 5563 4258 6329 5638 7129 7142 7949 
1105 6888 3965 1944 5495 4428 7285 6132 1475 7668 4825 3344 4095 7568 3105 4732 4125 8092 1835 264  2119 510  2323 1122 2489 1608 2627 2010 2839 1924 2715 3232 3133 3534 3293 5876 6213 7328 7365 1712 657  484  3879 742  7677 1528 849  2314 2181 3110 3639 3886 4803 4526 5223 4886 5765 4596 6233 7146 6677 822  7171 2802 7627 5286 8083 6994 277  7816 859  956  1499 3148 2207 5692 2897 22   3637 998  4397 2206 5171 3554 5927 4934 6737 6434 7559 7858 
2772 2795 2112 3913 3366 6335 5382 275  6936 3175 1104 6925 5632 6825 7424 3135 5684 4485 1624 1985 594  2197 918  2335 1416 2545 1896 2743 2370 2929 2656 3405 3916 3215 3894 3385 6692 6777 7924 7881 4976 2151 370  5679 1118 321  1928 1509 2702 2913 3514 4443 4330 5057 4718 5433 4994 6001 5766 6487 42   6989 1842 7379 3966 7855 6586 47   7430 571  148  1187 1996 1867 4364 2557 6932 3307 466  4019 1622 4793 2906 5569 4262 6337 5666 7151 7162 7951 
1235 4158 4085 2088 5551 4512 7205 6174 1525 7704 4925 3408 115  7888 2205 1768 3795 896  5535 2632 2105 714  2245 1218 2491 1674 2615 2136 2863 2568 2995 3268 3855 4588 3287 4134 3455 7348 7437 1744 711  676  3897 754  7713 1534 879  2318 2199 3112 3651 3890 4811 294  5267 4898 5637 5144 6227 7188 6683 834  7181 2874 7631 5298 8095 7006 281  7818 863  964  1511 3188 2213 5708 2903 26   3643 1006 4409 2218 5179 3566 5939 4946 6761 6442 7561 7862 
4284 2875 4928 5015 3384 6565 5152 475  6972 3275 1134 7025 5232 335  5888 1995 3016 4845 1736 6375 3458 2195 966  2395 1464 2561 1914 2771 2418 2933 2862 3065 3956 4509 5290 3397 4326 3587 7940 7887 5008 2169 374  5769 1130 327  1930 1527 2710 2931 3526 4449 4334 5045 1098 5533 5014 5937 5288 6493 66   6979 1866 7387 4038 7859 6616 53   7426 577  164  1193 2012 1871 4372 2579 6962 3313 478  4021 1642 4799 2918 5573 4274 6343 5674 7159 7166 7963 
1265 5928 4255 1638 5695 4256 6435 6496 1675 7686 4975 3472 125  7248 565  1496 3885 3608 5655 2744 6765 4522 2285 1242 2495 1704 2641 2130 2867 2616 3005 3102 3143 4598 5133 5908 3473 4494 3667 1808 747  1156 3951 776  7731 1544 921  2330 2217 3122 3669 3896 4819 306  5269 2166 5767 5146 6117 5528 6697 894  7183 2922 7633 5322 25   7016 283  7842 877  1004 1523 3236 2221 5716 2909 34   3659 1018 4421 2234 5189 3574 5953 4954 6763 6458 7573 7886 
4704 2915 3648 4895 3402 6625 6272 7425 7072 3425 1392 7075 5424 355  684  895  2728 4515 4136 6555 3752 7995 5624 2429 1482 2567 1974 2759 2346 2935 2886 3077 3306 3227 5332 5685 6728 3589 4758 3781 5072 2259 376  5787 1162 339  1946 1563 2714 2949 3530 4461 4342 5063 1164 5539 3324 6005 5302 6387 5710 7009 1878 7391 4062 7861 6618 59   7432 587  172  1201 2036 1873 4388 2591 6964 3319 482  4027 1646 4801 2942 5581 4282 6353 5686 7177 7186 7993 
1375 7176 2233 2052 5735 4004 6885 6916 2475 1456 5275 3504 145  7536 635  1908 1195 3712 5145 4472 7395 4648 675  6136 2497 1722 2629 2190 2869 2562 3007 3144 3139 3618 3295 5978 6231 7364 3683 5106 3845 1444 3987 782  7767 1558 933  2338 2229 3130 3687 3914 4821 4558 5287 2172 5771 4626 6239 5546 6639 5882 7195 2946 7637 5442 49   7010 293  7864 881  1028 1531 3244 2237 5732 2917 38   3671 1042 4423 2246 5197 3578 5981 5006 6779 6502 7577 7894 
4788 3145 4416 3955 3588 6665 5096 4455 7448 3825 2128 7325 5488 365  768  905  3204 1535 3848 5565 4736 2025 5512 1035 6902 2573 1938 2761 2424 2941 2982 3085 3318 3233 3912 3401 6716 6837 7942 3785 5406 3949 406  5823 1166 381  1958 1569 2726 2973 3538 4467 4346 5065 1206 5543 3372 6013 5844 6497 5738 6843 6026 7397 4098 7871 6590 61   7474 593  188  1213 2084 1877 4412 2593 6988 3323 502  4049 1654 4813 2962 5591 4286 6359 5702 7187 7214 8009 
1495 5016 2485 1716 5593 4446 7375 6188 5175 7744 6075 3952 6975 7696 655  2028 1205 5004 1837 4712 6405 5434 315  6232 1815 7714 2651 2214 2845 2622 3029 3162 3149 3624 3305 4152 3487 7372 7413 2032 3841 5502 4009 790  7893 1562 939  2344 2253 3154 3693 3922 4827 4568 5299 2286 5773 4668 6245 7212 6731 5894 7071 6154 7651 5466 121  7026 307  7870 883  1052 1543 3284 2239 5756 2927 46   3673 1046 4441 2258 5209 3602 5987 5042 6781 6506 7583 7934 
5292 3055 5568 4123 8100 6853 5688 575  7904 4725 2992 6615 6032 7245 6292 955  3468 1555 6876 1991 5032 7455 5704 1125 6808 3075 2368 2773 2442 2947 2910 3091 3336 3235 3942 3403 4344 3595 7964 7911 5296 3953 5754 4087 1178 393  1970 1623 2758 2991 3544 4479 4354 5069 1212 5545 3396 6017 5892 6499 78   6995 6034 7323 6310 7891 6610 67   7486 599  212  1217 2092 1879 4418 2609 7012 3329 514  4051 1658 4817 2966 5623 4306 6361 5714 7193 7226 8011 
1595 7182 4301 4680 5621 1800 7931 6318 1775 2288 5985 4048 5355 2816 3675 1976 1255 5202 1841 450  2147 5368 525  6248 1845 7784 4635 644  2855 2706 3013 3186 3151 3666 3317 4170 3493 4602 3661 2096 801  2116 4031 5970 4163 1570 951  2354 2271 3170 3711 3926 4829 342  5293 2292 5777 4734 6259 7218 6707 906  7199 6184 7593 6470 7989 7042 311  7874 887  1058 1549 3292 2243 5788 2939 58   3677 1082 4447 2302 5227 3622 6007 5062 6791 6514 7589 7978 
5376 3245 5824 5423 2880 6923 5100 2107 6984 3475 3536 7875 6448 2835 7436 2415 3224 1565 6948 2021 120  2219 5848 1215 6952 2775 2624 7065 1316 2951 2958 3095 3354 3239 3930 3409 4374 3611 4776 3787 5392 2313 410  4097 6258 4213 1978 1641 2770 3027 3562 4497 4366 5071 1236 5549 3438 6019 5958 6503 102  7003 1902 7403 6322 7827 6632 71   7494 601  236  1223 2164 1889 4436 2617 7036 3331 526  4057 1678 4831 2974 5639 4322 6367 5722 7207 7234 8017 
1615 7224 4345 1932 5863 2400 8029 1920 5047 7788 5575 4784 3465 3328 945  2176 3045 3784 1843 980  2159 570  2327 6118 1935 7808 4815 748  345  1952 3017 3198 3155 3738 3337 4182 3497 4578 3679 5190 3859 3364 4041 806  4145 6486 4303 2378 2283 3176 3747 3928 4835 348  5305 2316 5789 4764 6281 7284 6739 942  7201 2994 7655 6478 8013 7046 313  7882 907  1076 1553 3308 2251 5804 2953 62   3691 1094 4451 2306 5231 3646 6011 5078 6793 6518 7591 8002 
5796 2945 5832 5035 3552 7021 5220 2303 5160 7987 1488 7675 6256 8085 7936 1365 2944 4305 4216 3663 280  2227 930  2453 6968 3195 2752 7275 1352 1455 2668 3097 3486 3247 4002 3415 4386 3599 4794 3799 5370 3959 418  5877 1192 4223 6792 4367 2774 3039 3586 4533 4376 5089 1278 5561 3474 6023 5988 6505 114  7031 1986 7405 4146 7895 6634 73   7496 607  242  1229 2188 1901 4468 2621 7108 3343 538  4073 1706 4861 2978 5641 4358 6373 5758 7211 7246 8039 
1625 4488 2555 2208 5705 4524 7973 2280 5243 7410 329  3726 155  4352 1155 2432 2145 3944 4935 5248 4617 2030 2329 1230 2507 7826 4905 812  255  1988 2739 2980 3161 3768 3341 4218 3503 4632 3695 5214 3869 5562 4033 808  7929 1576 4307 6942 4415 3178 3777 3934 4839 4570 5311 2358 5803 4812 6283 7356 6749 978  7217 3018 7661 5514 169  7048 317  7898 911  1084 1559 3316 2267 5812 2957 74   3697 1114 4457 2326 5233 3662 6029 5086 6803 6542 7603 8006 
6468 3335 5952 4081 3876 6655 5664 2597 5610 2401 7500 581  5994 395  1664 2625 3128 4875 4408 6195 4862 6327 3560 2443 1410 2581 3008 7335 1372 1515 2716 3417 3940 3241 4008 3419 4422 3601 4806 3791 5430 3961 5784 4103 1208 411  1990 4369 7194 4511 3590 4569 4378 5079 4726 5567 3546 6031 6036 6509 174  7033 2022 7409 4206 7897 6654 79   7498 613  244  1231 2228 1907 4492 2633 7132 3347 542  4079 1714 4871 2986 5647 4406 6379 5774 7213 7262 8053 
1885 7296 2639 5760 5957 4644 7345 6204 5341 7480 343  900  791  7614 685  2024 3705 616  5805 4664 7035 5504 7533 5170 2501 1752 2653 836  375  1972 2769 3020 3999 4628 3349 4242 3505 4674 3707 5226 3883 5658 4037 6018 4169 1582 993  2390 4427 7446 4577 3938 4837 4582 5241 4904 5809 4842 6289 7362 6743 1002 7223 3054 7663 5574 289  7064 331  7906 919  1108 1567 3356 2269 5836 2963 82   3701 1126 4463 2342 5237 3694 6037 5098 6823 6598 7607 8014 
6732 805  7104 4277 4800 7049 5676 8015 6996 91   960  623  1350 1043 828  965  6076 4995 2002 6345 5192 7665 5896 4779 6680 2569 1992 2779 1376 1545 2684 3423 3950 4521 5344 3421 4482 3635 4902 3805 5448 3973 5790 4109 6312 4237 2006 1671 2776 4529 7566 4627 8070 5093 4738 5469 5018 6041 6066 6511 138  7037 2082 7415 4254 7903 6674 83   7510 617  268  1237 2252 1913 4516 2647 7148 3359 554  4091 1718 4877 2998 5651 4414 6389 5794 7219 7274 8059 
4655 7656 2261 7920 5719 1980 8099 6324 1805 7848 371  360  817  2250 1207 2124 1285 728  5865 2926 7215 5576 735  6344 297  7670 2669 2262 2885 2044 2781 3050 4011 4636 5055 6004 3521 4686 3713 5238 3865 5592 4039 6024 4171 6504 4309 2398 2307 3182 4573 7890 4841 372  5315 4906 5667 5162 6295 7404 6751 1038 7231 3126 7679 5622 361  7086 337  7914 929  1124 1571 3362 2273 5884 2969 86   3709 1138 4481 2362 5261 3722 6043 5102 6827 6602 7621 8026 
6912 1085 7872 4403 2160 7189 5580 2527 7008 3725 1536 667  1470 1067 3660 1363 3492 1585 2072 7155 3542 5625 6016 1275 7112 999  3392 2785 2472 2959 2350 3429 3980 4539 5348 5697 6740 3629 4818 3809 5454 3977 5874 4105 6342 4247 6798 4379 2782 3057 3592 4631 8088 5095 1284 5579 5030 5961 5306 6515 186  7045 2094 7421 4314 7913 6682 89   7526 619  284  1249 2276 1931 4604 2657 7156 3361 562  4093 1726 4889 3022 5653 4426 6397 5806 7229 7286 8069 
4235 7752 2387 6240 5831 2700 539  2040 5537 7866 5675 3792 851  2430 1211 4770 1541 5364 1853 3304 7905 4466 765  6314 2115 7832 5025 868  2881 2670 3031 3140 4017 4606 5151 6028 6291 7406 3715 5334 3893 5694 4045 6042 4181 6594 4313 6990 4429 3206 3831 3962 4843 414  5317 2364 5833 5174 6159 5542 6757 1074 7235 3138 7697 5646 529  7090 347  7918 937  1132 1579 3412 2281 5924 2971 94   3719 1142 4483 2374 5273 3734 6047 5114 6829 6614 7639 8038 
7776 385  2304 4543 3120 7259 5700 2891 5640 77   1776 7775 5936 1073 3630 1379 6060 1687 810  2033 3976 3645 5642 1305 7106 3225 3776 7515 1484 2977 3030 3101 4012 4551 5350 5727 6748 6789 8032 3811 5478 3979 5838 4115 6402 4265 6834 4381 7170 4531 3598 4593 4382 5105 1308 5585 3516 6049 5338 6393 5752 7051 2118 7423 4362 7909 6698 97   7528 631  292  1259 2284 1933 4612 2659 7204 3371 566  4099 1754 4903 3046 5657 4442 6421 5818 7237 7318 8081 
5075 7992 2737 6840 6083 2340 833  2760 5887 8040 413  3984 185  7824 1219 4980 1537 6780 1883 1100 4743 4984 825  6328 2175 8024 5085 884  435  2048 3043 3210 3173 4660 5157 6052 6285 7412 7449 2192 3899 5730 4043 6102 4183 6648 4315 6954 4439 7458 4579 3970 4847 486  5321 2388 5815 4878 6313 5558 6663 5902 7249 3246 7709 5682 841  7096 349  7922 941  1172 1583 3428 2287 5932 2999 106  3727 1154 4493 2386 5279 3742 6053 5158 6833 6626 7643 8042 
7524 1015 4356 4459 3240 7337 5850 2989 5720 119  3520 679  6096 415  882  1387 6030 1703 2560 2961 440  6201 5656 1395 7144 3285 3904 7575 1504 1605 2756 3113 3390 3263 5372 5709 6752 6855 8084 7923 5552 3983 5886 4117 6330 4249 6858 4385 7242 4535 7602 4633 8094 5123 1314 5587 3582 6059 6108 6523 5762 6861 6056 7427 4398 7915 6702 101  7554 641  316  1277 2308 1949 4652 2663 7244 3373 586  4111 1762 4909 3062 5659 4474 6427 5834 7243 7342 8087 
5425 7722 2765 2232 6061 3360 2299 3000 6137 7590 427  480  869  7952 695  2156 1577 7050 1891 1280 4599 2360 7353 6392 2325 7912 5325 928  465  2068 2829 3260 3193 3774 3353 6068 6303 7456 7467 2384 867  3844 4055 6162 4189 6666 4319 7032 4435 7464 4589 7944 4849 444  5327 2466 5837 4908 6319 7428 6769 5912 7113 6190 7711 5718 961  7102 353  7926 947  1228 1597 3436 2293 5948 3001 118  3733 1174 4507 2402 5281 3746 6067 5182 6841 6638 7649 8054 
7956 1295 6084 4445 3816 7429 5460 4477 5600 247  5440 671  1380 1079 972  985  3636 1711 2960 3087 520  6111 3770 4941 7208 3525 4288 7725 1508 1635 2812 3471 4018 3265 4026 3427 6764 6873 8020 7953 5584 2367 424  4135 6438 4267 6810 4387 7266 4537 7608 4645 144  5111 1356 5597 3684 6065 6246 6527 222  7061 6058 7341 6346 7939 6706 103  7562 643  332  1279 2348 1951 4684 2671 7292 3389 614  4127 1766 4919 3086 5669 4478 6449 5854 7247 7346 8089 
5635 1584 2905 2244 5785 4312 5491 1260 6253 2310 437  3920 871  2460 1241 2178 1315 5436 1897 1300 4653 2120 7581 5240 399  1936 5415 968  555  2108 2847 3296 3945 4676 3365 4266 3523 7450 7473 2224 873  5476 4113 814  4187 6690 4321 7014 4453 7482 4595 7986 4853 492  5339 2502 5855 4986 6331 7542 6767 1086 7255 6194 7617 6482 8031 7126 359  7928 953  1244 1601 3452 2297 5956 3011 122  3739 1186 4513 2426 5297 3754 6073 5186 6857 6646 7669 8098 
5184 1435 1296 4585 3762 6695 5166 3757 6930 299  4760 5643 1960 1081 3690 1391 3708 1655 7092 2047 640  6171 3880 5427 6710 987  4544 7785 1564 1695 2788 3435 4028 4587 5356 3431 4470 3641 1024 7959 5648 2421 430  5931 1222 4279 6846 4393 7230 4541 7626 4661 324  5129 1422 5599 3732 6071 6252 6533 246  7063 2154 7435 6376 7851 6712 107  7570 647  338  1283 2372 1973 4724 2677 7324 3391 622  4129 1774 4931 3098 5683 4486 6451 5878 7253 7354 8093 
5915 2448 2821 2484 5845 4554 7505 6372 6647 3080 6669 2240 7293 3500 1243 5180 1633 5652 1865 378  2167 2170 7659 5110 513  7720 1407 988  615  2144 2865 3404 4023 4756 5181 6112 3551 4710 3737 2416 909  6724 4107 824  7947 1586 4343 7062 4469 7506 4601 8022 4855 516  5345 2532 5873 5028 6341 7572 6773 1146 7241 3282 7715 6488 8049 7138 367  7946 967  1252 1607 3508 2309 5972 3019 134  3761 1198 4517 2434 5303 3758 6079 5218 6863 6658 7673 4    
2376 1505 792  4795 3828 6685 5724 175  7068 377  6440 5049 2660 1287 4060 1989 6580 1717 7164 2005 546  2231 3710 5751 6790 1023 4672 7935 1612 1905 2828 3477 4046 4605 5396 5745 6812 3647 4890 3817 5744 2439 434  5949 1246 417  2008 4399 7368 4553 7638 4667 192  5131 1494 5603 3756 6077 6276 6535 258  7073 2202 7439 4434 7957 6730 109  7574 653  356  1289 2396 1979 4748 2683 7388 3407 626  4133 1814 4933 3106 5689 4502 6469 5906 7283 7382 1    
6125 1872 3059 2574 5795 4576 7385 6396 1825 7968 451  4900 8073 3800 1683 5740 2277 5120 1903 384  2155 744  2353 5270 429  7490 1419 992  645  2132 2889 3340 4047 4708 5205 6116 6315 7502 3743 5352 3901 7396 4149 826  7983 1592 1011 2410 4471 7512 4607 7998 4873 522  5353 2676 5891 5046 6347 7578 6787 1158 7261 3342 7721 5802 1369 7122 373  7954 971  1268 1609 3524 2311 5996 3023 142  3767 1202 4519 2446 5309 3778 6089 5234 6869 6662 7681 2    
