5544 8075 7728 2945 8008 6885 4004 3825 5852 5175 7072 3465 3952 5775 6256 8085 4864 1365 1496 4935 3224 8235 4774 1425 6248 4005 7714 7515 7232 1245 1504 2403 2444 3423 3620 4239 4844 5289 6112 6231 7276 7287 592  75   6352 2421 442  5571 1208 201  1958 1263 2702 2517 3490 3903 4298 5403 5018 6249 5546 6717 5866 7041 6088 7377 6322 7941 6986 163  7816 727  556  1373 2636 2063 5116 2753 7732 3529 734  4259 1942 5039 3226 5839 4678 6653 6098 7487 7594 
5525 3024 1375 7644 4465 2464 7695 4312 2925 6496 7425 3536 4725 5168 6825 4352 2205 8228 3045 2432 6765 4088 765  5642 2745 7112 5895 832  165  988  2001 1924 2877 3020 3819 4268 4887 5420 5757 6716 6735 7844 7701 3152 981  70   3987 826  7461 1576 699  2338 1857 3110 3189 3854 4677 4654 6013 5302 6483 5738 6879 5986 7179 6202 7647 6574 2809 7422 433  8234 1039 1556 1699 3868 2399 6404 3167 214  3889 1306 4657 2582 5449 3986 6247 5386 7019 6914 7873 
6048 7865 3528 3145 8232 5785 3808 5265 5236 6075 7448 4455 4784 6615 5632 7245 3872 1995 1768 5145 3496 7905 4888 1665 6314 4335 7808 7575 8128 1335 1612 2397 2528 3429 3626 4245 4876 5307 6068 6285 7328 7305 656  99   6416 2439 470  5679 1222 213  1970 1293 2710 2559 3512 3909 4310 5433 5030 6261 5558 6729 5870 7053 6094 7401 6346 7971 6994 167  7818 733  578  1381 2644 2069 5132 2767 7796 3533 746  4261 1954 5051 3238 5843 4682 6659 6122 7489 7606 
3575 4536 1595 1512 4495 1428 6745 5152 4275 6664 6435 3136 5445 6032 5985 7568 3675 6292 3255 2552 7035 4136 525  5576 2535 7144 5715 1088 195  968  2037 1952 2919 3050 3939 4292 4809 5428 5763 6728 6693 7852 7707 3184 1017 88   4041 830  7551 1582 717  2344 1893 3112 3207 3878 4701 4658 6017 5306 6499 5752 6891 5990 7197 6206 7653 6584 3481 7426 439  8238 1049 1588 1709 3884 2411 6428 3169 218  3907 1318 4663 2594 5471 3994 6257 5398 7027 6922 7877 
8064 7975 3276 3245 1008 5795 3036 7885 5984 6525 7168 2475 1904 2565 6448 2835 5408 1785 1672 5565 3256 7995 5032 1395 6328 4365 7826 7725 8192 1455 1508 2409 2540 3441 3652 4251 4850 5319 6116 6291 7340 7317 688  117  6544 2493 472  5769 1246 219  1978 1299 2714 2571 3514 3921 4318 5469 5026 6259 7002 6749 5894 7071 6106 7419 6376 7977 7006 173  7842 739  596  1399 2692 2081 5156 2777 7804 3539 758  4271 1966 5059 3242 5849 4694 6661 6134 7499 7642 
4675 4368 1705 2184 4505 1638 6815 4128 775  6688 6975 1456 1485 3584 2805 7696 945  7436 3885 2584 7455 4216 735  5624 3015 7192 5415 1472 255  992  2013 1940 2937 3116 3855 4324 4893 5450 5781 6740 6747 7780 7719 3376 1083 104  4107 854  7677 1586 723  2354 1923 3122 3261 3886 4713 4670 6019 5634 6503 48   7045 6008 7233 6214 7671 6586 3721 7430 443  8242 1051 1604 1721 3908 2417 6436 3181 226  3911 1322 4673 2602 5477 3998 6263 5414 7039 6926 7879 
6552 6875 4284 3335 2268 5875 2964 7645 5256 2725 7084 2295 2128 1755 5936 3795 7424 2415 1976 6105 3712 2025 4862 1725 6344 4425 7832 7785 4096 1515 1564 2451 2620 3471 3668 4395 4964 5343 6140 6303 7364 7347 752  147  6704 2523 488  5787 1256 237  1990 1317 2726 2577 3526 3957 4328 5493 5038 6283 7044 6751 762  7261 6130 7431 6386 7989 7010 179  7864 743  604  1409 2708 2083 5164 2789 7892 3541 766  4273 1982 5077 3254 5851 4702 6673 6158 7507 7646 
5225 5712 1625 1848 4615 1596 6785 4256 845  6204 4975 8096 7605 4048 3375 7952 4185 1144 4305 2944 7095 4186 855  5656 2775 7208 5925 1216 345  1036 2055 1972 2943 3124 3945 4316 4899 5452 5811 6748 6771 7850 7743 3568 1143 110  4113 856  7713 1592 753  2378 1929 3130 3273 3890 4737 4696 6023 5748 6505 162  7051 1866 7453 6226 7737 6590 4489 7432 449  8248 1061 1636 1723 3932 2423 6452 3187 254  3917 1346 4679 2606 5479 4006 6269 5422 7043 6934 7883 
7056 8125 2772 3055 2352 5885 3096 8165 5346 2825 7098 7675 2576 3315 6512 3705 2156 4995 2024 6195 3848 8265 4984 1815 6392 4545 7912 8025 224  1545 1628 2445 2492 3435 3692 4323 4988 5295 6148 6315 7348 7329 848  153  6736 2529 494  5823 1258 249  2006 1329 2758 2589 3530 3963 4330 5541 5048 6281 7116 6757 786  7265 3054 7751 6398 8013 7016 181  7870 751  628  1423 2732 2087 5188 2791 7916 3547 778  4283 1994 5081 3274 5857 4714 6679 6166 7517 7666 
6175 3696 1885 2688 4565 1632 6685 4248 1025 6324 5275 8052 205  4144 3105 8176 4485 8036 5655 2728 7125 4264 825  5704 3075 7238 6165 1856 285  1012 2067 1988 2955 3146 3999 4384 4917 5516 5835 6752 6777 7876 7761 3632 1179 128  4149 872  7731 1598 771  2390 1941 3154 3279 3896 4749 4706 6031 5706 6509 36   7061 1878 7465 4398 7985 6616 5041 7474 457  8264 1063 1676 1733 3964 2437 6476 3191 262  3919 1354 4691 2614 5483 4022 6271 5426 7057 6938 7901 
7392 4225 4704 3355 7938 5945 3348 7805 5382 3125 7236 7693 1536 485  6608 3915 3388 4875 1064 5865 3304 5625 5248 1935 6424 4575 8024 7935 308  1581 950  2553 2596 3477 3718 4371 5012 5373 6164 6351 7372 7365 944  171  6896 2547 506  5877 1270 267  2008 1347 2770 2631 3538 3981 4334 5583 5066 6289 7146 6767 822  7271 3126 7763 5718 8197 7046 191  7874 757  652  1427 2738 2089 5204 2797 7948 3557 794  4289 2018 5087 3314 5861 4742 6689 6178 7523 7694 
7475 6384 1955 3192 4625 1656 6755 4392 1075 6372 5575 8118 215  3504 745  8272 4845 7252 5805 2632 7215 4408 975  5698 3195 7304 6255 1984 375  1078 2091 2020 2967 3140 4011 4444 4929 5536 5817 6764 6789 7868 7797 3664 1233 130  4167 874  7767 1606 789  2398 1959 3170 3291 3914 4791 4718 6033 5338 6515 24   7063 1902 7471 4434 7991 6610 5329 7486 461  8270 1069 1682 1741 3988 2441 6484 3203 274  3923 1366 4703 2638 5501 4034 6277 5438 7069 6982 7907 
4032 3025 4788 3445 1344 5995 3132 7931 5664 3175 7254 7775 1776 505  5424 905  4508 5115 1288 6375 3416 3645 5192 1845 6536 4635 8056 8055 352  1593 1060 2607 2650 3507 3772 4401 4972 5385 6176 6357 7406 7359 976  207  6928 2637 518  5931 1298 291  2014 1371 2774 2643 3544 4083 4342 5601 5074 6267 5608 6769 834  7273 3138 7765 5802 8201 7026 193  7882 761  668  1429 2764 2099 5212 2801 7972 3559 802  4297 2026 5099 3326 5867 4754 6691 6218 7529 7702 
6325 2016 2015 2856 4715 1824 6895 4428 1175 6396 5675 8148 235  3726 721  7152 1115 8092 6045 2408 7395 4424 1035 5768 3285 7336 6225 2368 435  1148 2109 2044 3009 3172 3993 4396 4947 5548 5829 6850 6837 7924 7809 3728 1251 136  4203 890  7893 1630 807  2410 1977 3176 3309 3922 4803 4726 6041 5384 6511 30   7067 1986 7483 4458 7997 6618 6241 7494 463  64   1087 1684 1747 4036 2447 6508 3209 278  3929 1382 4721 2642 5503 4054 6287 5458 7079 6998 7919 
7488 7225 5292 3515 4928 6035 3384 7945 5412 3275 7272 7825 1782 511  3630 959  396  1255 1624 6555 3608 585  5368 2115 6578 4815 8162 8145 364  1605 1652 2505 2656 3495 3796 4503 5020 5379 6220 6369 7412 7383 1072 243  7024 2763 530  5949 1304 303  2054 1383 2776 2649 3562 4101 4346 5613 5090 6297 5570 6773 894  7277 3246 7769 5826 8203 7042 197  7898 769  692  1433 2804 2111 5228 2803 7988 3571 818  4327 2038 5101 3334 5869 4762 6701 6238 7537 7706 
6545 4104 2035 3864 4745 1932 6935 4512 1325 6408 5725 8262 265  3792 749  4380 1141 972  1405 2618 7965 4466 1125 5848 3525 7378 6675 2624 465  1184 2085 2048 2985 3164 4023 4448 4953 5540 5871 6812 6855 7942 7815 3824 1341 152  4311 902  7929 1634 813  2414 1983 3178 3327 3926 4821 4738 6051 5362 6523 42   7073 2022 7493 4506 7999 6632 6889 7496 467  12   1091 1724 1753 4052 2459 6548 3217 298  3931 1402 4723 2654 5507 4058 6299 5462 7103 7022 7927 
5616 7595 2736 3485 1764 6205 3108 8195 5418 3425 7326 7925 1968 515  5994 973  6030 1333 1692 1643 3458 675  5278 2325 6622 4905 8216 8175 392  1599 1666 2595 2668 3531 3820 4407 5024 5397 6250 6441 7456 7413 1136 261  7088 2799 536  6057 1310 309  2056 1389 2782 2661 3586 4119 4354 5619 5122 6295 7188 6787 906  7279 3282 7771 5862 8207 7048 199  7906 773  716  1439 2836 2113 5276 2819 7996 3581 838  4337 2042 5107 3338 5879 4766 6703 6242 7541 7726 
7315 3672 1645 1728 4895 1944 6955 4452 1445 6432 5825 8268 295  3984 755  7536 1157 7470 1469 2628 1739 4472 1215 5896 3555 7384 6705 2752 555  1204 2133 2068 3021 3196 4017 4450 4983 5564 5883 6844 6915 7964 7833 3856 1359 154  4383 904  7947 1670 831  2422 2019 3182 3351 3928 4827 4744 6049 5766 6527 54   7081 2082 7495 4542 8003 6634 7921 7498 479  18   1093 1732 1759 4076 2467 6628 3221 302  3943 1418 4729 2722 5519 4078 6301 5482 7109 7034 7933 
7344 8225 3312 2905 2304 5495 3366 7955 5586 3475 7332 7987 2064 535  6096 955  588  1339 8080 1603 4716 1843 5336 2385 6734 5025 8246 405  416  1635 1694 2613 2684 3537 3836 4509 5044 5451 6244 6453 7502 7437 1168 279  7184 2817 568  6093 1334 321  2074 1401 2786 2721 3590 4143 4366 5631 5126 6313 7212 6797 942  7289 3342 7781 5898 8213 7064 211  7914 787  722  1447 2876 2129 5284 2833 8012 3583 842  4339 2062 5113 3386 5881 4778 6709 6274 7547 7754 
5005 4968 1715 2112 4445 1716 6965 4446 1475 6534 5887 1350 287  4272 763  7248 1135 882  1501 2988 1751 6876 1967 6016 3225 7462 6795 3008 615  1196 2187 2050 3051 3212 4029 4460 5019 5588 5889 6868 6873 7940 7869 4016 1413 170  4419 938  7983 1688 843  2438 2031 3206 3369 3934 4839 4790 6059 5844 6533 66   7087 2094 7501 4566 8005 6654 5    7526 487  20   1097 1756 1777 4084 2473 6652 3229 314  3947 1438 4733 2734 5521 4106 6311 5498 7121 7054 7937 
8208 4375 3564 3115 4356 5705 3552 8015 5676 3703 600  8183 1950 553  3660 979  468  1285 1548 1631 4932 1883 270  2119 6784 5085 784  1875 476  1647 1150 2619 2740 3567 3860 4431 5050 5421 6260 6447 7450 7449 1250 333  7312 2853 574  6147 1336 327  2086 1437 2792 2733 3592 4197 4376 5637 5128 6319 7218 6799 978  7291 3378 7783 5946 8227 7086 223  7918 797  724  1451 2908 2131 5308 2837 8044 3593 862  4349 2066 5119 3394 5897 4786 6719 6326 7549 7762 
7735 4224 1855 2496 4585 1836 6985 4524 1525 6612 6223 1380 301  2790 781  4650 1159 1044 1415 2844 1757 6948 1981 570  2227 7544 7065 3392 645  1274 2193 2060 3081 3232 4047 4532 5037 5572 5907 6940 6939 8020 7881 4112 1467 182  4491 946  8163 1702 849  2456 2049 3208 3387 3938 4857 4792 6065 5892 6535 102  7091 2118 7513 4614 8021 6674 7    7510 491  28   1103 1772 1783 4124 2477 6668 3251 326  3967 1454 4751 2746 5527 4126 6317 5506 7127 7058 7949 
6336 1225 3888 3395 6084 5845 3588 8113 5688 3725 7416 2401 2070 559  1470 989  6060 1337 1908 1639 5004 1891 330  2149 1032 2395 1936 225  532  1695 1696 2667 2780 3597 3892 4539 5054 5457 6304 6477 7460 7467 1264 363  7376 2883 584  6219 1342 339  2104 1461 2794 2757 3598 4227 4378 5667 5134 6331 7284 6805 1002 7295 3414 7787 5982 8249 7090 227  7922 809  764  1453 2932 2137 5444 2843 8068 3607 866  4357 2078 5147 3398 5903 4798 6733 6334 7559 7778 
2275 4488 2065 3264 4795 2052 7055 4554 1675 6588 5975 3072 323  7770 793  4740 1169 7620 1477 3042 1763 7092 2021 690  2257 1482 2501 3776 705  1276 2121 2108 3129 3260 4071 4540 5109 5566 5901 6908 6951 8032 7845 4208 1503 184  4527 962  8199 1730 879  2482 2073 3262 3453 3962 4863 4808 6071 5958 6539 114  7093 2154 7519 4638 8023 6682 3    7528 499  32   1109 1796 1787 4132 2503 6676 3253 334  3989 1466 4759 2762 5531 4138 6323 5534 7129 7066 7951 
4752 455  4176 3535 1296 6055 3762 8099 5724 3775 7434 8275 2106 583  2380 1007 6150 1343 8240 1649 5364 1895 384  2147 1122 2369 1896 2611 544  1659 1180 2679 2756 3621 3916 4551 5068 5487 6308 6465 7514 7473 1328 369  7408 2979 590  6309 1358 381  2110 1473 2806 2787 3614 4269 4382 5703 5138 6341 7356 6809 1074 7303 3426 7795 6054 8251 7096 229  7926 811  772  1459 2956 2141 5468 2851 8108 3613 878  4363 2098 5153 3418 5923 4822 6737 6338 7561 7814 
2975 5016 2125 3648 4865 2088 7015 4644 1775 6636 6025 576  305  4592 1881 6020 1177 7860 1507 3204 1765 7164 1985 714  2231 1464 2507 2262 2773 500  2139 2132 3111 3268 4035 4484 4965 5612 5943 6956 6945 8132 7887 4304 1557 190  4581 970  8271 1738 921  2486 2103 3266 3459 3970 4881 4814 6077 5988 6541 78   7097 2202 7531 4722 8027 6698 11   7554 503  44   1117 1828 1789 4156 2521 6772 3257 346  4001 1478 4783 2798 5557 4162 6329 5554 7151 7078 7963 
6864 595  4212 3565 792  6095 3234 8215 5628 3925 7476 625  2256 545  6656 3519 8060 1349 180  1651 5202 1897 408  2155 1128 2407 1830 2627 2568 2921 1210 2697 2716 3585 3956 4521 5084 5505 6358 6495 7532 7479 1424 387  7472 3033 598  6381 1370 393  2114 1497 2810 2811 3634 4281 4390 5721 5144 6347 7362 6817 1038 7313 3462 7799 6078 8257 7102 233  7928 821  788  1471 2972 2143 5492 2857 8116 3617 886  4373 2102 5167 3442 5927 4834 6761 6362 7573 7822 
3325 4992 2135 5568 4945 2142 7085 4662 1805 6678 6275 2916 335  4656 785  1568 4437 2560 1513 3492 1769 7596 1991 744  2245 1518 2509 2226 2785 3066 3029 2140 3219 3296 4053 4556 5055 5644 5955 6958 6963 8084 7911 4336 1587 232  4689 986  81   1742 933  2494 2127 3272 3489 3982 4911 4826 6081 5402 6557 138  7099 2238 7543 4782 8033 6702 13   7562 509  50   1123 1844 1801 4196 2531 6788 3259 358  4003 1486 4787 2818 5563 4166 6337 5578 7159 7082 7993 
7128 665  4464 3605 864  6215 3402 8245 5742 4075 7548 35   2288 565  6288 965  3724 4797 700  1661 5652 1903 210  2159 1218 2413 1914 2615 2616 2923 3336 3113 2788 3615 4012 4587 5092 5511 6356 6501 7550 7491 1552 423  7664 3123 602  6471 1378 411  2134 1509 2822 2823 3638 4287 4394 5739 5146 6333 5614 6821 1086 7319 3522 7801 6114 8261 7122 239  7946 823  796  1481 3004 2153 5524 2861 8156 3623 898  4391 2122 5171 3446 5939 4846 6763 6374 7577 7834 
3185 6072 2345 4416 5015 2208 7205 4824 1813 6708 6419 7744 5355 5104 791  7614 1145 616  5301 5300 1781 8028 2033 750  2263 1554 2515 2322 2779 3048 3017 3810 3241 3404 4065 4564 5133 5620 5973 6950 6969 8134 7923 4432 1611 230  4707 994  15   1778 939  2488 2157 3278 3513 3992 4971 4838 6085 5416 6537 5762 7111 2274 7555 4854 8035 6706 17   7570 521  52   1129 1852 1811 4204 2539 6796 3271 362  4007 1502 4789 2846 5569 4174 6343 5582 7177 7094 8009 
3168 875  4608 3625 5824 6235 3444 8255 5814 3871 660  91   3344 4095 6992 985  612  1315 2002 5589 770  1909 390  2167 1110 2419 1938 2629 2622 2929 3354 3131 4218 3379 4018 4605 5194 5529 6340 6507 7564 7485 1616 477  7792 3141 610  6543 1384 417  2146 1527 2824 2841 3656 4299 4402 5793 5162 6339 5626 6753 5882 7339 3558 7807 6126 8279 7126 241  7954 827  844  1483 3028 2161 5596 2879 8212 3631 914  4397 2126 5179 3466 5953 4874 6779 6382 7583 7838 
4025 5304 2185 4158 5035 2232 7345 4692 1825 6786 6713 1500 329  5456 7875 2816 1165 1116 1465 2744 6201 1750 2047 798  2279 1566 2513 2328 2807 3090 3031 3894 3235 4584 3503 4598 5151 5650 6021 6980 6981 8188 7953 4496 1629 238  4869 1010 21   1784 951  2504 2181 3286 3543 4010 4989 4856 6087 5410 6559 5770 6927 6010 7571 4866 8045 6712 19   7574 523  68   1151 1868 1823 4244 2543 6836 3299 382  4013 1514 4793 2854 5573 4178 6353 5594 7187 7114 8011 
3744 385  5328 3655 504  6305 3612 275  5772 4067 780  77   2220 581  7216 1575 5888 1345 2028 1655 3542 7011 3250 2173 1242 2429 1992 2623 2670 2933 3390 3133 4242 3383 4890 3649 5140 5523 6350 6513 7580 7503 1648 507  7856 3177 632  6597 1390 447  2152 1563 2830 2859 3658 4317 4430 5799 5174 6349 7404 6839 5902 7113 6142 7811 6186 8267 7138 251  7958 829  892  1487 3044 2179 5618 2887 8252 3637 922  4409 2138 5189 3482 5981 4882 6781 6406 7589 7846 
1925 5928 2255 4872 5125 2244 7285 4956 1975 6816 6727 1530 341  2820 817  3328 1155 1664 1517 3468 1795 4648 7803 4270 2291 1590 2519 2346 2813 3102 3043 3912 3247 4578 3523 5406 3799 5660 6063 7004 7059 8150 7959 4528 1719 248  4923 1016 27   1786 993  2506 2199 3298 3561 4024 5001 4858 6103 6036 6583 186  7115 6014 7251 6254 8047 6730 23   7576 541  76   1153 1916 1831 4252 2549 6884 3301 386  4019 1522 4799 2858 5581 4198 6359 5602 7193 7118 8017 
4896 805  5508 3685 7616 6355 3654 325  5856 4175 7584 133  2250 589  1540 3933 7936 2625 2176 1673 5436 1915 5432 2511 5330 2443 1998 2641 2706 2935 3486 3139 4266 3385 4902 3653 5754 3937 6368 6519 7588 7521 1712 531  7984 3231 638  6627 1394 453  2158 1569 2834 2901 3670 4341 4438 5847 5176 6371 7428 6835 1146 7327 6146 7509 6394 8031 7174 257  7962 839  908  1489 3076 2203 5636 2897 8276 3643 926  4421 2174 5197 3494 5987 4894 6791 6418 7591 7858 
2695 6264 2365 4914 5335 2394 7375 4884 2009 6936 6425 432  343  3180 799  5390 4563 1408 4515 3016 1793 8172 2005 5992 7857 6290 2537 2370 2831 3144 3035 4002 3263 4632 3493 5430 3791 6162 4045 7018 6987 8164 8043 4688 1737 250  5013 1022 33   1790 1011 2510 2217 3302 3579 4042 5007 4870 6107 6066 6587 174  7117 2298 7597 6262 7773 6754 29   7582 547  92   1163 1922 1847 4276 2551 6892 3307 394  4021 1538 4801 2866 5591 4222 6361 5606 7207 7142 8039 
5472 715  5376 3875 672  6409 3816 8155 5916 4325 7668 55   2544 611  2660 3393 8140 5103 2392 6405 3944 1919 462  2165 6808 231  7250 2651 2712 2941 3498 3143 4278 3397 5010 3661 5778 3941 6666 4171 7612 7539 1744 549  8048 3303 646  6651 1406 471  2162 1623 2872 2913 3674 4353 4454 5853 5198 6377 7542 6847 1158 7343 3594 7813 6410 8049 7178 263  7966 853  916  1493 3092 2207 5692 2903 16   3659 934  4423 2182 5209 3506 6007 4918 6793 6434 7603 7862 
4165 6696 2375 6006 5185 2484 7385 4576 2075 6762 6575 336  355  4698 803  6580 4617 2960 1827 3128 7665 4664 2041 888  2285 7552 759  7960 2827 3186 3053 3930 3269 4602 3521 5448 3805 6168 4055 6942 4291 8180 8007 4802 1773 266  5043 1030 39   1798 1041 2522 2229 3310 3603 4066 5079 4886 6109 6108 6589 222  7123 2334 7601 4926 8051 6758 41   7598 557  98   1171 1948 1861 4348 2557 6932 3313 398  4027 1546 4813 2878 5623 4226 6367 5638 7211 7162 8053 
5148 1015 5808 3895 756  6365 3828 175  6138 4205 7686 65   2754 623  3690 1003 5120 693  800  3549 3784 315  5504 2171 1254 2435 2704 1107 140  2951 3534 3149 4296 3403 5064 3665 5784 3949 6594 4169 7314 4387 1808 603  8144 3357 658  6687 1414 489  2168 1641 2882 2931 3682 4359 4456 5911 5046 6383 7572 6859 1182 7355 3606 7819 6198 25   7158 269  7970 857  932  1499 3148 2213 5708 2909 6    3671 958  4441 2186 5227 3518 6011 4934 6803 6442 7607 7886 
4655 6528 2405 5208 5135 2436 7429 4836 2023 6984 6725 528  365  4848 851  4770 1189 3440 1953 5780 6027 4712 1275 6104 2305 1608 2533 8030 1431 490  3047 3942 3265 4686 3505 5454 3809 6222 4061 6990 4303 7638 4501 4912 1791 286  5067 1034 51   1810 1047 2534 2253 3322 3639 4072 5091 4898 6115 6246 6595 246  7133 2382 7609 4938 8057 6738 31   7610 563  116  1181 1964 1867 4364 2579 6962 3319 422  4049 1574 4817 2894 5639 4258 6373 5666 7213 7166 8059 
6624 1045 5796 3835 924  6565 3906 425  5976 4361 7704 85   2832 629  3500 1027 6180 1351 1100 3717 920  6867 5434 2175 6952 2455 1974 2669 160  1653 1220 3151 4326 3401 5106 3667 5838 3953 6690 4181 7398 4385 8088 4601 100  3411 664  6759 1426 501  2198 1671 2914 2949 3686 4377 4462 5919 5206 6385 7578 6865 1194 7357 3642 7831 6234 49   7190 271  7976 859  956  1511 3188 2221 5716 2917 8    3673 974  4447 2194 5231 3554 6029 4946 6823 6458 7621 7894 
4235 7176 2465 6216 5375 2508 7565 5076 2107 7360 6811 624  371  2850 869  4980 1199 7950 1541 6050 6069 2440 8001 6136 3735 7546 2545 2418 2839 550  2163 2144 3277 4710 3551 5478 3811 6258 4063 7014 4295 7626 4511 1458 4709 290  5121 1048 57   1802 1059 2536 2271 3346 3651 4082 5097 4904 6117 5446 6593 258  7135 2406 7613 4962 8063 6766 37   7618 569  124  1187 1996 1871 4372 2591 6964 3323 446  4051 1594 4831 2902 5641 4262 6379 5674 7219 7186 8069 
6912 935  6804 3905 936  6265 3936 8239 5200 6237 2720 161  2430 649  3220 1037 6390 1357 300  1679 1160 6897 3320 2997 6902 5325 4624 2653 2838 2947 1340 2703 2812 3409 5190 3679 5790 3959 6726 4183 7446 4393 8070 4607 150  4781 670  6813 1432 519  2216 1689 2930 2973 3688 4413 4490 5917 5210 6387 5630 6881 1266 7361 3678 7835 6294 121  7198 277  7982 863  964  1523 3236 2237 5732 2927 10   3677 982  4451 2206 5233 3566 6037 4954 6827 6502 7639 7934 
5075 7296 2585 6426 5365 2574 7505 5088 2303 8000 7623 3800 391  2240 2223 6860 1219 8010 1529 3636 1799 2680 8037 4280 8181 7592 7275 3904 2815 3162 3071 2150 3171 3340 3563 5496 3817 6312 4069 7032 4309 7710 4529 60   4711 444  4883 1054 69   1816 1077 2542 2283 3352 3669 4090 5127 4906 6119 5464 6609 5786 7141 2454 7615 4974 8065 6774 43   7622 571  148  1193 2012 1873 4388 2593 6988 3329 454  4057 1618 4861 2906 5647 4274 6389 5686 7229 7214 8081 
6732 1085 5904 3965 1056 6307 3996 245  6144 4753 3040 3003 4960 8151 4060 3627 8260 1363 450  1687 5868 1921 3410 3321 5270 399  704  105  572  2965 3576 3161 2848 3633 3940 3683 5886 3961 6744 4187 7458 4399 8094 4609 204  4819 726  5017 1442 537  2222 1707 2936 2991 3704 4443 4498 5921 5052 6395 5654 6801 5912 7363 3702 7837 6306 169  7206 281  8018 877  1004 1531 3244 2239 5756 2939 14   3691 998  4457 2218 5237 3574 6043 5006 6829 6506 7643 7978 
5425 7656 2485 5832 5215 2664 7469 5112 2225 6996 6929 4000 3927 5920 2277 6650 4653 3280 1537 3708 1807 8244 2051 4360 441  6490 777  4288 795  1292 3065 4008 3281 3350 4077 4580 3827 6330 4087 7062 4307 7878 4531 72   4717 486  4891 996  5105 1826 1101 2546 2307 3358 3687 4094 5163 4910 6127 6252 6605 5798 6933 6026 7619 5034 8071 6770 47   7624 577  164  1201 2036 1877 4412 2609 7012 3331 458  4073 1622 4871 2918 5651 4282 6397 5702 7237 7226 8087 
7524 1105 6156 3745 1152 6335 3876 539  6318 4475 7788 119  4940 5313 6500 3663 1600 819  1280 1691 6012 1927 456  2177 5480 273  7310 1113 608  1677 1708 3155 4344 3419 3950 4611 5150 3973 6792 4189 7464 4405 8106 4619 228  4829 732  5027 1284 5177 2230 1713 2938 3027 3706 4449 4504 5933 5058 6401 7692 6887 5918 7131 6152 7849 6366 289  7202 283  7994 881  1028 1543 3284 2243 5788 2953 22   3697 1006 4463 2234 5261 3578 6047 5042 6833 6514 7649 8002 
5635 7992 2555 5952 5285 2652 7511 7410 2597 7008 6775 648  413  6200 5481 7520 7749 3760 2331 5900 1817 120  2059 858  2317 6520 783  7990 1407 580  2211 2204 3293 4674 3569 4588 5061 5668 4097 7074 4313 7944 4535 84   4727 492  4897 1014 5111 1668 5267 2570 2319 3368 3693 4102 5169 4922 6139 6276 6611 282  7145 6034 7269 6266 8077 6794 53   7634 587  172  1213 2084 1879 4418 2617 7036 3343 466  4079 1642 4877 2942 5653 4286 6421 5714 7243 7234 8089 
7776 1235 6192 3815 1188 6517 5610 1127 4400 4949 7848 95   2928 667  6760 6699 1040 1071 1300 3843 1240 1937 510  2183 1230 2449 7210 1131 200  1743 1420 2727 2842 3415 5214 3695 5216 5595 6364 4193 7482 4411 8142 4631 234  4835 738  5029 1308 5191 1962 5357 2954 3039 3730 4461 4514 5935 5094 6403 7716 6893 1338 7367 6154 7563 6430 8061 7222 293  8062 883  1052 1549 3292 2251 5804 2957 26   3701 1018 4481 2246 5273 3602 6053 5062 6841 6518 7669 8006 
5915 8184 2665 7104 5395 2784 7553 7480 7371 6400 7139 816  395  4816 2673 7400 8127 4240 2499 6700 6039 1610 2071 870  2321 1704 2561 8170 1443 620  2241 2180 3201 3424 3545 5502 3839 5728 6015 7052 4315 7998 4537 90   4739 516  4907 1062 5129 1734 5269 2358 5461 3370 3711 4118 5199 4936 6145 6282 6613 318  7147 2514 7627 6278 7779 6802 59   7654 593  188  1217 2092 1889 4436 2621 7108 3347 478  4091 1646 4889 2962 5657 4306 6427 5722 7247 7246 8093 
5184 1295 6768 3955 1224 6391 5130 637  6800 4851 3200 143  3078 635  6832 4059 1360 1197 2300 4263 1480 7029 3290 2189 1272 2453 2010 2681 220  1809 1450 2739 2828 3657 4046 3707 5910 3977 6412 6549 7636 4415 8154 4613 276  4837 774  5033 1314 5195 2004 5359 2748 5549 3736 4467 4526 5937 5222 6407 7758 6901 1362 7373 3714 7855 6446 8067 7256 307  8066 887  1058 1553 3308 2267 5812 2963 34   3709 1042 4483 2258 5279 3622 6067 5078 6857 6542 7673 8014 
6125 7722 2635 7872 5405 2952 7567 7830 2527 2080 2079 4600 403  4944 815  1792 4719 4720 2541 6100 6111 2470 8091 4370 2327 1674 2563 2424 2863 650  2247 2236 3165 3476 4089 4628 3829 6438 4103 7028 7005 8204 4541 96   4735 522  4913 1068 5123 1746 5287 2364 5465 3156 5627 4142 5223 4942 6155 6354 6617 354  7153 2526 7631 5118 8083 6806 61   7658 599  212  1223 2164 1901 4468 2633 7132 3359 482  4093 1654 4903 2966 5659 4322 6449 5758 7253 7262 8101 
7956 1435 7452 3995 1092 6479 6360 833  7500 5047 3400 3591 5060 679  6576 995  5684 5031 1700 4221 1430 6909 3230 3483 5510 2461 2058 2701 2862 2959 1460 2751 2852 3699 3980 4623 5252 3979 6810 4213 7648 7527 2032 4627 306  4841 804  5045 1356 5201 2034 5363 2796 5561 3438 5731 4552 5941 5172 6415 7764 6905 1374 7379 3786 7859 6378 361  7270 311  8072 907  1076 1559 3316 2269 5836 2969 38   3719 1046 4493 2302 5281 3646 6073 5086 6863 6598 7681 8026 
6475 7752 2765 8256 5555 2646 7657 7590 2891 900  7267 4640 5187 6380 871  7824 1195 896  5247 7100 6273 2530 7839 4510 1521 6680 2567 2472 2845 3198 3073 2260 3237 3460 4137 4636 5157 5746 4109 7134 4319 8224 8103 4976 4741 558  4915 1098 5131 1788 5293 2388 5473 3174 5629 3804 5803 4626 6157 6462 6623 366  7157 2586 7633 5142 8095 6818 67   7662 601  236  1229 2188 1907 4492 2647 7148 3361 502  4099 1658 4909 2974 5669 4358 6451 5774 7283 7274 8111 
2376 1495 7632 4015 1176 6625 3948 2873 7600 5243 990  217  5500 6279 6820 1043 684  1355 1736 5577 1330 7047 3430 3807 5530 429  7490 2743 2814 2981 3618 3173 2884 3723 4028 4665 5324 5649 6422 4195 7506 4417 2096 639  196  4843 846  5053 1422 5207 2076 5371 2826 5567 3474 5747 4236 5947 5196 6431 7794 6913 1398 7387 3846 7861 6414 529  7258 313  8074 911  1084 1567 3356 2273 5884 2971 46   3727 1082 4507 2306 5297 3662 6079 5098 6869 6602 7687 8038 
7105 1584 2755 6888 5605 2604 7535 5124 3887 360  7301 1650 427  6460 6993 7150 1207 1332 1535 2968 6171 2170 8109 4520 1089 6670 837  400  2867 3210 3077 4026 3287 3484 4155 4606 5073 5764 6129 7076 4333 7890 4553 5008 1899 296  4927 1164 5137 1812 5299 2466 5485 3222 5633 3972 5809 4668 6161 6492 6629 402  7165 2598 7637 5154 8105 6824 71   7674 607  242  1231 2228 1913 4516 2657 7156 3371 514  4111 1678 4919 2978 5683 4406 6469 5794 7297 7286 8117 
2808 1505 8112 4085 1248 6655 3822 475  5922 5819 1020 203  2460 671  5980 6783 880  1379 2124 1685 3752 7137 3560 4293 5560 357  7370 1161 260  2983 3624 3193 4374 3421 4064 4671 5260 5559 6524 6567 7660 4427 8130 4633 256  3447 682  5057 1494 5213 2148 5377 2868 5579 3516 5753 4302 5951 5268 6433 7836 6931 1446 7391 3858 7871 6454 8079 7282 317  8078 919  1108 1571 3362 2281 5924 2999 58   3733 1094 4513 2326 5303 3694 6089 5102 6871 6614 7691 8042 
7175 1872 2875 7854 5735 2898 7585 4998 2425 6916 7381 1710 469  3330 889  7540 8211 4880 1561 3852 1829 2030 8217 4690 2601 6710 861  2500 1479 740  3091 4074 3295 4728 3587 4660 5181 5782 6099 7060 7077 8236 4559 108  4747 310  5139 1070 5141 1818 5305 2502 5489 3228 5645 4014 5815 4734 6167 6564 6631 426  7169 2634 7651 5178 8119 6830 73   7678 613  244  1237 2252 1931 4604 2659 7204 3373 526  4127 1706 4931 2986 5689 4414 6473 5806 7307 7318 8123 
3432 1615 6468 4255 1368 6665 3978 575  5964 4525 7866 187  2580 689  3870 1057 1520 1323 1900 1703 6228 1957 3710 4779 5590 483  7640 1173 350  1749 1550 3197 4386 3427 5226 3713 5290 5673 6532 6531 7676 7545 2192 4645 294  4847 686  6849 1448 5219 2166 5383 2892 5585 3546 5755 4308 5959 5274 6437 7902 6937 1434 7397 3882 7891 6466 8097 7288 331  8086 929  1124 1579 3412 2287 5932 3001 62   3739 1114 4517 2342 5309 3722 6091 5114 6883 6626 7699 8054 
7525 2592 2795 7182 5665 2912 7625 5082 2525 6776 6845 912  451  4900 893  5070 1211 5000 2583 7220 1819 168  2077 4730 3249 6890 903  320  1551 820  2289 2272 3305 4746 3589 5538 3859 5792 6123 7136 7089 1024 8115 5072 4757 564  4939 1066 87   1832 5311 2532 5497 3252 5663 4044 5833 4764 6169 6606 6635 438  7171 2658 7655 5262 8129 6838 79   7682 617  268  1249 2276 1933 4612 2663 7244 3389 538  4129 1714 4933 2998 5693 4426 6481 5818 7309 7342 8147 
3456 1265 7308 4345 1404 6715 4056 725  6132 4775 7884 115  3216 697  3850 1073 6420 1387 2420 4473 1640 1943 546  2201 5750 513  7670 1221 340  1767 1580 2781 2888 3431 5334 3715 5874 3983 6550 6573 7688 7557 2224 657  484  4849 852  5063 1462 543  2242 5389 2934 5587 3582 5759 4338 5963 5316 6439 7908 6941 1506 7403 3918 7895 6472 8121 7294 337  8090 937  1132 1583 3428 2293 5948 3011 74   3761 1126 4519 2362 5323 3734 6101 5158 6899 6638 7703 8098 
7007 2448 2915 7224 5695 2904 7685 5096 2575 6944 6925 1134 415  5022 901  5310 1241 8220 1577 7300 6321 2750 2117 918  2353 6790 957  4544 1533 850  2301 2212 3243 3488 3595 5562 3841 6402 4117 7124 7101 80   8169 5296 2007 322  4955 1206 5143 1834 1119 2626 5509 3258 5671 4086 5837 4812 6179 6684 6641 474  7181 2694 7661 5286 8131 6842 83   7690 619  284  1259 2284 1949 4652 2671 7292 3391 542  4133 1718 4937 3022 5701 4442 6491 5834 7321 7346 8161 
7200 2717 7812 4355 1386 6695 4092 925  6174 4825 7904 125  2992 655  6642 1067 6450 1391 980  5661 1880 7119 3880 2191 1290 2479 7630 1209 380  1833 1660 2769 2890 3729 4108 3737 5970 3991 6798 4207 7684 7587 2384 711  676  3501 712  5065 1524 5221 2248 1731 2984 5597 3684 5761 4404 5965 5388 6443 7932 6943 1542 7405 3954 7897 6470 8133 7298 347  8104 941  1172 1597 3436 2297 5956 3019 82   3767 1138 4523 2374 5333 3742 6113 5182 6907 6646 7717 8102 
5929 8160 4147 7896 5681 2976 7705 5166 2645 6972 7025 1104 445  5136 835  252  1243 240  1591 7900 6327 2840 8253 4750 2323 1722 2573 4672 1491 860  2337 2254 3333 3550 4161 4676 3869 6342 4105 7194 4321 112  8205 5392 2043 328  5193 1096 5149 1854 5315 2648 2361 3374 5699 4122 5855 4842 6181 6714 6649 498  7183 2742 7663 5298 8137 6854 97   7698 631  292  1277 2308 1951 4684 2677 7324 3407 554  4139 1726 4943 3046 5711 4474 6521 5854 7331 7354 8167 
6480 2821 5520 5291 6720 6721 4116 605  6188 4805 7968 145  3408 685  6672 1055 768  1393 2178 1711 910  7191 3770 4941 5810 2483 2130 2723 460  1869 1690 2889 2924 3753 4114 4695 5332 3985 6834 4223 7512 4429 2416 747  1156 3573 710  6921 1474 5245 2172 5401 3002 3057 3766 5765 4476 5969 5484 6445 7974 6953 1578 7409 3966 7903 6488 8139 7306 349  8110 947  1228 1601 3452 2309 5972 3023 86   3769 1142 4547 2386 5347 3746 6121 5186 6911 6658 7723 8114 
8281 8280 3857 4140 5797 2520 7579 5244 2675 7038 7075 1232 437  5232 865  8016 1205 1452 1555 3924 1837 2590 891  4810 4761 6920 2569 2442 2869 940  2343 2312 3297 3572 4173 4756 5205 5828 4115 7242 4343 7986 4555 5552 2061 344  5283 1090 93   1846 5321 2676 5513 3382 3747 4154 5873 4878 6185 6756 6667 534  7195 2766 7679 5322 8135 6856 89   7718 641  316  1279 2348 1973 4724 2683 7388 3413 562  4153 1754 4951 3062 5717 4478 6529 5878 7333 7382 8171 
7920 3367 7440 4823 6900 6851 4200 2057 6272 4925 8004 155  3248 695  6966 1079 828  1385 2196 1717 6348 1963 3910 5427 5830 609  7720 2747 2886 2987 1748 2685 2948 3741 4148 4683 5344 5685 6556 4237 7518 4435 8178 4661 1444 3609 730  6957 1490 573  2264 5411 3006 5599 3782 4479 4558 5971 5526 6455 8076 6973 1614 7415 4038 7909 6478 8157 7322 353  8122 953  1244 1607 3508 2311 5996 3037 94   3779 1154 4549 2402 5351 3754 6131 5218 6917 6662 7727 8146 
1547 3600 3913 3300 5593 2970 8177 7980 4477 7068 7325 1392 473  5264 895  288  1247 1476 1565 4068 1835 216  2101 4930 6561 6970 897  5056 2855 3288 3085 2324 3345 3556 4215 4708 5211 5876 6135 7154 4331 8022 4573 126  4763 370  5337 1102 111  1864 1137 2630 5533 3324 5677 4168 5241 4952 6187 6822 6671 582  7199 2778 7697 5442 8141 6862 101  7730 643  332  1283 2372 1979 4748 2687 7442 3433 566  4157 1762 4957 3086 5737 4486 6547 5906 7349 7394 8179 
3960 3059 6960 4879 7260 6461 5640 2783 7280 5687 8136 185  3472 2145 7504 1081 6540 1397 2412 1727 6444 1939 552  2197 5890 621  7750 1239 736  2977 3738 3205 2996 3765 4172 4731 5348 5697 6566 6585 7708 4439 8274 4667 342  4853 742  7083 1498 579  2266 1761 3026 5603 3732 5767 4568 5961 5224 6457 8082 6979 1626 7421 4062 7913 6494 8187 7330 359  8126 967  1252 1609 3524 2333 6044 3041 106  3793 1174 4561 2426 5381 3758 6133 5234 6947 6686 7741 8158 
1729 8100 4081 3900 5719 3000 7667 8190 3971 7350 7943 1488 481  5488 3135 2548 1271 810  1589 4332 1841 264  2045 966  2329 7030 987  5312 885  1312 3095 4134 3337 3596 4191 4768 5217 5860 6141 7172 7107 176  4577 132  4765 636  4979 1106 123  1898 1149 2662 2391 3422 5707 4164 5891 4958 6159 5470 6677 606  7201 2802 7709 5466 8149 6872 103  7734 647  338  1289 2396 1987 4772 2689 7444 3449 586  4159 1766 4967 3098 5741 4502 6551 5914 7351 7402 8191 
4320 2431 7680 4807 7380 6643 6210 2299 2940 6137 840  209  5250 703  7888 4125 4732 1403 2556 1735 6498 1945 594  2195 1302 2491 7790 1269 644  1887 1804 3199 4422 3437 4150 4767 5350 5691 6572 6591 7712 7599 2512 4681 348  4855 876  5069 1510 591  2270 1779 3014 3063 3790 5771 4518 5977 5230 6393 5662 6989 1662 7423 4098 7915 6482 8193 7334 367  8138 971  1268 1613 3532 2339 6092 3049 118  3797 1186 4567 2434 5387 3778 6143 5242 6949 6694 7753 8182 
1001 2880 4123 4500 5621 3480 7733 1680 4693 6930 221  4830 493  420  913  3332 4785 728  1585 4572 1853 312  2095 984  2315 1752 2581 6208 915  1316 2235 2332 3317 4758 3611 4780 5253 6004 6153 7180 7221 208  8241 5584 4769 666  4963 1212 5161 1886 1167 2666 2427 3406 3777 4184 5893 4908 6191 5486 6621 5816 7217 2874 7711 5514 8143 6874 107  7736 653  356  1291 2404 1993 4804 2693 7468 3457 614  4177 1774 4969 3106 5743 4534 6553 5926 7369 7418 8209 
5400 2849 1440 4921 7650 6601 6630 3509 3150 6253 1890 319  2730 713  4020 1111 6076 5535 2072 1745 6516 1961 696  2215 1326 2471 2046 2705 748  1905 1862 2715 3052 3439 5238 3743 5380 5709 6596 6603 7742 7611 2608 801  2116 4859 948  5071 1572 5249 2278 1797 3032 3093 3794 4497 4570 5983 5532 6463 5672 6807 5930 7427 4146 7939 6522 841  7278 373  8152 977  1324 1619 3548 2341 6124 3061 122  3803 1198 4583 2446 5393 3802 6151 5266 6959 6718 7757 8186 
1309 7800 4301 4860 5863 3720 7777 8040 4901 6160 247  3570 517  630  899  5340 1261 952  6345 2926 1865 378  2105 1026 2335 1794 2603 2478 2881 1352 2265 2336 3363 3580 3599 5592 3883 5908 6177 7196 7185 272  8229 5648 2097 374  4985 1236 5155 1884 5317 2674 2433 3434 3831 4190 5259 4966 6193 6828 6683 5842 6999 6056 7715 5574 8153 6878 109  7738 659  388  1297 2428 1997 4852 2699 7484 3461 622  4201 1814 4973 3118 5749 4538 6563 5938 7393 7438 8219 
4680 3157 1800 4991 7740 6853 6750 847  960  6647 2310 377  6510 731  4230 1099 6570 1417 2296 7155 3968 1969 702  2219 1416 2489 2136 2735 2958 2993 1876 2829 2980 3783 4192 3749 6018 4031 6604 6645 7748 7635 2672 867  3364 3681 754  5089 1602 5255 2286 5429 3034 3099 3806 4533 4582 5979 5246 6467 8124 6995 5944 7143 6182 7957 6526 8223 7352 379  8166 983  1348 1621 3628 2347 6172 3067 134  3821 1202 4591 2458 5399 3814 6163 5294 6961 6722 7759 8198 
1463 4800 4199 4950 5831 3510 7843 720  2989 480  299  3990 533  1050 923  5490 1253 3750 1633 3094 7755 4522 2123 930  2359 1770 2587 2538 2885 3294 3097 2350 3399 3604 4179 4796 3845 6456 4135 7228 7239 368  8277 5744 2151 376  5391 1112 5165 1926 5327 2682 5515 3448 3837 4202 5277 4978 6189 5494 6697 618  7223 6062 7311 6286 7827 6886 113  7746 661  404  1301 2452 1999 4868 2707 7492 3463 626  4211 1822 4987 3134 5779 4546 6569 5942 7411 7454 8221 
5760 3289 7560 5083 1080 6919 5460 3179 4160 5341 1140 253  6090 737  4340 1121 6780 1411 2450 5841 3976 495  5474 2249 1410 2497 2190 2759 2982 2995 3666 3223 2950 3759 4220 4773 5356 3997 6858 4247 7756 7641 2768 873  3844 3771 776  7173 1526 5251 2292 5435 3012 5609 3818 4569 4610 5989 5254 6411 5678 7003 1686 7435 6184 7593 6530 8247 7358 383  8168 991  1388 1627 3644 2351 6196 3079 142  3823 1214 4597 2462 5407 3826 6173 5314 6967 6742 7789 8222 
1771 2160 4433 5040 6061 3360 8041 5670 4961 540  7399 1740 527  1120 2871 6370 1273 5680 5499 280  6417 4736 1305 6118 2363 1806 2599 2490 2893 3306 3101 4110 3341 3610 4209 4820 5271 6028 4121 7170 4351 464  729  5872 2169 406  5409 1118 141  1910 5339 2718 5539 3372 5713 4210 5331 4990 6207 5518 6639 5822 7231 2922 7721 6296 7851 6904 127  7766 673  412  1303 2468 2003 4892 2711 7508 3467 634  4217 1838 4993 3142 5783 4562 6571 5998 7417 7466 8231 
6120 3311 2400 5423 6300 7163 5880 3211 4410 6413 1170 259  2610 767  5180 4131 560  4959 3100 6003 1190 7227 5512 2655 6968 2495 2214 2761 2910 3013 3768 3227 4470 3443 4214 4833 5372 5727 6620 4249 7530 4453 2864 909  5476 3789 782  7281 1528 597  2282 5447 3084 5611 3756 5773 4616 5991 5258 6423 5690 6819 5954 7439 4206 7961 6538 8259 7390 389  8174 997  1396 1637 3676 2357 6212 3083 146  3833 1226 4603 2474 5413 3862 6197 5318 6971 6746 7793 8254 
2093 3240 4277 5580 6149 3780 1573 1260 5203 7840 8107 1860 497  3450 949  7420 4743 5360 2709 440  6903 2870 1377 6232 3975 7672 2605 2562 2899 3270 3103 4152 3349 4776 3601 4828 5235 5978 6183 7264 4367 8034 4571 5968 2259 410  5463 1130 129  1912 1191 2686 5543 3396 5723 4188 5899 4982 6209 5522 6663 5846 7017 6058 7729 5622 8159 6910 131  7768 677  428  1307 2476 2011 4916 2713 7516 3469 662  4219 1858 4999 3158 5791 4574 6577 6002 7433 7478 8233 
5280 3451 1980 5117 1920 7337 7140 3751 5600 3861 4760 407  2550 707  4260 1133 1840 1617 2900 4557 1720 7533 4040 5751 7106 5475 5776 2771 3030 3007 3774 3215 4482 3455 5352 3755 5396 5745 6644 6657 7772 4469 144  4685 6724 3879 790  7299 1534 633  2290 1803 3058 5615 3798 5777 4548 5993 5556 6485 5726 6843 5962 7149 6170 7967 6546 961  7302 397  8194 1009 1412 1657 3698 2371 6236 3089 158  3847 1234 4621 2498 5417 3866 6199 5326 6977 6778 7817 8258 
2261 2640 4403 5220 5957 4590 1859 2100 5239 4480 5643 3640 551  3540 917  5550 1267 5840 2793 520  6363 2920 567  5080 7569 7784 7335 5696 2911 3318 3107 4182 3353 4794 3629 5658 3865 6052 6213 7268 7257 304  4589 198  4771 418  5517 1162 159  1918 1203 2678 2463 3454 5729 4194 5905 4986 6227 6852 6707 5858 7023 6070 7323 6298 8173 6906 137  7782 683  436  1319 2524 2017 4924 2719 7556 3491 674  4229 1874 5003 3166 5801 4586 6581 6022 7451 7522 8237 
5940 3689 2340 5159 1560 6923 7080 3757 4620 6877 7000 5049 2800 779  4350 1139 7050 1441 3380 4599 1870 7353 4030 5913 5960 561  448  135  812  3005 3834 3233 4530 3487 5370 3763 5934 4009 6692 6681 7774 7689 2896 4687 372  4885 806  7389 1544 669  2294 1821 3064 3117 3830 5789 4596 5999 5598 6487 8196 7009 5966 7167 6190 7617 6554 1369 7338 401  8202 1013 1436 1663 3716 2377 6268 3109 166  3851 1238 4637 2518 5419 3898 6203 5342 6983 6782 7823 8266 
2639 4560 4543 5100 6083 4440 7889 8250 5491 7700 6669 6440 7293 1400 943  5820 1313 6320 2961 640  6489 2990 1539 4970 297  7070 969  6464 1005 1364 3127 4170 3377 4806 3641 5694 3893 6474 4141 7316 7263 496  45   6064 4777 708  4981 1166 177  1928 1227 2690 2469 3464 3849 4234 5909 5028 6233 6894 6731 642  7235 6086 7341 6302 7863 6946 139  7786 691  452  1321 2564 2027 4948 2729 7604 3499 694  4231 1882 5009 3194 5807 4594 6599 6038 7457 7534 8243 
6600 3731 2700 5369 2040 7049 5720 931  3520 5967 3080 1989 8120 8019 4550 1147 7110 1457 3700 4977 2090 7791 4070 6399 6040 627  7880 1281 836  1917 1780 3239 4494 3473 5358 3785 6024 4033 6846 4265 7828 7683 3056 927  7396 4867 954  5095 1558 681  2314 1839 3070 3147 3832 4593 4630 6001 5604 6493 8214 7031 1698 7441 6194 7629 6562 9    7366 409  8206 1019 1468 1667 3748 2381 6284 3119 178  3853 1262 4639 2554 5431 3902 6211 5354 6991 6814 7829 8278 
2737 6000 4459 5700 6097 4920 7847 1200 3283 1760 8073 5320 6831 1820 2907 8050 1331 6640 3087 680  6741 3160 1053 5110 351  7130 999  6592 1065 1372 2379 2356 3365 4818 3635 5736 3899 6486 4145 7266 4369 512  63   6128 2313 424  4997 1278 5173 1930 1257 2696 2481 3470 3867 4238 5349 4994 6239 6924 6739 654  7241 2946 7739 6310 7899 6974 149  7798 701  508  1327 2572 2029 4996 2731 7628 3511 698  4241 1894 5011 3202 5813 4618 6607 6046 7459 7538 8263 
6240 3553 3840 5467 2280 7021 7040 1183 5440 5733 3740 2691 3920 1683 5740 4257 2000 1449 4100 5229 2120 7581 4120 6723 6230 663  7810 1311 868  1947 1850 2847 3038 3497 5394 3781 6102 4037 6882 4267 7566 4471 3088 963  40   3897 808  5093 1644 5257 2318 1851 3074 3153 3838 4629 4634 5997 5272 6497 8226 7033 1758 7445 4254 7969 6568 1681 7374 419  8210 1021 1492 1669 3764 2383 6316 3121 194  3863 1282 4643 2558 5437 3946 6217 5366 6997 6826 7841 4    
2233 3120 4669 5850 6293 4290 7973 1620 3479 2200 2457 4180 3159 1960 3069 7820 7917 7120 3339 760  6579 3190 1863 5170 459  7160 1029 6848 1095 1376 2373 2516 3405 3616 3647 5730 3901 6504 4151 7230 4379 8046 4579 6224 2367 430  5553 1178 5183 1956 5345 2698 2487 3478 3873 4246 5361 5002 6243 5528 6743 678  7249 2994 7745 5646 8185 6918 151  7802 709  524  1361 2588 2039 5036 2741 7652 3517 706  4243 1906 5021 3214 5821 4622 6619 6074 7477 7558 8269 
6840 3619 3060 5453 1320 7259 6270 1421 6080 7497 3680 4641 5800 1287 5950 4329 2480 1701 4300 5439 2360 7659 4130 7209 6110 651  7930 1353 884  1965 1888 2865 3068 3801 4232 3787 6042 4039 6870 4279 7602 4499 324  4699 56   3951 814  7407 1570 5263 2316 5455 3082 3183 3842 4647 4642 6005 5282 6429 5710 7037 1842 7447 4314 7979 6558 1849 7386 421  8218 1031 1516 1693 3788 2389 6332 3137 202  3877 1286 4649 2566 5441 3958 6221 5374 7001 6866 7853 2    
2387 4080 4697 6660 6251 5160 8029 4050 3577 2600 3213 4840 5859 6560 3267 8200 3969 7760 3381 1000 6633 3010 2349 5240 189  7240 1023 6976 1185 1484 2355 2366 3417 3650 4233 4832 3935 6648 4163 7368 4381 8058 4595 156  4811 434  5547 1192 183  1946 5353 2724 5545 3502 3891 4294 5367 5014 6245 5542 6711 5864 7255 3018 7747 5682 8189 6978 157  7806 719  548  1367 2612 2053 5108 2749 7724 3527 718  4253 1934 5023 3218 5827 4666 6637 6082 7481 7586 8273 
7020 3773 3420 5551 2760 7189 7320 1519 7290 5537 2860 4347 4420 4389 6880 7161 2320 1911 4700 5607 2210 7821 4250 7203 6280 741  7910 1419 928  1971 1892 2895 3104 3813 4228 4755 5404 4043 6954 4285 7608 4487 192  4705 414  4873 824  7443 1562 687  2330 5459 3114 5617 3874 4659 4646 6009 5288 6459 5734 6861 5974 7463 4362 7981 6582 2209 7414 431  8230 1033 1532 1697 3812 2393 6388 3163 206  3881 1294 4651 2578 5443 3974 6229 5378 7013 6898 7867 1    
