6048 7865 3528 2755 7854 5395 2436 7705 4884 3125 6936 7075 336  395  3984 835  6966 1165 588  1405 3468 1727 168  1945 1218 2263 2214 2545 3288 2881 4344 3139 5502 3443 6834 3817 8094 4181 636  4535 2286 4873 4308 5267 6246 5587 7362 5833 8406 6013 36   6041 30   6071 102  6115 222  6167 426  6227 678  6731 2766 7183 5230 7617 6058 8097 6806 3    7678 491  64   1109 1724 1789 4076 2531 6652 3271 254  4013 1354 4799 2638 5591 4054 6367 5462 7213 7034 8069 
3575 3024 1265 1512 4085 792  6665 3808 845  5964 5275 7848 115  2128 635  5424 1055 8304 1285 1452 1565 6012 1835 696  2105 1704 2435 2706 2705 3894 3013 4890 3287 6162 3649 7464 4031 84   4343 1314 4709 3228 5095 5484 5459 6822 5729 7902 5951 4976 6023 24   6059 54   6107 138  6139 282  6187 582  6463 1662 6989 3954 7403 5690 7897 6410 8341 7270 223  8074 809  692  1459 2836 2143 5284 2861 8044 3631 778  4409 2018 5197 3326 6007 4762 6803 6242 7621 7754 
8064 7975 3276 2875 8008 5405 2464 5265 5152 3175 6944 7325 432  415  4144 865  6992 1189 612  1415 3492 1717 264  1985 1242 2279 2262 2567 3294 2885 4374 3143 5538 3437 6858 3829 8130 4183 666  4537 2292 4883 4338 5269 6252 5597 7404 5837 8412 6017 5476 6049 42   6077 78   6119 246  6169 438  6239 762  6739 2778 7195 5246 7629 6070 8119 6818 11   7662 499  12   1117 1732 1801 4084 2539 6668 3299 262  4019 1366 4801 2642 5623 4058 6373 5482 7219 7054 8081 
4675 4368 1595 2184 3995 924  6695 4256 6435 6496 8415 8288 125  2544 655  5488 8325 2156 1315 1476 1577 6228 1853 702  2155 1722 2449 2670 2723 3912 3017 4818 3293 6168 3653 7482 4009 108  4351 1356 4711 3252 5105 5526 5461 6828 5731 7908 5959 5008 4113 518  6065 66   6103 186  6155 354  6191 606  6467 1686 6995 3918 7405 5726 7899 6430 8347 7258 227  8078 811  716  1471 2876 2153 5308 2879 8068 3637 794  4421 2026 5209 3334 6011 4766 6823 6274 7639 7762 
6552 6875 4284 2915 7182 5695 2508 7955 6272 7425 7448 6885 1232 445  4592 6525 7504 2565 4732 1411 3636 1735 312  1969 1272 2285 2226 2561 3210 2893 4386 3149 5562 3455 6846 3839 8106 4187 708  4541 2316 4885 4404 5287 6276 5599 7428 5855 48   6019 6724 6627 994  6085 114  6127 258  6179 474  6245 786  6743 2802 7199 5254 7647 6086 8121 6824 5    7674 503  18   1123 1756 1811 4124 2543 6676 3301 274  4021 1382 4813 2654 5639 4078 6379 5498 7229 7058 8087 
5225 4536 1495 2688 4015 936  6685 3816 925  6188 4455 8372 3825 2576 5445 5936 1485 2548 2805 728  1585 6348 1865 714  2165 1752 2453 2712 2743 3810 3029 4902 3295 6222 3665 7506 4033 126  4367 1422 4717 3258 5111 5532 5465 6852 5747 7932 5963 5072 4149 506  129  1448 6109 174  6157 366  6193 618  6485 1698 7003 3966 7409 5710 7903 6446 8345 7278 229  8086 821  722  1481 2908 2161 5444 2887 8108 3643 802  4423 2038 5227 3338 6029 4778 6827 6326 7643 7778 
7056 8125 2772 2795 8232 5555 2652 7805 5076 3275 7072 7695 1456 2475 4816 6975 7888 3105 5684 4125 1736 1739 378  1991 1302 2291 2190 2563 3270 2899 4422 3151 5592 3473 6882 3841 8154 4189 732  4553 2358 4891 4476 5293 6282 5603 7542 5873 162  6031 7396 6651 1010 813  1918 6145 318  6181 498  6259 822  6749 2874 7201 5262 7663 6078 8131 6838 7    7682 509  20   1129 1772 1823 4132 2549 6772 3307 278  4027 1402 4817 2722 5641 4106 6389 5506 7237 7066 8089 
5525 3696 1615 6468 4255 1092 6655 3876 1025 5976 5537 8096 4275 3248 5175 6512 7875 3872 3375 896  4485 2968 1891 750  2159 1770 2443 2862 2747 3930 3031 5010 3317 6258 3667 7512 4037 150  4369 1494 4727 3324 5123 5556 5473 6894 5753 7974 5965 5296 4167 530  141  1462 1641 2378 6161 402  6209 642  6487 1758 7009 4038 7415 5718 7895 6454 8357 7282 233  8090 823  724  1483 2932 2179 5468 2897 8116 3659 818  4441 2042 5231 3386 6037 4786 6829 6334 7649 7814 
5544 4225 4704 2945 1008 5605 2604 8165 4998 3425 6984 7675 1904 2925 5104 6825 8272 2205 7436 3915 2072 5115 3944 2021 1230 2317 2322 2569 3306 2911 4470 3161 5658 3487 6870 3859 8142 4193 726  4555 2364 4897 4518 5299 6354 5609 7572 5891 1328 2043 40   6687 1016 831  1928 2481 2794 6185 534  6281 834  6751 2922 7217 5258 7679 6088 8129 6830 13   7690 521  28   1151 1796 1831 4156 2551 6788 3313 298  4049 1418 4831 2734 5647 4126 6397 5534 7243 7078 8093 
6175 5712 1625 1848 4355 1056 6715 3828 1075 5984 5575 7866 145  2992 4095 6256 2835 4864 1785 1672 4875 3128 6195 4712 2167 1794 2455 2838 2735 3942 3043 5064 3305 6312 3661 7530 4039 132  4379 1524 4735 3372 5129 5598 5485 6924 5755 8076 5969 5392 4203 536  159  1474 1671 2390 3327 3302 6233 654  6493 1842 7031 4062 7421 5734 7909 6466 8351 7288 239  8104 827  764  1487 2956 2203 5492 2903 8156 3671 838  4447 2062 5233 3394 6043 4798 6833 6338 7669 7822 
7392 1235 5292 3055 2268 5735 2574 7885 5082 3475 6972 7381 624  469  5168 3465 8432 8085 7936 2415 2552 5145 3968 7455 5512 2305 2328 2573 3318 2921 4482 3155 5694 3493 6942 3869 8178 4195 738  4559 2388 4907 4548 5305 6364 5611 7578 5893 1424 2061 56   6759 1022 843  1930 2487 2806 4317 3706 6283 894  6757 2946 7223 5272 7653 6106 8133 6842 17   7698 523  32   1153 1828 1847 4196 2557 6796 3319 302  4051 1438 4861 2746 5651 4138 6421 5554 7247 7082 8101 
7475 2016 1705 2856 4345 1152 6745 3906 1175 6132 5491 840  253  2850 707  6448 5775 5408 1155 1768 3885 3224 6405 4736 8295 6344 2461 2814 2759 4008 3035 5106 3337 6330 3683 7518 4043 198  4381 1572 4739 3396 5131 5604 5489 7002 5759 8082 5971 5552 4311 568  177  1490 1689 2398 3351 3310 5169 4168 6497 1866 7033 4098 7423 5738 7913 6470 8359 7294 241  8110 829  772  1489 2972 2207 5524 2909 8212 3673 842  4451 2066 5237 3398 6047 4822 6841 6362 7673 7834 
8316 7225 4788 3245 2352 5665 2646 8195 5088 3725 6996 8303 2730 473  4020 901  3328 3675 1664 2625 2392 5535 4136 7665 5576 1035 7192 2587 3336 2923 4494 3173 5730 3497 6954 3845 8274 4223 774  4571 2466 4913 4596 5311 6368 5615 7648 5899 1552 2097 70   6813 1030 849  1946 2517 2810 4341 3730 6159 4610 6767 2994 7231 5282 7671 6094 8137 6854 19   7718 541  44   1163 1844 1861 4204 2579 6836 3323 314  4057 1454 4871 2762 5653 4162 6427 5578 7253 7094 8111 
8075 7728 1885 3192 4495 1176 6785 3936 1445 6138 5675 7884 319  6440 731  1820 4437 5888 1995 2024 4305 3256 6555 4862 315  6392 2385 7832 2771 4002 3047 5190 3341 6342 3679 7602 4045 156  4385 1602 4741 3438 5137 5634 5497 7044 5761 8124 5977 5584 4383 574  183  1498 1707 2410 3369 3322 5199 4184 6459 4814 7037 4146 7427 5752 7915 6472 8367 7298 251  8122 839  788  1493 3004 2213 5596 2917 8252 3677 862  4457 2078 5261 3418 6053 4834 6857 6374 7681 7838 
4032 3025 5376 3145 7938 5785 2664 7945 5112 3703 7008 7693 2430 481  4900 3519 6860 5661 1144 3045 2584 5565 4216 7965 5624 1215 7238 3735 5776 2933 4530 3193 5736 3503 6990 3883 8322 4207 804  4573 2502 4915 4626 5315 6412 5617 7580 5909 1616 2151 88   6849 1034 879  1958 2559 2822 4353 3736 6189 4630 6639 4966 7235 5286 7697 6114 8135 6856 23   7730 547  50   1171 1852 1867 4244 2591 6884 3329 326  4073 1466 4877 2798 5657 4166 6449 5582 7283 7114 8117 
6325 6384 1955 4158 4465 1188 6755 3978 1325 6144 5687 1710 203  3180 713  3500 4563 700  6273 1976 4515 3496 6765 4522 495  6328 2325 7826 5085 4288 3053 5214 3349 6402 3713 7566 4055 204  4387 1644 4747 3474 5141 5706 5513 7060 7689 8224 603  5648 4419 584  201  1510 1713 2414 3387 3346 5223 4190 6483 4826 6891 5126 7435 5786 7939 6478 8371 7302 257  8126 853  796  1499 3028 2221 5618 2927 8276 3691 866  4463 2098 5273 3442 6067 4846 6863 6382 7687 7846 
7488 935  6804 3335 1344 5795 2784 8015 5244 3757 4410 8107 2460 497  4230 913  7420 5589 2450 7191 2728 5655 3976 7755 5474 1305 7208 4005 4624 7275 532  3197 5754 3505 7014 3865 8328 4213 846  4577 2532 4927 4668 5317 6462 5627 7660 8319 1648 2169 104  6921 1048 921  1970 2571 2824 4359 3766 6207 4634 6663 4978 7149 5288 7709 6126 8141 6862 29   7734 557  52   1181 1868 1871 4252 2593 6892 3331 334  4079 1478 4889 2818 5659 4174 6451 5594 7297 7118 8123 
6545 5184 2015 6216 4505 1248 6895 3996 1475 6174 5819 1890 299  3330 721  5070 1081 980  6171 280  8307 3304 7095 4984 585  6314 2535 7912 5325 4672 135  1204 3365 6438 3695 7608 4061 228  4393 1668 4757 3516 5143 5748 5509 7052 7701 8236 657  5744 4491 590  213  1526 1731 2422 3453 3352 5241 4202 6499 4838 6927 5128 7377 5762 7957 6488 8373 7306 263  8138 857  844  1511 3044 2237 5636 2939 8324 3697 878  4481 2102 5279 3446 6073 4874 6869 6406 7691 7858 
5616 7105 7752 3355 2496 5215 2904 8155 5256 3775 7068 8381 7700 527  4260 917  6060 1199 6076 7137 1610 5427 4088 7995 5656 1275 7304 3975 8464 7335 544  1065 1708 3523 7032 3893 8310 4247 852  4579 2676 4939 4734 5321 6422 7287 7676 8337 1712 2259 110  6957 1054 933  1978 2577 2830 4377 3782 6243 4642 6711 4982 7167 5302 7715 6142 8139 6872 31   7736 563  68   1187 1916 1873 4276 2609 6932 3343 346  4091 1486 4903 2846 5669 4178 6469 5602 7307 7142 8147 
7315 2808 1435 5328 3815 1224 6815 4056 1525 6204 5725 7968 377  2310 767  5340 1057 6780 1339 616  1053 3010 3249 4774 675  6424 2655 8216 5415 4544 105  1276 2355 2212 3707 7626 4063 234  4399 1734 4763 3546 5149 5764 6735 7076 7707 8284 639  5872 4527 598  219  1528 1761 2438 3459 3358 5259 4210 6503 4856 6933 5134 7401 5798 7941 6482 8383 7322 269  8152 859  892  1523 3076 2239 5692 2953 8332 3701 886  4483 2122 5281 3466 6079 4882 6871 6418 7699 7862 
7344 7175 7656 2555 3264 5285 2952 8215 5096 3925 7038 7775 528  533  420  923  6150 1207 240  1417 1750 5751 3910 741  5698 1395 7336 4335 448  7515 572  1095 1748 3009 1460 3899 8346 4237 876  4589 2682 4955 4764 5327 6532 7317 7684 8355 1744 2313 128  7083 1066 939  1990 2589 2834 4413 3790 6249 4646 6717 4990 7179 5306 7711 6130 8143 6874 37   7738 569  76   1193 1922 1877 4348 2617 6962 3347 358  4093 1502 4909 2854 5683 4198 6473 5606 7309 7162 8161 
5005 3456 1505 5508 3955 1368 6955 3948 1675 6318 5825 8004 155  2754 737  4060 1079 7050 1333 1692 1591 2990 6561 4690 897  6536 2745 8056 5475 5056 255  1274 2445 2236 3441 2650 4087 276  4405 1746 4765 3582 5155 5746 6771 7124 7719 8404 711  5968 4581 602  237  1534 1779 2456 3489 3368 5277 4234 6505 4858 6999 5138 7419 5770 7961 6522 8399 7330 271  8166 863  908  1531 3092 2243 5708 2957 8348 3709 898  4493 2126 5297 3482 6089 4894 6883 6434 7703 7886 
8208 7525 7722 2765 3648 5495 2976 8245 5124 3971 7098 7825 648  485  4272 943  6180 1211 810  1441 3708 1757 4030 561  5510 1221 7378 4365 704  7575 608  1185 1804 3021 1580 3801 3104 4249 948  4595 2718 4963 4812 5339 6524 7347 7708 8397 1808 2367 130  7173 1070 951  2006 2631 2872 4443 3794 6261 4654 6729 4994 7197 5338 7721 6152 8149 6878 41   7746 571  92   1201 1948 1879 4364 2621 6964 3359 362  4099 1514 4919 2858 5689 4222 6481 5638 7321 7166 8167 
7735 8448 1645 5808 4445 1404 6935 4004 1775 6324 5975 8052 185  2832 685  5994 1099 7110 1337 1548 1589 6444 1883 4750 987  6280 1551 8024 5715 5312 165  1292 2505 2254 3471 2740 4161 3550 4411 1788 4769 3684 5161 5766 5515 7136 7743 8308 747  6064 4689 610  249  1544 1797 2482 3513 3370 5331 4238 6509 4870 7017 5144 7431 5816 7967 6494 8391 7334 277  8168 877  916  1543 3148 2251 5716 2963 8356 3719 914  4507 2138 5303 3494 6091 4918 6899 6442 7717 7894 
6336 7595 7992 2905 4416 5705 3036 8375 5166 3887 7236 7925 816  505  4656 895  7152 1219 3750 1457 3852 1745 384  2041 5560 1239 6890 1743 832  7725 644  1245 1862 3051 1550 3819 3050 4509 3940 4601 2724 4979 4842 5345 6492 5629 7688 8421 2032 2421 136  7281 1090 993  2008 2643 2882 4449 3806 6267 4658 6753 5002 7233 5362 7729 6146 8153 6886 43   7766 577  98   1213 1964 1889 4372 2633 6988 3361 382  4111 1522 4931 2866 5693 4226 6491 5666 7331 7186 8171 
2275 2376 1715 5904 4565 1632 6965 4092 1805 6372 5887 8118 215  2928 695  6096 1111 7470 1343 1908 1603 6498 1895 744  2171 6290 1491 7370 2109 5696 195  1312 2595 2272 3477 2716 4173 3556 4899 4316 4777 3732 5165 5782 5533 7116 5765 8416 801  6128 4707 632  267  1558 1803 2486 3543 3374 5349 4246 6515 4886 7023 5146 7439 5802 7969 6530 8401 7338 281  8174 881  932  1549 3188 2267 5732 2969 8396 3727 922  4513 2174 5309 3506 6101 4934 6907 6458 7723 7934 
4752 8225 8184 3115 5568 5845 2964 8365 5346 3871 1020 7987 912  511  4698 905  7248 1241 180  1469 3924 1751 456  2005 1254 2323 6970 1833 8030 2289 736  1335 1876 3081 1660 3813 3124 4539 3950 5211 4708 4981 4878 5353 6550 5663 7692 5905 2096 2439 152  7299 1096 1011 2014 2649 2914 4461 3818 6289 906  6773 5014 7241 5298 7739 6154 8157 6904 47   7768 587  116  1217 1996 1901 4388 2647 7012 3371 386  4127 1538 4933 2878 5701 4258 6521 5674 7333 7214 8179 
2975 3432 1855 6156 4585 1656 6985 4128 1813 480  6223 1650 259  3450 749  6288 1115 252  1349 2124 1631 6516 1897 858  2173 1806 2479 7630 2133 6208 285  1316 2685 2312 3507 2756 4035 3572 4893 4324 5505 5054 5177 5792 6777 7172 5767 8196 5983 6224 4869 638  291  1562 1821 2488 3561 3382 5361 4298 6511 1878 7045 4206 7441 5826 7979 6526 8403 7352 283  8194 883  956  1553 3236 2269 5756 2971 8444 3733 926  4517 2182 5323 3518 6113 4946 6911 6502 7727 7978 
6864 4375 1584 3395 5832 5875 2898 8255 5412 4067 1140 8183 2550 517  4350 949  7536 1195 768  1465 4068 1763 270  2033 1290 2321 2346 2581 7930 2337 748  1455 1888 3129 1690 3993 3116 4521 3956 5235 4756 5835 5428 6465 6556 7329 7712 5911 2192 2493 154  7389 1102 1041 2054 2661 2930 4467 3830 6297 4670 6769 3018 7249 5322 7745 6182 8159 6910 53   7782 593  124  1223 2012 1907 4412 2657 7036 3373 394  4129 1546 4937 2894 5711 4262 6529 5686 7349 7226 8191 
3325 3672 2065 6192 4615 1386 7055 4116 1825 6396 6413 1740 287  3540 763  5310 1133 288  1345 2028 1639 6876 1903 870  2177 1830 2471 2886 2761 6464 345  1352 2715 2332 3537 2780 4179 3580 4917 4384 5511 5084 6135 5828 6837 7180 7761 8350 867  6352 4923 646  303  1570 1839 2494 3579 3406 5367 4294 6523 1902 7051 4254 7445 5822 7971 6538 8409 7358 293  8202 887  964  1559 3244 2273 5788 2999 8452 3739 934  4519 2186 5333 3554 6121 4954 6917 6506 7741 8002 
7128 1225 1872 3485 4928 5945 2912 8305 5382 4075 7254 2401 2580 551  4380 959  6390 1243 684  1477 4332 1765 408  2047 1326 2359 2370 2599 3354 2935 812  1515 1892 3111 1780 3939 3140 4551 3980 5217 4768 5817 5452 6477 6566 7359 7742 8439 2224 2523 170  7407 1106 1047 2056 2721 2936 4479 3832 6295 942  6787 3054 7255 5384 7737 6170 8173 6946 59   7786 599  148  1229 2036 1913 4418 2659 7108 3389 398  4133 1574 4943 2902 5717 4274 6547 5702 7351 7234 8209 
3185 4104 2035 3864 4625 1428 7015 4248 1975 6408 6025 8136 329  3630 779  5490 1121 7620 1351 2178 1643 6948 1909 798  2183 1896 2483 2910 2773 4026 3065 1364 2751 860  3531 2788 4191 3596 4947 4396 5529 5140 6141 5860 6789 7196 7797 8380 873  6416 5013 658  309  1576 1851 2504 3603 3422 5403 4318 6527 1986 7061 4314 7447 5842 7977 6554 8407 7366 307  8206 907  1004 1567 3284 2281 5804 3001 16   3761 958  4523 2194 5347 3566 6131 5006 6947 6514 7753 8006 
3168 455  2448 3445 5952 5885 3096 8239 5664 4175 7084 8275 1104 553  4650 973  6420 1247 300  1501 4572 1769 210  2059 1410 2327 2424 2603 3390 2929 4578 3205 1924 3171 1850 3999 3164 4587 4018 5253 4780 5829 5420 6501 6596 7365 7748 8451 2384 2529 182  7443 1112 1059 2074 2733 2938 4497 3838 6313 978  6797 3126 7261 5402 7763 6184 8185 6906 61   7798 601  164  1231 2084 1931 4436 2663 7132 3391 422  4139 1594 4951 2906 5737 4282 6551 5714 7369 7246 8219 
4025 4224 2135 6768 4715 1596 7085 4392 2009 6432 6137 8148 205  3078 781  5550 1139 7860 1357 2196 1649 7092 1919 888  2189 1938 2491 2958 2779 4110 3071 5226 3353 940  3567 2812 4065 3604 4953 4444 5523 5150 6153 5876 6855 7154 7809 8410 909  6544 5043 664  321  1582 1857 2506 3639 3434 5433 4310 6533 2022 7063 4362 7453 5846 7981 6546 8411 7374 311  8210 911  1028 1571 3292 2287 5812 3011 6    3767 974  4547 2206 5351 3574 6133 5042 6949 6518 7757 8014 
8424 595  2592 3515 5824 5995 3108 8395 5676 4205 7272 8405 1134 515  4848 979  6450 1253 450  1507 4716 1781 330  2051 1416 2315 2418 2605 3498 2941 4584 3199 5778 3521 1940 4011 3146 4605 4012 5271 4796 5883 5450 6507 6572 7383 7756 729  2416 2547 184  7461 1118 1077 2086 2757 2954 4533 3842 6319 1002 6799 3246 7265 5416 7747 6186 8189 6918 67   7802 607  172  1237 2092 1933 4468 2671 7148 3407 446  4153 1618 4957 2918 5741 4286 6553 5722 7393 7262 8221 
1925 4968 2125 4872 4895 1638 7205 4428 2023 6534 6253 8262 235  3216 745  6576 1141 7950 1363 2412 1651 7164 1921 930  2191 1914 2489 2982 2785 4074 3077 5238 3377 6456 3737 2848 4155 3616 4929 4448 5595 5092 6177 5908 6873 7228 7815 1024 927  6704 5067 670  327  1586 1893 2510 3651 3448 5469 4328 6535 2082 7067 4398 7463 5858 7985 6558 8413 7386 313  8218 919  1052 1579 3308 2293 5836 3019 8    3769 982  4549 2218 5381 3578 6143 5062 6959 6542 7759 8026 
3744 385  2736 3565 7104 6035 3132 8393 4160 4361 1350 77   1392 535  4944 955  7614 1261 828  1513 4932 1793 390  2071 1464 2329 2442 2615 3486 2951 4632 3215 5784 3545 7062 3901 3172 4611 4046 5289 4828 5889 5516 6495 6604 7413 7772 8445 2512 2637 190  7551 1130 1101 2104 2787 2984 4569 3854 6331 1038 6805 3138 7271 5410 7751 6194 8197 6974 71   7806 613  188  1249 2164 1949 4492 2677 7156 3413 454  4157 1622 4967 2942 5743 4306 6563 5758 7411 7274 8231 
2695 4992 2255 4914 4945 1716 7285 4446 2107 540  6419 1860 301  3344 755  6608 1135 396  1355 2556 1655 7596 1927 918  2195 1974 2495 3048 2813 4152 3073 5352 3379 6474 3715 7638 4097 3610 4983 4450 5649 5216 6183 5978 6915 7264 7833 176  963  6736 5121 682  381  1592 1923 2522 3669 3454 5493 4330 6539 2094 7073 4434 7471 5862 7991 6562 8417 7390 317  8230 929  1058 1583 3316 2297 5884 3023 10   3779 998  4561 2234 5387 3602 6151 5078 6961 6598 7789 8038 
4896 665  3312 3625 7616 6095 3234 425  5688 4477 1170 119  2610 559  5022 965  7824 1205 882  1517 5004 1795 462  2045 1482 2335 2472 2611 3534 2947 4602 3223 5790 3551 7074 3935 8358 4267 4028 5307 4820 5871 5536 6513 6644 7437 7774 45   2608 2763 230  7677 1162 1119 2110 2811 3002 4593 3874 6333 4696 6809 3282 7273 5442 7765 6198 8201 6978 73   7816 617  212  1259 2188 1951 4516 2683 7204 3433 458  4159 1642 4969 2962 5749 4322 6569 5774 7417 7286 8233 
4235 5304 2345 7452 4745 1824 7345 4312 2075 6588 6647 1950 341  6090 793  6642 1145 468  1385 2628 1661 8028 1915 966  2201 1992 2497 3030 2807 4134 3085 5334 3383 6486 3743 7878 4103 294  4415 4484 5559 5194 6213 6028 6939 7268 7845 112  981  6896 5139 686  339  1598 1929 2534 3687 3464 5541 4334 6537 4898 7081 4458 7465 5864 7997 6568 8441 7414 331  8234 937  1076 1597 3356 2309 5924 3037 14   3793 1006 4567 2246 5393 3622 6163 5086 6967 6602 7793 8042 
5472 805  3564 3535 7872 6055 3348 8455 5236 4325 7326 133  2820 583  630  989  7952 1255 972  1529 5202 1799 552  2077 1518 2353 2478 2623 3576 2959 4674 3233 5838 3569 7134 3937 8376 4265 954  4607 4832 5907 5540 6519 6620 7449 7828 75   2672 2799 232  7713 1166 1137 2114 2823 3014 4629 3878 6339 4706 6801 5018 7277 5446 7769 6190 8187 6986 79   7818 619  236  1277 2228 1973 4604 2687 7244 3449 466  4177 1646 4973 2966 5779 4358 6571 5794 7433 7318 8237 
4165 5016 2405 7632 4795 1836 7375 4452 2225 6612 6275 8268 343  3660 799  3850 4617 3332 1387 2844 1673 8172 1937 984  2197 1998 2501 3066 2815 4182 3091 5358 3385 6504 3749 7710 4069 306  4417 1812 4771 5260 6231 6004 6963 7276 7869 208  1017 6928 5193 710  393  1606 1941 2536 3693 3470 5583 4342 6541 4904 7041 5162 7493 5866 7989 6574 8453 7422 337  8238 941  1084 1601 3362 2311 5932 3041 22   3797 1018 4583 2258 5399 3646 6173 5098 6971 6614 7817 8054 
5148 875  3888 3605 8256 6215 3384 275  5418 4475 7332 8425 1488 581  4740 1003 8050 5841 6100 1537 5364 1807 510  2101 1554 2363 2490 2627 3618 2965 4728 3227 5874 3563 7170 3941 8382 4285 996  4609 2748 5017 5548 6531 6716 7467 7780 63   2768 2817 238  7731 1178 1149 2134 2841 3026 4647 3886 6341 1074 6817 5026 7251 5464 7771 6202 8193 6994 83   7842 631  242  1279 2252 1979 4612 2689 7292 3457 478  4201 1654 4987 2974 5783 4406 6577 5806 7451 7342 8243 
4655 4488 2185 8112 4865 1944 7385 4512 2425 6636 6425 8364 265  3408 791  5820 1147 1280 6069 1000 1679 8244 1939 1026 2215 2046 2507 3090 2827 4218 3095 5394 3397 6648 3763 7890 4109 342  4429 1818 4781 3756 5173 6052 6945 7316 7881 8420 1083 7024 5283 712  411  1630 1959 2542 3711 3478 5601 4346 6557 2118 7087 5174 7483 5870 7999 6584 8457 7426 347  8242 947  1108 1607 3412 2333 5948 3049 26   3803 1042 4591 2302 5407 3662 6197 5102 6977 6626 7823 8098 
6624 1015 4212 3655 2304 6205 3552 8435 5724 4525 7416 625  1536 545  5136 1007 6540 1267 6050 7119 2360 1817 570  2117 1608 2369 2538 2629 3624 2977 4686 3235 5886 3587 7194 3953 8418 4279 1014 4613 2796 4985 4908 5357 6692 7473 7850 99   2864 2853 248  7767 1192 1167 2146 2859 3032 4659 3890 6347 1086 6821 3342 7279 5466 7781 6206 8203 7006 89   7864 641  244  1283 2276 1987 4652 2693 7324 3461 482  4211 1658 4993 2978 5791 4414 6581 5818 7457 7346 8263 
5075 5928 2365 5208 5015 1932 7505 4524 2303 6688 6575 8436 295  3472 785  6656 1159 8010 1379 1160 8349 3094 1943 1032 2219 2010 2509 3144 2831 4170 3097 5406 3401 6594 3755 7944 4105 348  4427 1854 4811 3798 5183 5892 5539 7328 7887 80   1143 7088 5337 730  417  1634 1977 2546 3747 3490 5613 4354 6583 2202 7091 4506 7495 5882 8003 6582 8459 7430 349  8248 953  1124 1609 3428 2339 5956 3061 34   3821 1046 4597 2306 5413 3694 6199 5114 6983 6638 7829 8102 
6732 1085 4176 3685 1764 6235 3366 175  5742 4753 7548 35   1776 565  5232 985  8016 1271 1044 1541 2030 5913 4040 2119 1566 2413 2562 2641 3666 2981 4710 3239 5910 3589 7242 3949 144  4291 1062 4619 2826 4997 4986 5359 6564 5633 7844 117  2896 2883 250  7893 1208 1191 2152 2901 3034 4677 3896 6371 1146 6835 3378 7289 5486 7773 6214 8207 7010 97   7870 643  268  1289 2284 1993 4684 2699 7388 3463 502  4217 1678 4999 2986 5801 4426 6599 5834 7459 7354 8269 
5425 6072 2375 6426 5035 2142 7585 4554 2525 6708 6713 3072 305  3504 815  6672 1157 8220 1391 2988 1691 3160 4761 4930 2231 2058 2515 3102 2839 4242 3103 5370 3403 6666 3781 7998 4115 372  4435 1884 4819 3804 5191 5844 5543 7146 5771 272  1179 7184 5391 742  447  1670 1983 2570 3777 3502 5619 4366 6559 2154 7093 4542 7513 5894 8005 6586 9    7432 353  8264 967  1132 1613 3436 2341 5972 3067 38   3823 1082 4603 2326 5417 3722 6203 5158 6991 6646 7841 8114 
6912 1105 5796 3835 4356 6305 3402 325  5586 4775 7584 55   1968 589  5264 995  8176 1273 1116 1535 5436 1819 4070 483  5590 2407 2568 2653 3768 2987 4746 3247 5934 3595 7266 3959 324  4295 1068 4627 2868 5027 5028 5363 6606 5645 7716 5917 3056 2979 266  7929 1222 1203 2158 2913 3058 4701 3914 6349 1158 6839 3414 7291 5470 7779 6226 8213 7016 101  7874 647  284  1291 2308 1997 4724 2707 7442 3467 514  4219 1706 5003 2998 5807 4442 6607 5854 7477 7382 8273 
5635 6264 2585 6888 5135 2052 7535 4644 2575 6664 6725 8442 355  3584 6075 6832 1755 3388 1403 3042 1685 8388 1957 4810 957  6110 2513 3162 2845 4266 3107 5430 3409 6726 3785 7986 4117 444  4439 1926 4829 3972 5195 5958 5545 7188 5773 8214 5989 7312 5409 754  453  1688 2019 2626 3831 3512 5631 4376 6587 2238 7097 4566 7501 5912 8013 6590 49   7486 359  8270 971  1172 1619 3452 2347 5996 3079 46   3833 1094 4621 2342 5419 3734 6211 5182 6997 6658 7853 8146 
7524 1295 4464 3905 1296 6265 3588 245  5772 4805 7434 65   1782 611  5456 7605 1568 3315 7252 1555 5652 1829 546  2123 5530 1311 7160 2651 3738 2983 4776 3241 5970 3601 7314 3961 8430 4303 1098 4631 2892 5029 5046 5371 6684 5671 7758 5921 3088 3033 286  7947 1246 1227 2162 2931 3064 4713 3922 6377 1182 6847 3426 7295 5494 7783 6254 8223 7046 103  7882 653  292  1297 2348 1999 4748 2711 7444 3469 526  4229 1714 5009 3022 5813 4474 6619 5878 7481 7394 8287 
5915 6528 2485 1728 5125 2088 7565 4576 2527 6786 6775 7168 335  3726 817  7216 2295 3724 3795 952  1703 120  1961 1128 2227 6230 1581 7640 2867 4278 3101 5448 3419 6690 3787 8034 4141 414  4469 1956 4835 4014 5201 5988 5549 7212 5777 8226 5993 7408 5463 776  471  1702 2031 2630 3837 3514 5637 4378 6593 2274 7099 4614 7519 5898 8021 6610 121  7474 367  8282 977  1228 1621 3508 2351 6044 3083 58   3847 1114 4637 2362 5431 3742 6217 5186 7001 6662 7867 8158 
7776 715  4608 3745 6084 6335 3762 575  5856 4825 7476 85   2064 623  4770 1027 1792 2145 8036 3705 2296 1837 690  2147 1590 2419 7030 1869 8170 2993 4758 3265 6018 3611 7230 3973 192  4307 1164 4633 2934 5033 5052 5377 6714 5677 7764 5933 3152 3123 290  7983 1258 1257 2168 2949 3070 4737 3926 6385 1194 6859 3462 7303 5514 7787 6234 8227 7026 107  7898 659  316  1301 2372 2003 4772 2713 7468 3491 538  4231 1718 5011 3046 5821 4478 6637 5906 7487 7402 8291 
6125 6696 2465 2112 5185 2208 7625 4662 2645 6678 6845 576  365  3792 803  4340 4653 4508 3135 1288 4785 3416 1963 1110 2249 2130 2519 7670 2121 6592 3113 5454 3415 6744 3791 8022 4121 486  4453 1962 4837 4044 5207 6036 5561 7218 5789 8292 5999 7376 5517 782  489  1730 2049 2648 3849 3526 5667 4382 6589 2298 7111 4638 7531 5918 8023 6616 25   7494 373  8286 983  1244 1627 3524 2357 6092 3089 62   3851 1126 4639 2374 5437 3746 6221 5218 7013 6686 7873 8182 
7956 1045 7644 3875 504  6355 3612 475  5628 4693 7668 91   2256 629  1050 1037 8260 6039 8092 4185 2408 5865 4408 2149 1674 2429 2616 2669 8440 2301 340  3263 6042 3599 7368 3977 1458 4309 1206 4645 3006 5045 5058 5383 6728 5699 7794 5935 3184 3141 296  8163 1256 1263 2198 2973 3074 4749 3928 6387 4718 6865 3522 7313 5518 7795 6262 8247 7042 109  7906 661  332  1303 2396 2011 4804 2719 7484 3499 542  4241 1726 5021 3062 5827 4486 6653 5914 7489 7418 8293 
6475 7176 2635 6006 5365 2244 7685 4692 2675 6762 6925 2916 371  3690 851  4550 4743 1300 6327 1624 4845 3608 7035 4888 2245 2136 2533 3186 2863 6848 2451 460  3421 6792 3799 8046 4135 492  4471 2004 4841 4086 5213 6066 5567 7284 5803 8298 6001 7472 5547 790  501  1738 2073 2662 3867 3530 5703 4390 6609 4906 7115 4722 7543 5902 8027 6632 169  7496 379  8290 991  1252 1637 3532 2371 6124 3109 74   3853 1138 4643 2386 5441 3754 6229 5234 7019 6694 7877 8186 
8352 1375 7308 3895 672  6365 3444 605  5814 4901 7686 95   2106 649  1120 3663 560  6003 6700 7227 2632 5805 4264 8235 5642 2395 2622 2681 3774 2995 868  2679 580  3629 7398 3979 72   4313 1212 4661 3012 5053 5094 5389 6740 5707 7836 5941 3376 3177 310  8199 1270 1293 2216 2991 3082 4791 3934 6383 4726 6807 5038 7319 5522 7801 6266 8249 7048 113  7914 673  338  1307 2404 2017 4852 2729 7492 3511 554  4243 1754 5023 3086 5839 4502 6659 5926 7499 7438 8297 
7007 7296 2665 7224 5335 2232 7645 4824 2597 600  6877 3136 391  6510 869  5740 4719 1700 6111 1240 891  3458 7155 5032 825  6734 2537 3198 2855 4296 3127 490  2739 1060 3809 8058 4145 516  4487 2034 4843 4122 5219 6068 6951 7340 5809 8334 6005 7664 5553 806  519  1742 2103 2666 3873 3538 5721 4402 6595 4922 7053 5176 7509 5930 8031 6634 289  7498 383  8302 997  1268 1657 3548 2377 6172 3119 82   3863 1142 4649 2402 5443 3758 6247 5242 7027 6718 7879 8198 
7200 2431 7812 3965 756  6565 3654 775  5916 4949 1500 143  4480 667  1400 3159 8330 6201 7100 7353 2170 6399 4186 8265 5704 1425 7384 2701 3834 3005 4794 3277 620  3201 2020 3983 96   4315 1236 4667 3084 5057 5172 5401 6752 7479 7852 5947 3568 3231 322  8271 1298 1299 2222 3027 3110 4803 3938 6393 4738 6819 5030 7269 5528 7799 6278 8251 7064 127  7918 677  356  1319 2428 2027 4868 2731 7508 3517 562  4253 1762 5039 3098 5843 4534 6661 5938 7507 7454 8311 
5929 8280 4199 7896 5375 2394 7667 4956 2725 6816 6727 2070 403  7000 1287 5180 4797 1100 6321 1430 1377 3190 459  5192 525  6578 2775 8162 2869 4326 3131 5478 3427 950  3597 2852 4151 522  4499 2076 4847 4164 5221 6108 5579 7348 7911 368  1233 7792 5571 808  537  1778 2127 2674 3891 3544 5739 4394 6605 4936 7071 5198 7555 5944 8033 6618 361  7510 389  8312 1009 1324 1663 3628 2381 6196 3121 86   3877 1154 4651 2426 5449 3778 6257 5266 7039 6722 7883 8222 
6480 2821 1440 5423 864  6625 3822 725  5852 4925 7704 187  4830 671  1960 3393 4720 3549 7220 7533 2002 6723 4120 609  5848 1665 7462 4425 1088 3007 4806 3269 6024 3641 2050 4017 3196 4319 1278 4681 3114 5063 5196 5411 6756 5713 7868 153  3632 3303 328  8361 1304 1317 2230 3039 3112 4821 3962 6395 1266 6881 5048 7311 5542 7807 6286 8257 7086 131  7922 683  388  1321 2452 2029 4892 2741 7516 3527 566  4259 1766 5051 3106 5849 4538 6673 5942 7517 7466 8317 
8281 3600 4277 5580 6083 2484 7733 4836 2825 6776 6929 3990 407  8120 2223 5390 4959 2300 6363 1480 1539 3250 7569 5080 999  6622 3015 8246 5895 6976 3133 5496 3431 6810 3811 2828 4209 3620 4501 2148 4849 4188 5245 6112 5585 7356 5815 304  1251 7856 5679 814  543  1784 2157 2678 3903 3562 5793 4438 6611 2334 7117 5206 7563 5954 8035 6654 529  7526 397  8326 1013 1348 1667 3644 2383 6212 3137 94   3881 1174 4657 2434 5471 3802 6263 5294 7043 6742 7901 8254 
7920 3367 1800 5159 1080 6919 5460 2057 5922 4975 7788 221  5250 689  1540 3627 4880 3717 7300 7581 2440 7203 4250 621  5768 1725 7546 4545 1216 7785 836  3281 6102 3647 7446 3985 3212 4623 4064 4685 3156 5065 5268 5429 6748 5723 7876 147  3664 3357 344  8427 1310 1329 2242 3057 3122 4827 3970 6401 1338 6887 3558 7327 5546 7811 6294 8261 7090 137  7926 691  404  1327 2468 2039 4916 2749 7556 3529 586  4261 1774 5059 3118 5851 4546 6679 5998 7523 7478 8329 
1547 8100 4301 5220 6097 4920 7843 8190 3179 6916 7025 7744 437  7770 871  5950 5031 1900 6417 1640 567  3230 189  5170 969  6784 3075 8294 5925 7232 375  1372 3439 6798 3805 8088 4163 3626 4965 4532 4853 4194 5249 6116 6969 7364 7923 464  1341 7984 5769 824  573  1786 2181 2686 3909 3586 5799 4430 6613 2382 7123 4782 7571 5946 8045 6674 841  7528 401  8338 1019 1388 1669 3676 2389 6236 3163 106  3889 1186 4663 2446 5477 3814 6269 5314 7057 6746 7907 8258 
3960 3451 2340 5453 1320 7021 7320 2299 7280 6831 7904 4725 2288 697  1470 1067 5000 3843 7900 7659 2470 7209 4280 651  5750 1269 7552 4575 1472 8025 884  1545 1952 3635 7458 3991 60   4321 4108 5295 4844 5069 5274 5435 6764 7485 7924 171  3728 3411 370  8433 1334 1347 2248 3063 3130 4839 3982 6403 1362 6893 3594 7339 5558 7813 6296 8259 7096 139  7928 701  412  1361 2476 2053 4924 2753 7604 3533 614  4271 1814 5077 3134 5857 4562 6689 6002 7529 7522 8353 
1729 2880 4403 4950 6251 4290 7889 8320 5049 5600 8019 3536 5985 4048 893  6020 5247 2900 6489 1720 1863 3290 297  5240 1023 6520 1599 8344 6165 8128 435  1376 2769 2324 3827 8070 4169 558  4529 4556 5673 5252 5251 6148 6981 7372 7953 496  1359 8048 5787 826  579  1790 2199 2690 3921 3590 5847 4454 6617 2406 7133 4854 7597 5962 8047 6698 961  7554 409  8342 1021 1396 1693 3698 2393 6268 3167 118  3907 1198 4673 2458 5479 3826 6271 5318 7069 6778 7919 8266 
4320 3157 2400 5369 1920 7049 7040 7497 6080 3861 7840 1881 4784 5355 5632 3933 5360 4473 8228 7791 2680 7857 4130 627  5810 1353 7070 1887 1856 7935 968  1605 1972 3165 2516 3997 90   4331 1284 4687 4850 5901 5564 6549 6850 7491 7940 207  3824 3447 374  81   1336 1371 2264 3093 3154 4857 3992 6407 1374 6901 3606 7343 5570 7819 6298 8267 7102 149  7946 709  428  1367 2524 2063 4948 2767 7628 3539 622  4273 1822 5081 3142 5861 4574 6691 6022 7537 7534 8363 
1001 4800 4433 5100 6293 4590 8029 8360 7371 2720 5643 3640 1683 3952 6615 7568 2583 2420 6741 1870 2349 3320 351  4970 1107 6670 1593 7720 2139 8192 465  1484 2781 2336 3435 2888 4171 564  4511 2166 4859 5290 6291 6140 7059 7406 8007 512  1413 8144 5823 830  591  1798 2217 2696 3957 3592 5853 4456 6623 2454 7135 4866 7601 5966 8049 6682 1369 7562 419  8362 1031 1412 1697 3716 2399 6284 3169 122  3911 1202 4679 2462 5483 3862 6277 5326 7079 6782 7927 8278 
5400 3289 5040 5681 2040 7163 7080 833  7360 4851 4420 2277 5320 2673 6032 7245 2816 4221 8300 7839 2530 8181 4270 663  5830 1281 7130 1917 7990 2343 928  1635 1988 3219 2596 3615 3232 4333 1308 4699 3174 5071 5572 6591 6844 7503 7942 243  3856 3501 376  21   1342 1383 2266 3099 3170 4863 4010 6411 4744 6905 3642 7355 5574 7831 6302 8279 7122 151  7954 719  436  1373 2564 2069 4996 2777 7652 3541 626  4283 1838 5087 3158 5867 4586 6701 6038 7541 7538 8369 
1309 2160 4807 6720 6479 4200 8041 1200 2891 2600 4389 5800 7293 2800 2907 7696 1575 6292 6579 770  2511 3430 429  5110 1131 6490 1647 7750 2163 8384 555  1504 2829 1180 3621 2842 4215 3652 4531 2172 4855 4236 5255 6164 6987 7450 7959 592  1467 8336 5877 856  597  1802 2229 2698 3963 3598 5919 4462 6621 4942 7141 4926 7609 5974 8051 6702 1681 7570 421  8366 1033 1436 1699 3748 2411 6316 3181 134  3917 1214 4691 2474 5501 3866 6287 5342 7103 6814 7933 8306 
4680 3311 2700 5797 3360 7337 7980 1573 5440 7623 4600 4641 6560 8151 3220 4059 4352 945  1408 7803 2590 8343 4360 759  5890 1407 7240 1947 400  2373 988  1695 2044 3237 2060 4023 3268 4665 4114 4705 3222 5089 5316 5447 6908 7521 7964 261  4016 3573 406  15   1358 1389 2270 3117 3176 4881 4024 6415 4792 6843 5066 7357 5608 7827 6310 8299 7126 157  7958 727  452  1381 2572 2081 5036 2789 7724 3547 634  4289 1858 5099 3166 5869 4594 6703 6046 7547 7558 8377 
1463 3120 4543 5700 6409 5880 8177 5670 3211 3200 3003 5920 6699 7520 2871 6370 5301 7424 1365 2432 3321 3410 273  5248 1029 6680 1653 7880 2187 4096 615  1508 2865 2356 3633 2890 4239 3668 5037 4564 4867 4302 5257 6176 7005 7456 8043 656  1503 8368 5931 854  633  1810 2253 2702 3981 3614 5937 4498 6629 4910 7113 5210 7593 5986 8057 6712 1849 7574 431  8374 1039 1468 1709 3764 2417 6332 3187 142  3919 1226 4703 2498 5503 3898 6299 5354 7109 6826 7937 8314 
5760 3553 3840 5467 2280 7579 1680 1859 1260 4961 3800 5859 6460 8463 1360 4257 5680 4557 1496 3255 2944 441  4370 777  5896 1431 7210 1971 2500 2379 992  1905 2048 3243 2140 4047 3260 4671 4148 5319 4876 5093 5388 5455 6812 7539 8020 279  4112 3609 410  27   1370 1401 2278 3147 3178 4911 4042 6423 4790 6861 5074 7323 5614 7835 6306 8285 7158 163  7962 733  508  1399 2588 2083 5108 2791 7732 3557 662  4297 1874 5101 3194 5879 4618 6709 6074 7549 7586 8387 
1771 3240 4459 6660 6307 5130 8437 7140 3509 2940 7139 5980 7161 7820 1197 2480 2709 3380 6867 2176 4935 3712 231  5270 1113 6710 1677 7790 2193 140  2553 1612 2877 1210 3657 2884 4233 3650 5019 4460 5691 5332 5263 6244 7089 7460 8103 688  1557 100  5949 872  669  1816 2271 2710 4083 3634 5961 4490 6631 4952 7131 5222 7613 5982 8063 6706 2209 7576 433  8378 1049 1492 1721 3788 2423 6388 3191 146  3923 1234 4721 2518 5507 3902 6301 5366 7121 6866 7949 8318 
6120 3619 3060 5551 2760 7189 7830 2783 2100 5203 7350 209  6500 3969 880  1827 5840 4263 8450 7821 3016 6105 4472 783  5960 1443 7250 2013 320  2397 220  2667 650  3297 2150 4029 3296 4683 4150 5343 4964 5943 5566 6585 6956 7527 8032 333  4208 3681 418  39   1384 1437 2282 3153 3182 4971 4066 6429 4808 6879 5090 7341 5626 7837 6322 8301 7138 167  7966 739  524  1409 2612 2087 5116 2797 7796 3559 674  4327 1882 5107 3202 5881 4622 6719 6082 7559 7594 8389 
2093 4080 4669 7260 6461 5160 7777 1620 3751 3150 7267 3570 451  7540 1323 2560 2793 3100 6633 910  2997 3752 7125 5368 1161 6790 1749 7910 2211 160  2613 380  2889 1150 3699 2948 4245 3692 5061 4540 5697 5324 6285 6304 7077 7412 8115 752  1587 196  6057 874  681  1826 2283 2714 4101 3638 5979 4504 6635 4958 7143 5224 7615 6008 8061 6730 2809 7582 439  8386 1051 1516 1723 3812 2437 6404 3203 158  3929 1238 4723 2554 5519 3946 6311 5374 7127 6898 7951 8354 
5280 3731 1980 5593 2970 7259 7410 539  7290 5239 6930 247  4760 3069 1040 1953 6320 4599 520  8037 2618 6045 4424 8385 5992 1419 7490 2001 1984 2403 350  2697 740  3333 2180 4053 3404 4695 4192 5373 4972 5955 5588 6573 6868 7545 8084 363  4304 3771 424  33   1378 1461 2290 3183 3206 4989 4072 6431 1398 6913 5122 7361 5622 7849 6376 8309 7174 173  7970 743  548  1423 2636 2089 5132 2801 7804 3571 694  4337 1894 5113 3214 5897 4666 6733 6098 7561 7606 8419 
2261 2640 4823 6900 6517 5640 7931 4050 2989 660  7943 6160 8073 3920 3267 2960 2961 3700 6897 1190 3483 3542 7215 5336 765  6808 1767 7810 2241 200  2607 500  2847 1220 3723 2950 4251 3772 5055 4588 5685 5344 6315 6308 7101 7502 8169 848  1611 256  6093 890  687  1834 2307 2726 4119 3656 5991 4514 6641 2514 7145 4938 7619 5990 8067 6754 3481 7598 443  8390 1061 1532 1733 3868 2441 6428 3209 166  3931 1262 4729 2558 5521 3958 6317 5378 7129 6914 7963 8402 
5940 3689 3300 5719 1560 7429 8040 847  8000 5047 1380 323  3080 1989 2660 4131 6640 4977 640  8091 2744 6345 4466 2025 6016 1815 7544 2037 2368 2409 260  2703 820  3363 2260 4077 3340 4731 4172 5379 4988 5973 5612 6567 6940 7587 8132 369  4336 3789 430  51   1390 1473 2294 3189 3208 5001 4082 6433 1434 6937 3678 7363 5630 7851 6346 8315 7178 179  7976 751  556  1427 2644 2099 5156 2803 7892 3581 698  4339 1906 5119 3218 5903 4678 6737 6122 7573 7642 8423 
2639 4560 4879 5850 6391 6360 8099 6800 6237 3040 6811 2220 493  2240 2691 6580 5577 4100 6903 1064 4995 3784 7905 5278 855  6902 3195 8296 6225 224  2619 550  2919 1340 3741 2980 4323 3796 5073 4580 5709 5348 6351 6220 7107 7514 8205 944  1629 484  6147 902  699  1832 2319 2758 4143 3658 5997 4526 6649 2526 7147 4962 7627 6010 8071 6738 3721 7610 449  8392 1063 1556 1741 3884 2447 6436 3217 178  3943 1282 4733 2566 5527 3974 6323 5386 7151 6922 7993 8422 
6600 3913 3420 5621 3000 7469 8370 931  6400 2079 4640 161  2790 703  2380 4329 7120 5229 440  8109 2926 6375 4648 5625 6104 1845 7592 4635 2624 8055 1012 2727 850  3399 2350 4071 3350 4767 4220 5397 5020 6021 5620 6603 6950 7557 8134 387  4432 3879 434  57   1394 1497 2314 3207 3262 5007 4090 6437 1446 6931 3702 7367 5646 7859 6366 8321 7190 181  7982 757  578  1429 2692 2111 5164 2819 7916 3583 706  4349 1934 5147 3226 5923 4682 6761 6134 7577 7646 8429 
2737 6000 4697 7380 6643 6210 7973 4400 5733 3400 5187 5500 413  3870 899  6650 5499 4300 6909 2090 3807 3848 7395 5432 975  6952 3225 8398 6255 308  645  1564 2937 1420 3729 2924 4371 3718 5133 4598 5727 5350 6303 6250 7221 7532 8229 976  1719 676  6219 904  717  1846 2361 2770 4197 3670 6009 4552 6667 2586 7153 4974 7631 6014 8065 6758 4489 7618 457  8394 1069 1588 1747 3908 2459 6452 3221 194  3947 1286 4751 2578 5531 3986 6329 5398 7159 6926 8009 8434 
6240 3773 3900 5831 3480 7553 6270 1127 1760 2457 3740 6279 6820 679  4980 1073 7760 5439 680  8001 2750 2601 4664 3645 6118 1935 7672 4815 2752 8145 1036 1965 2108 3423 2540 4089 3424 4755 4214 5385 5012 6063 5644 6657 6980 7599 8150 423  4496 3897 442  69   1406 1509 2318 3261 3266 5079 4094 6439 1506 6941 3714 7373 5654 7855 6378 8327 7198 191  7994 761  596  1433 2708 2113 5188 2833 7948 3593 718  4357 1942 5153 3238 5927 4694 6763 6158 7583 7666 8431 
2233 5520 4921 7740 6601 5610 8323 5200 3213 3680 5481 4180 7749 8060 889  6030 1169 4700 7011 1880 4293 3560 357  5434 1125 6968 3285 8456 6675 352  705  1628 2895 2444 3753 2996 4395 3836 5109 4606 5745 5356 6369 6260 7239 7550 8241 1136 1737 1156 6309 938  723  1864 2391 2774 4227 3674 6033 4558 6671 2598 7157 5034 7633 6026 8077 6766 5041 7622 461  8408 1087 1604 1753 3932 2467 6476 3229 202  3967 1294 4759 2582 5557 3994 6337 5414 7177 6934 8011 8438 
6840 4081 4140 5863 3720 7511 7480 8379 2080 3927 4940 6993 6760 5103 1520 1043 6570 1313 8428 8217 2840 1089 4520 837  6136 2115 7714 4905 3008 8175 1078 2055 2068 3345 2656 3765 3476 4773 4228 5421 5024 6015 5668 6681 6958 7611 8164 477  4528 3951 470  87   1414 1527 2330 3273 3272 5091 4102 6443 1542 6943 3786 7379 5662 7861 6386 8331 7202 193  8018 769  604  1439 2732 2129 5204 2837 7972 3607 734  4363 1954 5167 3242 5939 4702 6779 6166 7589 7694 8443 
2387 6960 5117 8460 6853 6630 8113 3520 3591 4000 5313 6200 8127 8140 1449 3280 1177 8340 1397 1330 4779 3710 513  5330 1173 7112 3525 784  6705 364  795  1652 2943 2366 3495 3038 4401 3820 5151 4636 5763 5396 6447 6340 7257 7564 8283 1072 1773 1444 6381 946  753  1886 2427 2776 4269 3682 6051 4568 6677 2634 7165 5118 7637 6054 8083 6770 5329 7624 463  8414 1091 1636 1759 3964 2473 6484 3251 206  3989 1306 4783 2594 5563 3998 6343 5422 7187 6938 8017 8458 
7020 4123 4500 5957 3510 7567 8250 1183 2200 4347 4960 5967 7400 819  2000 2331 8080 1331 1332 1633 2870 1521 4510 903  6040 1479 7784 5025 3392 405  1148 2085 2132 3405 2668 3855 3484 4809 4232 5457 5044 6129 5650 6693 7004 7635 8188 507  4688 3987 472  93   1432 1563 2338 3279 3278 5097 4118 6445 1578 6953 3846 7387 5672 7871 6394 8333 7206 197  8062 773  628  1447 2738 2131 5212 2843 7988 3613 746  4373 1966 5171 3254 5953 4714 6781 6178 7591 7702 8447 
2849 7680 4991 7650 6923 5720 8449 7500 3283 2860 6783 5060 7917 8200 1617 3440 3087 5300 1393 3204 1711 3880 399  5480 1209 6920 1809 1936 6795 392  885  1666 2955 2492 3585 3052 4503 3860 5157 4628 5757 5372 6357 6350 7263 7588 8289 1168 1791 2116 6471 962  771  1898 2433 2782 4281 3686 6081 4582 6683 2658 7169 5142 7651 6056 8079 6794 6889 7634 467  8426 1093 1676 1777 3988 2477 6508 3253 214  4001 1318 4787 2602 5569 4006 6353 5426 7193 6982 8039 8462 
7800 3857 4860 6061 4440 7847 7590 1421 900  5243 4840 6669 6880 693  1840 2499 8240 5607 760  1561 5868 1841 4730 861  6248 1533 7310 2067 3776 1875 1184 2235 2144 3429 2684 3945 3488 4833 4268 5451 5068 6099 5660 6747 7018 7641 8180 531  4802 4041 488  123  1426 1569 2344 3291 3286 5127 4142 6455 1614 6973 3858 7391 5678 7863 6398 8335 7222 199  8066 787  652  1451 2764 2137 5228 2851 7996 3617 758  4391 1982 5179 3274 5981 4742 6791 6218 7603 7706 8461 
3059 7440 5083 6300 6721 6750 637  7600 3479 780  7301 6380 8211 5120 1701 3760 3339 5780 7029 2120 1687 216  1967 5504 735  7106 1659 7960 2247 416  915  1694 2967 1450 3759 3068 4431 3916 5205 4676 5781 5380 6441 6356 7185 7612 8277 1250 1899 3364 6543 970  789  1910 2463 2786 4287 3688 6087 4616 6697 2694 7171 5154 7655 6034 8095 6774 6241 7654 479  8446 1097 1682 1783 4036 2503 6548 3257 218  4003 1322 4789 2606 5573 4022 6359 5438 7207 6998 8053 4    
8160 4147 8400 6149 3780 7657 720  1519 360  5341 1530 217  7150 1071 2320 2541 800  6027 920  8253 2920 1843 594  2095 6232 2175 7808 2091 3904 225  1196 2265 2204 3417 2620 4137 3460 4887 4292 5487 5050 6123 5728 6645 7028 7683 8204 549  4912 4107 494  111  1442 1623 2354 3309 3298 5163 4154 6457 1626 6979 3882 7397 5682 7891 6414 8339 7256 211  8072 797  668  1453 2804 2141 5276 2857 8012 3623 766  4397 1994 5189 3314 5987 4754 6793 6238 7607 7726 1    
2717 7560 5291 2520 6851 4620 2873 960  3577 990  7399 2250 427  1600 1911 4240 3381 5900 7047 2210 4941 3770 1981 1122 2257 7144 3555 2704 7065 476  1005 1696 2985 2528 3783 3020 4407 3892 5181 4660 5811 5404 6453 6358 7305 7636 8313 1264 2007 3844 6597 986  807  1912 2469 2792 4299 3704 6117 4570 6707 2742 7181 5178 7661 6062 8105 6802 7921 7658 487  8454 1103 1684 1787 4052 2521 6628 3259 226  4007 1346 4793 2614 5581 4034 6361 5458 7211 7022 8059 2    
