5544 8125 2772 3145 7938 5875 2912 7425 6188 2475 7904 3465 5168 4095 5632 8505 4352 1155 1768 6195 3608 315  4408 2325 6016 5475 8024 375  392  2967 1876 4245 3404 5757 4850 7221 6412 8643 7852 3141 3184 7461 184  849  1054 2427 1918 3273 2482 3693 2758 4269 3064 4647 3368 5091 3638 5601 3886 6033 4184 6537 4462 7041 5122 7633 5930 8097 6634 8553 7526 257  8338 857  844  1523 3076 2243 5708 2963 8356 3727 842  4517 2078 5333 3442 6131 4874 6949 6418 7759 7886 
5525 3696 1625 3192 4615 1386 6715 4256 4455 6664 5175 3952 4725 4048 6825 7568 3675 7936 3885 2728 7665 3968 735  5248 3735 7106 7785 1088 1905 1292 3729 2656 5055 4114 6507 5572 7815 7228 1341 304  5337 7088 237  638  1641 1498 3077 2282 3489 2630 3909 2882 4443 3208 4839 3512 5349 3782 5799 4010 6267 4342 6807 4726 7379 5514 7871 6278 8341 7090 23   7926 557  52   1187 1916 1877 4348 2621 6964 3361 302  4127 1454 4937 2798 5717 4174 6551 5602 7393 7162 8231 
6048 4225 4284 3245 1344 5945 2964 7955 6272 6435 8288 6975 2288 5985 6256 2835 4864 2415 1976 6405 3712 495  4472 2385 6104 5715 8056 435  476  2985 1888 4323 3424 5781 4876 7239 6524 729  7868 3177 3376 7551 190  879  1066 2433 1928 3279 2486 3711 2770 4281 3070 4659 3370 5097 3656 5613 3890 6051 4190 6609 4490 7053 5126 7637 5944 8095 6654 8561 7528 263  8342 859  892  1531 3092 2251 5716 2969 8396 3733 862  4519 2098 5347 3446 6133 4882 6959 6434 7789 7894 
3575 4536 1595 2184 4625 1638 6785 4004 6885 6944 3825 7744 5355 5104 7875 7888 8085 1664 4305 2944 7965 3094 1305 5368 3975 7144 7935 1216 1965 1312 3633 2650 5073 4148 6495 5612 7845 7264 1251 368  5391 7184 249  646  1671 1510 3091 2290 3513 2648 3921 2914 4449 3262 4857 3514 5361 3790 5847 4024 6297 4346 6819 4738 7387 5528 7891 6286 8339 7086 29   7928 563  68   1193 1922 1879 4364 2633 6988 3371 314  4129 1466 4943 2818 5737 4178 6553 5606 7411 7166 8233 
8064 8525 4788 3335 8624 6035 3234 7885 6496 8415 8372 8325 3344 6615 6448 5775 5408 1995 2024 7035 3784 675  4424 2535 6118 5895 8162 465  532  3009 1892 4371 3340 5811 4964 7257 6422 45   7876 3231 3568 7677 230  921  1070 2463 1930 3291 2488 3747 2774 4287 3074 4677 3374 5127 3658 5619 3896 6081 4202 6621 4498 7071 5128 7647 5962 8105 6674 8567 7554 269  8362 863  908  1543 3148 2267 5732 2971 8444 3739 866  4523 2102 5351 3466 6143 4894 6961 6442 7793 7934 
4675 4368 1705 2856 4715 1716 6815 4312 5265 7448 5445 1456 3105 5456 7245 8432 945  8228 4515 3016 8235 2926 1275 5336 4005 7192 8025 1472 2055 1316 3723 2668 5109 4150 6501 5620 7833 7268 1359 464  5409 7312 267  658  1689 1526 3093 2294 3543 2662 3957 2930 4461 3266 4863 3526 5367 3794 5853 4042 6333 4354 6843 4744 7391 5542 7895 6294 8345 7096 31   7946 569  76   1201 1948 1889 4372 2647 7012 3373 326  4133 1478 4951 2846 5741 4198 6563 5638 7417 7186 8237 
6552 6875 5292 3355 5824 6095 3348 8165 5236 2925 7168 1485 3248 3315 6512 1575 5888 2625 2176 7095 1624 585  4466 2655 6232 5925 8246 555  544  3021 1924 4395 3476 5763 4988 7263 6532 63   7940 3303 3632 7713 232  933  1090 2469 1946 3295 2494 3777 2776 4299 3082 4701 3382 5163 3670 5631 3914 6087 4210 6639 4504 7113 5134 7651 5946 8119 6682 8571 7562 271  8366 877  916  1549 3188 2269 5756 2999 8452 3761 878  4547 2122 5381 3482 6151 4918 6967 6458 7817 7978 
5225 5712 1885 3864 4895 1824 6685 4392 575  6688 6075 1904 1755 3584 3705 8272 1365 1408 4935 3128 7995 3304 1395 5278 4335 7238 8055 1856 2085 1352 3741 2684 5151 4192 6513 5588 7869 7276 1413 496  5463 7376 291  664  1707 1528 3085 4728 3563 2666 3963 2936 4467 3272 4881 3530 5403 3806 5919 4066 6339 4366 6861 4790 7397 5546 7897 6296 8347 7102 37   7954 571  92   1213 1964 1901 4388 2657 7036 3389 334  4139 1486 4957 2854 5743 4222 6569 5666 7433 7214 8243 
8568 3025 5376 3445 7104 5705 3036 7805 5346 2525 8096 7605 2576 2145 5488 4485 7424 3255 2392 7125 2072 765  4648 2745 6136 6165 8216 615  572  3051 1940 4401 3350 5817 4972 7287 6550 99   7924 3357 3664 7731 238  939  1096 2481 1958 3305 5538 3829 2782 4307 3110 4713 3406 5169 3674 5637 3922 6117 4234 6663 4514 7131 5138 7653 5954 8121 6706 8579 7570 277  8374 881  932  1553 3236 2273 5788 3001 8516 3767 886  4549 2126 5387 3494 6163 4934 6971 6502 7823 8002 
6175 7728 2015 4158 4745 1836 6755 4428 175  6204 4775 1232 2565 4144 3795 7504 4875 1496 5145 3224 8265 3416 1425 5432 4545 7208 8145 1984 2235 1364 3753 2716 5157 4220 6519 5644 7881 7316 1467 512  5517 7408 303  670  1713 1534 3095 4746 3587 6504 4063 8310 4541 3278 4911 3538 5433 3818 5937 4072 6387 4376 6879 4792 7401 5558 7899 6298 8357 7122 41   7958 577  98   1217 1996 1907 4412 2659 7108 3391 346  4153 1502 4967 2858 5749 4226 6571 5674 7451 7226 8263 
7392 7225 5796 3485 4928 6235 3366 7945 5244 2575 7098 6725 2992 3375 5936 4785 1792 5805 2432 7155 2002 855  4664 2775 6248 6225 8294 645  608  3081 1952 4407 3460 5829 5012 7305 6556 75   7942 3411 3728 7767 248  951  1102 2487 1978 3293 5562 3827 7458 4309 276  4765 3422 5199 3682 5667 3926 6159 4238 6697 4526 7143 5144 7655 5966 8129 6698 8587 7574 281  8378 883  956  1559 3244 2281 5804 3011 8524 3769 898  4561 2138 5393 3506 6173 4946 6977 6506 7829 8006 
7475 6384 2035 4872 4945 1944 6895 4446 245  6324 4825 8118 8425 4592 3915 7952 5115 4508 6045 616  8625 3752 1665 5434 4365 7336 8175 2368 2265 1372 3765 2788 5181 4214 6549 5668 7911 7328 1503 592  5547 7472 309  682  1731 1544 3097 4710 3589 6594 4087 8328 4553 1206 5029 3544 5469 3830 5961 4082 6393 4378 6891 4808 7403 5574 7903 6302 8351 7138 47   7962 587  116  1223 2012 1913 4418 2663 7132 3407 358  4157 1514 4969 2866 5779 4258 6577 5686 7457 7234 8269 
8316 1105 6804 3515 7616 5885 3384 8015 5412 2645 7236 6775 336  235  6608 4845 2548 6105 5684 7215 2296 825  4522 3015 6314 6255 8296 705  644  3111 1988 4503 3484 5835 5024 7317 6566 117  7964 3447 3824 7893 250  993  1106 2517 1970 3317 5592 3839 7464 4313 294  4769 2316 5251 3686 5703 3928 6189 4246 6707 4552 7149 5146 7661 5974 8131 6702 8593 7576 283  8386 887  964  1567 3284 2287 5812 3019 8548 3779 914  4567 2174 5399 3518 6197 4954 6983 6514 7841 8014 
8075 2016 1955 4914 5035 1932 6935 4512 725  6372 4805 8136 625  2544 515  8176 5535 4732 6375 896  8385 3976 1725 5504 4425 7304 8475 2624 2355 1376 3783 2740 5211 4228 6567 5650 7887 7340 1557 656  5553 7664 321  686  1761 1558 3099 2314 3595 6648 4097 8346 4555 1212 5033 3546 5485 3832 5979 4090 6411 4382 6927 4814 7405 5608 7909 6306 8359 7126 43   7966 593  124  1229 2036 1931 4436 2671 7148 3413 362  4159 1522 4973 2878 5783 4262 6581 5702 7459 7246 8273 
7056 715  7308 3565 7872 5995 3402 8195 5418 2675 7272 6845 432  295  4848 755  2156 5865 8036 7395 2632 975  4712 3075 6328 6675 8344 795  736  3129 1972 4431 3488 5871 5020 7329 6572 147  8020 3501 3856 7929 266  1011 1112 2559 1990 3309 2504 3841 7482 4315 306  4771 2358 5255 5028 5755 3934 6207 4294 6711 4558 7167 5162 7663 5982 8135 6712 8583 7582 293  8390 907  1004 1571 3292 2293 5836 3023 8564 3793 922  4583 2182 5407 3554 6199 5006 6991 6518 7853 8026 
6325 3528 2125 6006 5015 2052 6955 4452 605  6396 4925 8148 55   2256 535  7152 905  3388 6555 1736 2025 3542 1845 5474 4575 7378 8595 2752 2409 860  3759 2756 5205 4232 6531 5660 7923 7348 1587 688  5571 7792 327  710  1779 1562 3101 2318 3561 2674 4103 8358 4559 1236 5045 3582 5497 6492 5993 4094 6423 4390 6933 4826 7409 5570 7913 6322 8367 7174 53   7970 599  148  1231 2084 1933 4468 2677 7156 3433 382  4177 1538 4987 2894 5791 4274 6599 5714 7477 7262 8287 
4032 935  7644 3625 8256 5845 3552 8245 5586 2725 7254 6925 624  265  5022 785  288  1115 8092 7755 2408 1125 4736 3195 6392 6705 8398 885  812  3201 2020 4509 3556 5883 5044 7347 6596 171  8032 3573 4016 7947 286  1041 1118 2571 2006 3327 2506 3831 2786 4321 342  4777 2364 5257 5046 5759 7932 6227 4298 6717 4568 7179 5174 7671 5990 8133 6730 8603 7598 307  8392 911  1028 1579 3308 2297 5884 3037 8572 3797 926  4591 2186 5413 3566 6203 5042 6997 6542 7867 8038 
7865 4704 2185 5208 5125 2088 6965 4524 775  6408 4975 8262 35   2754 545  7614 955  768  1255 952  5625 3458 1815 5512 4635 7384 405  3008 2445 1484 3813 2780 5217 4268 6573 5728 7953 7364 1611 752  5679 7856 339  712  1797 1570 3103 2330 3579 2678 3981 2938 4571 1278 5053 3684 5509 6564 5999 318  6493 4394 6995 4838 7415 5614 7939 6310 8371 7158 59   7976 601  164  1237 2092 1949 4492 2683 7204 3449 386  4201 1546 4993 2902 5801 4282 6607 5722 7481 7274 8291 
3024 1045 7812 3655 8512 6149 3816 8155 5664 2825 7326 7025 528  305  5136 815  396  1135 1332 1405 2618 1035 4888 3225 6344 6795 8536 915  748  3165 2044 4521 3550 5889 5050 7359 6604 153  8084 3609 4112 7983 290  1047 1130 2577 2008 3337 2510 3837 2792 4317 3112 4781 2388 5263 5052 5761 7974 6233 1362 6731 3714 7199 5118 7697 5986 8137 6738 8605 7618 311  8394 919  1052 1583 3316 2309 5924 3041 8612 3803 934  4597 2194 5417 3574 6211 5062 7001 6598 7873 8042 
7975 3276 2255 6216 5135 2142 6985 4644 845  6432 5275 8268 85   2832 565  7536 965  828  1285 2028 1535 4088 1935 5576 4815 7462 1875 3392 2451 1504 3819 2828 5253 4292 6591 5782 8007 7372 1629 848  5769 7984 381  730  1803 1576 3107 4776 3599 2686 4083 2954 4479 3286 5057 3732 5513 6606 6001 354  6497 2526 7003 4722 7421 5622 7915 6346 8383 7178 61   7982 607  172  1249 2164 1951 4516 2687 7244 3457 394  4211 1574 4999 2906 5807 4286 6619 5758 7487 7286 8293 
7488 1265 1512 3685 1764 6215 3444 8215 5628 3125 7332 7075 648  329  5232 835  468  1145 1452 1415 3042 1639 4984 3285 6536 7065 8456 1005 868  3219 2048 4539 3572 5901 5084 7365 6644 207  8132 3681 4208 8163 296  1059 1162 2589 2014 3341 5658 3845 2794 4331 3122 4737 3434 5267 5058 5765 8076 6239 1374 6739 3786 7201 5142 7679 6008 8139 6754 8611 7610 313  8408 929  1058 1597 3356 2311 5932 3049 8644 3821 958  4603 2206 5419 3578 6217 5078 7013 6602 7877 8054 
6545 2808 2365 6426 5335 2208 7055 4554 925  6534 5341 8364 65   2928 623  7824 985  882  1315 2124 1541 4572 1711 5624 4905 7544 225  3776 2505 1564 3801 2812 5235 4316 6585 5746 7959 7412 1719 944  5787 8048 393  742  1821 1582 3113 4794 3601 6666 4105 8376 4573 3302 4971 3562 5515 6684 6005 366  6499 2586 7009 4782 7423 5626 7941 6376 8373 7190 67   7994 613  188  1259 2188 1973 4604 2689 7292 3461 398  4217 1594 5003 2918 5813 4306 6637 5774 7489 7318 8297 
5616 7175 1872 3875 2304 6055 3588 8365 5676 3175 7416 7301 816  335  5424 851  588  1165 1476 1457 3204 1643 6228 1793 6734 7275 8554 1065 836  3171 2050 4587 3596 5907 5054 7383 6620 243  8134 3771 4304 8199 310  1077 1166 2631 2054 3353 5730 3859 7506 4319 348  4811 3448 5223 3688 5767 8082 6245 1398 6743 3846 7217 5154 7709 6010 8141 6758 8617 7622 317  8414 937  1076 1601 3362 2333 5948 3061 16   3823 974  4621 2218 5431 3602 6221 5086 7019 6614 7879 8098 
7315 3456 1645 7452 4585 2232 7205 4692 1025 6588 5537 1350 91   3078 635  8016 995  972  1345 2178 1555 4716 1717 8028 1853 7546 135  3904 2553 940  3939 2842 5289 4324 6603 5764 8043 7450 1737 976  5823 8144 411  754  1839 1586 3117 2344 3611 6690 4109 8382 4577 1284 5063 3586 5493 3838 6013 402  6503 2598 7031 4854 7427 5630 7957 6366 8399 7198 71   8018 617  212  1277 2228 1979 4612 2693 7324 3463 422  4219 1618 5009 2942 5821 4322 6653 5794 7499 7342 8311 
7344 7525 8184 3115 4356 6205 3612 8255 5688 3275 7548 7399 2070 343  5994 865  612  1195 1548 1465 3468 1651 6348 1795 312  1943 8602 1095 884  3297 2060 4551 3580 5943 5092 7413 6716 261  8150 3789 4336 8271 322  1101 1178 2643 2056 3349 5694 3883 7512 4333 372  4819 2466 5287 3704 5721 3938 6283 1434 6749 3858 7223 5176 7711 6014 8143 6770 8621 7624 331  8426 941  1084 1607 3412 2339 5956 3067 6    3833 982  4637 2234 5437 3622 6229 5098 7027 6626 7883 8102 
5005 3672 1715 7632 4795 2484 7085 4662 1075 6612 5575 8436 203  2580 679  8528 1043 1044 1355 2196 1561 4932 1727 8172 1865 546  2005 4288 2595 1508 3993 2848 5271 4384 6645 5792 8115 7406 1773 1072 5877 8336 417  776  1851 1592 3127 4758 3629 6744 4115 8418 4579 1308 5065 3756 5533 3842 5991 4102 6505 2634 7033 4856 7419 5662 7969 6378 8401 7202 73   8062 619  236  1279 2252 1987 4652 2699 7388 3467 446  4229 1622 5011 2962 5827 4358 6659 5806 7507 7346 8317 
8208 7595 1584 3395 6084 6265 3762 8375 5724 3425 7434 7325 912  371  3630 889  5550 1211 1692 1469 3492 1655 6444 1799 384  1945 798  2095 928  3243 2108 4605 3604 5955 5068 7437 6692 279  8164 3879 4432 8361 328  1119 1192 2649 2074 3365 5736 3865 7518 4343 414  4829 2502 5269 5094 5771 3962 6243 4318 6751 3882 7231 5198 7715 6026 8149 6766 8615 7634 337  8446 947  1108 1609 3428 2341 5972 3079 8    3847 998  4639 2246 5441 3646 6247 5102 7039 6638 7901 8114 
7735 2376 1855 8112 4865 2244 7015 4576 1175 6636 5675 8442 115  3216 689  4650 1057 7860 1379 2412 1565 5004 1735 8244 1883 552  2021 1026 2149 950  4011 2852 5295 4396 6681 5828 8103 7456 1791 1136 5931 8368 447  782  1857 1598 3131 4806 3635 6726 4121 8430 4589 1314 5069 3798 5539 6714 6017 4118 6429 4402 7045 4866 7435 5646 7961 6386 8391 7222 79   8066 631  242  1283 2276 1993 4684 2707 7442 3469 454  4231 1642 5021 2966 5839 4406 6661 5818 7517 7354 8329 
6336 8225 2448 3535 1296 6305 3654 8395 5742 3475 7476 7675 1134 355  6096 869  5820 1243 2960 1477 3636 1649 6498 1807 270  1937 750  2077 1254 2197 2068 4611 3616 5973 5140 7449 6728 333  8180 3897 4496 8427 344  1137 1208 2661 2086 3377 5754 3869 7530 4351 444  4835 2532 5293 5172 5773 8124 6259 4310 6729 4582 7235 5178 7721 6054 8159 6794 8633 7658 347  8454 953  1124 1613 3436 2347 5996 3083 10   3851 1006 4643 2258 5443 3662 6257 5114 7043 6646 7907 8146 
8645 4224 2065 1728 5185 2394 7285 4824 1325 6708 5725 8484 95   3504 655  8304 1079 7950 1363 1300 1577 5364 1739 8388 1897 570  1981 1032 2165 1518 2257 2884 5307 4448 6657 5860 8169 7460 1899 1168 5949 100  453  790  1893 1606 3133 4890 3641 6792 4117 8466 4595 1356 5071 3804 5543 6756 6019 426  6509 4430 6999 4858 7439 5654 7979 6394 8403 7256 83   8072 641  244  1289 2284 1997 4724 2711 7444 3491 458  4241 1646 5023 2974 5843 4414 6673 5834 7523 7382 8353 
4752 8575 2592 3605 792  6355 3808 8305 5772 3703 7584 7775 1104 395  6576 871  6060 1247 3750 1501 3708 1661 6516 1817 330  1939 858  2105 1272 2195 1704 2305 3626 6015 5216 7467 6740 363  8188 3951 4528 8433 370  1149 1222 2721 2104 3379 5778 3893 7566 4367 486  4837 2676 5299 5196 5777 8196 6281 1446 6757 4570 7197 5206 7729 6034 8153 6802 8637 7654 349  8474 967  1132 1619 3452 2351 6044 3089 14   3853 1018 4649 2302 5449 3694 6263 5158 7057 6658 7919 8158 
2275 4104 2135 8496 5215 2508 7345 4956 1445 6786 5825 8514 125  3408 695  8586 1067 8010 1387 980  1591 5202 1745 8604 1909 594  2033 1122 2171 1554 2263 1896 2369 4444 6693 5876 8241 7514 2007 1250 6057 196  471  806  1923 1630 3139 5010 3647 6798 4135 8472 4601 1422 5089 3972 5545 6822 6023 438  6511 2658 7037 4870 7431 5672 7967 6398 8409 7258 97   8074 643  268  1291 2308 1999 4748 2713 7468 3499 466  4243 1654 5039 2978 5849 4426 6679 5854 7529 7394 8363 
7128 4375 2736 3745 864  6307 3828 8455 5856 3725 7668 7693 1392 365  6288 893  6030 1253 3440 5247 520  1673 6876 1819 378  1957 870  2119 1290 2201 1722 2315 2046 2435 5194 7479 6748 369  8204 3987 4688 8469 374  1167 1246 2733 2110 3383 5784 3899 7608 4369 492  4841 2682 5305 5268 5789 8214 6289 1506 6767 3918 7241 5210 7737 6056 8157 6806 8639 7662 353  8488 971  1172 1621 3508 2357 6092 3109 22   3863 1042 4651 2306 5471 3722 6269 5182 7069 6662 7927 8182 
2975 3432 2345 2112 5285 2574 7375 4836 1475 6678 5975 8532 133  3726 685  8592 1081 8060 2499 2900 6327 2210 1757 120  1903 690  2041 1110 2167 1482 2279 1914 2395 2214 2455 5908 8205 7502 2043 1264 6093 256  489  808  1929 1634 3143 4818 3649 6810 4141 8478 4607 1494 5093 4014 5549 6828 6041 474  6515 2694 7051 4886 7447 5678 7971 6410 8407 7270 89   8078 647  284  1297 2348 2003 4772 2719 7484 3511 478  4253 1658 5051 2986 5851 4442 6689 5878 7537 7402 8369 
6864 1225 3312 3815 936  6335 3876 8393 5814 3775 7686 7825 1488 413  6642 899  6150 1267 3760 4221 440  7791 3560 1829 390  1961 918  2101 1302 2215 1752 2327 2058 2449 2424 2509 6752 387  8224 4041 4802 8523 376  1191 1256 2757 2134 3385 5838 3901 7602 4379 516  4843 2718 5311 5274 5803 8226 6295 1542 6769 3954 7255 5222 7739 6058 8173 6774 49   7674 359  8494 977  1228 1627 3524 2371 6124 3119 26   3877 1046 4657 2326 5477 3734 6271 5186 7079 6686 7933 8186 
3325 4488 2375 2496 5365 2652 7385 5076 1525 6762 6025 8526 185  3792 703  1540 1121 8220 1391 2420 6363 2440 2511 4810 1919 696  2045 1128 2173 1566 2285 1938 2407 2226 2489 2490 2561 7532 2061 1328 6147 484  501  814  1941 1670 3147 2338 3653 6834 4145 8502 4609 1524 5095 4044 5561 6852 6031 498  6523 2742 7061 4898 7445 5682 7981 6414 8411 7206 101  8086 653  292  1301 2372 2011 4804 2729 7492 3517 482  4259 1678 5059 2998 5857 4474 6691 5906 7541 7418 8377 
8424 665  3564 3895 504  6365 3936 8435 5916 3925 7704 7925 1536 415  6672 901  6180 1261 4240 4263 640  7821 3430 3249 5960 1963 888  2117 1326 2219 1794 2335 2136 2453 2370 2513 2622 2587 8236 4107 4912 8577 406  1203 1258 2787 2114 3351 2534 3935 7626 4385 522  4847 2724 5315 5316 5809 8292 6313 1578 6773 3966 7249 5224 7745 6062 8185 6818 25   7678 367  8498 983  1244 1637 3532 2377 6172 3121 34   3881 1082 4663 2342 5479 3742 6277 5218 7103 6694 7937 8198 
1925 4968 2405 7224 5395 2436 7505 4884 1675 6816 5887 8544 145  4272 697  3220 1111 8260 4617 3100 6489 2470 3321 4970 783  7070 2047 1230 2177 1590 2291 1974 2413 2262 2491 2568 2563 2910 2629 1424 6219 676  519  824  1959 1688 3149 2354 3603 2696 4151 8616 4613 1602 5105 4086 5567 6894 6049 534  6527 2766 7063 4904 7441 5718 7985 6446 8413 7278 103  8090 659  316  1303 2396 2017 4852 2731 7508 3527 502  4261 1706 5077 3022 5861 4478 6701 5914 7547 7438 8387 
3744 385  3888 3835 672  6479 3822 8555 5852 4075 7788 7987 1776 427  3870 913  6370 3933 4720 4473 680  8001 3770 6561 6040 1221 7880 2123 1410 2227 1770 2329 2010 2461 2418 2515 2712 2603 3066 2705 4976 81   410  1227 1270 2811 2146 3369 2522 3849 2806 4381 558  4849 2748 5317 5388 5815 8298 6331 1614 6787 4038 7261 5230 7747 6078 8189 6824 121  7682 373  8504 991  1252 1657 3548 2381 6196 3137 38   3889 1094 4673 2362 5483 3746 6287 5234 7109 6718 7949 8222 
2695 4992 2465 6888 5375 2646 7535 4998 1775 6916 6275 8556 205  3984 707  4740 1133 8330 4653 3380 6417 2680 3483 5080 651  7160 1677 4544 2183 1608 2317 1992 2419 2322 2495 2538 2567 2838 2641 3198 2771 1444 537  826  1977 1702 3153 2378 3639 2690 4101 2984 4627 1572 5111 4122 5579 6924 6059 582  6533 2778 7067 4906 7453 5690 7991 6430 8417 7288 107  8104 661  332  1307 2404 2027 4868 2741 7516 3529 514  4271 1714 5081 3046 5867 4486 6703 5926 7549 7454 8389 
4896 805  4212 3905 756  6409 3906 8515 5922 4175 7848 8183 1782 445  6966 917  6390 1271 4880 4557 760  8091 3710 7569 6110 1281 7960 2139 340  2231 1830 2353 2130 2471 2442 2533 2670 2611 3090 2723 3336 2827 424  1257 1298 2823 2152 3387 2536 3867 2810 4341 3130 4853 2796 5321 5484 5833 8334 6319 1626 6797 4062 7265 5246 7751 6070 8187 6830 9    7690 379  8530 997  1268 1663 3628 2383 6212 3163 46   3907 1114 4679 2374 5501 3754 6299 5242 7121 6722 7951 8254 
3185 5016 2485 3264 5405 2464 7565 5082 1805 6936 6223 1380 217  4656 713  4770 1099 8340 1393 3700 6579 1610 3807 5110 837  7240 1749 4672 2607 1060 2321 1998 2429 2328 2501 2616 2569 2958 2651 3210 2773 3390 2869 830  1983 1730 3151 2390 3651 2698 4119 3002 4497 3298 5123 4164 5585 7002 6065 606  6535 2802 7073 4922 7463 5710 7977 6454 8441 7282 109  8110 673  338  1319 2428 2029 4892 2749 7556 3533 526  4273 1718 5087 3062 5869 4502 6709 5938 7559 7466 8419 
3168 455  4176 3955 1056 6565 3948 8585 5964 4205 7866 8381 1950 469  3660 923  6380 1273 5000 4599 920  7839 3880 8649 6230 1269 7910 2187 350  3237 2140 2359 2190 2479 2472 2519 2862 2605 3144 2743 3318 2831 3738 2923 1304 2841 2158 3397 2542 3873 2822 4353 3154 4749 3454 5327 5526 5837 8406 6341 1662 6799 4098 7271 5254 7763 6086 8193 6838 289  7698 383  8534 1009 1324 1667 3644 2389 6236 3167 58   3911 1126 4691 2386 5503 3758 6301 5266 7127 6742 7963 8258 
4025 6264 2555 3648 5495 2664 7579 5112 1825 6972 6253 6160 323  2790 721  4980 1139 8470 4743 4100 6633 2030 4293 5170 897  7210 1767 5056 2613 1150 3999 2888 2443 2346 2497 2562 2573 2982 2669 3270 2813 3618 2885 3942 2959 1742 3155 5064 3661 2710 4143 3014 4533 3310 4989 3590 5587 7044 6077 642  6539 2874 7081 4910 7471 5734 7989 6466 8453 7294 113  8122 677  356  1321 2452 2039 4916 2753 7604 3539 538  4283 1726 5099 3086 5879 4534 6719 5942 7561 7478 8423 
5148 595  4464 3965 1152 6391 3480 8533 5976 4325 7884 221  2310 493  3690 949  6420 1313 5360 4977 1000 8037 3910 189  6280 1311 7930 2163 380  3333 2132 4623 3610 2483 2478 2545 2814 2615 3102 2747 3354 2839 3834 2929 4074 2995 4374 3401 5790 3937 2824 4359 3170 4791 3464 5241 3706 5855 8412 6347 1686 6805 4146 7273 5258 7765 6088 8197 6842 169  7718 389  8538 1013 1348 1669 3676 2393 6268 3169 62   3917 1138 4703 2402 5507 3778 6311 5294 7129 6746 7993 8266 
4165 5928 2585 7182 5423 8460 7553 6270 2303 6984 6137 7350 403  7000 731  3500 1147 8480 2541 4300 6741 2530 4779 5240 777  7250 1809 5312 2619 1180 4023 2890 5319 4450 2507 2706 2581 3048 2653 3288 2779 3576 2881 3930 2977 4242 3161 5106 3679 6846 4163 3026 4569 3322 5001 3592 5541 3854 6071 618  6541 2922 7087 4926 7465 5726 7997 6470 8457 7298 127  8126 683  388  1327 2468 2053 4924 2767 7628 3541 542  4289 1754 5101 3098 5881 4538 6733 5998 7573 7522 8429 
5472 875  4608 3995 1092 6919 4920 637  1620 3871 660  247  3080 8073 4900 2223 6580 4059 5680 5229 1160 8109 4030 231  6520 1353 7990 2211 460  3399 2144 4671 3620 6021 5150 2537 2886 2623 3162 2735 3498 2845 3774 2933 4152 3005 4386 3403 5874 3953 7710 4387 3176 4803 3470 5259 3730 5739 3970 6349 1698 6809 4206 7277 5262 7769 6106 8201 6854 361  7730 397  8552 1019 1388 1693 3698 2399 6284 3181 74   3919 1142 4721 2426 5519 3802 6317 5314 7151 6778 8009 8278 
4235 5304 2755 8008 5605 2604 7733 7320 2527 8000 6419 1500 437  8120 8019 2380 3267 8500 2583 4700 6867 2750 4941 5270 861  7130 1869 6208 2667 1220 4017 2924 5343 4484 6747 5978 2599 3030 2681 3294 2785 3624 2893 4002 2965 4266 3173 5190 3667 6858 4169 8490 4619 3346 5007 3598 5583 3874 5997 4142 6557 2946 7091 4936 7483 5738 8005 6472 8459 7302 131  8138 691  404  1361 2476 2063 4948 2777 7652 3547 554  4297 1762 5107 3106 5897 4546 6737 6002 7577 7534 8431 
6624 1015 5328 4085 924  6625 3978 8569 4050 4067 780  8477 2220 527  1120 2277 6650 4257 5840 5439 1240 8253 4040 273  6290 1407 8030 2193 500  3363 2150 4683 3650 6063 5260 7473 6764 2627 3186 2759 3486 2855 3912 2935 4134 3007 4422 3409 5886 3941 7638 4393 564  4855 3478 5277 3736 5793 3982 6249 4328 6817 4254 7279 5272 7773 6094 8203 6856 529  7734 401  8558 1021 1396 1697 3716 2411 6316 3187 82   3923 1154 4723 2434 5521 3814 6323 5318 7159 6782 8011 8306 
4655 6072 2635 7896 5681 2784 7585 5088 2873 900  6413 1530 161  2820 737  4060 3519 8540 4719 5300 6897 2840 5427 5480 903  7552 1833 5696 2679 1210 4029 2948 5373 4460 6771 6004 8229 7550 2701 3306 2815 3666 2911 4008 2981 4296 3193 4902 3665 6882 4171 8646 4633 1644 5129 3614 5597 3878 6009 4154 6459 4438 7093 4938 7493 5752 7999 6478 8465 7306 137  8152 701  412  1367 2524 2069 4996 2789 7724 3557 562  4327 1766 5113 3118 5903 4562 6761 6022 7583 7538 8443 
6732 1085 5808 4255 1176 6655 4056 8635 6132 4477 7280 8591 2250 497  4230 943  6860 4131 6320 5499 1190 8217 4120 297  6670 1419 8440 2241 490  3417 2180 4731 3668 6099 5252 7485 6844 423  8284 2761 3534 2863 3810 2941 4170 3013 4470 3419 5934 3949 7878 4399 666  4859 2826 5339 5532 5891 3992 6261 4330 6753 4610 7289 5282 7779 6130 8207 6862 841  7736 409  8562 1031 1412 1699 3748 2417 6332 3191 86   3929 1174 4729 2446 5527 3826 6329 5326 7177 6814 8017 8314 
5075 6528 2665 7854 5735 2898 7625 5096 1975 7008 6647 7840 407  2850 749  5070 1159 8600 2793 5780 6903 2170 5751 5330 969  7490 1887 6464 2697 1420 4053 2950 5379 4540 6777 6028 8277 7580 2097 1552 2807 3768 2899 4026 2983 4326 3197 5214 3683 6870 4181 144  4631 1668 5131 4188 5599 7116 6085 4168 6483 4454 7017 4942 7495 5762 8003 6482 8471 7322 139  8166 709  428  1373 2564 2081 5036 2791 7732 3559 566  4337 1774 5119 3134 5923 4574 6763 6038 7589 7558 8447 
6912 1235 6468 4355 1188 6665 3996 275  6144 4361 990  299  3990 583  4020 959  6450 1331 6640 5577 1330 8307 4070 357  6424 1431 8170 2247 550  3423 2204 4767 3692 6141 5324 7503 6812 477  8308 4113 5008 2867 3894 2947 4182 3029 4482 3415 6018 3959 7890 4411 636  4867 2868 5345 5556 5873 8508 6371 4334 6801 4616 7233 5288 7771 6114 8213 6872 961  7738 419  8570 1033 1436 1709 3764 2423 6388 3203 94   3931 1186 4733 2458 5531 3862 6337 5342 7187 6826 8039 8318 
5425 7656 2795 8232 5695 2904 7657 5124 2075 6996 6713 1650 481  6090 767  5340 1141 5120 2709 5900 7029 2590 5913 5510 987  7310 1917 6592 2703 1340 4071 2980 5397 4532 6735 6052 8283 7564 2151 1616 6309 1156 2921 4110 2987 4278 3199 5226 3695 6942 4187 324  4645 1734 5137 4194 5603 7146 6103 654  6559 4456 7023 4952 7501 5786 8021 6488 8473 7330 149  8168 719  436  1381 2572 2083 5108 2797 7796 3571 586  4339 1814 5147 3142 5927 4586 6779 6046 7591 7586 8461 
7524 1295 5508 4015 1248 6517 4440 1573 6174 4475 7968 2401 2430 589  420  989  6540 1333 7120 5589 910  8349 4130 351  6490 1443 8576 1185 968  3429 2212 4773 3652 6123 5332 7491 6850 507  8350 4149 5072 15   418  2951 4218 3017 4530 3421 6024 3961 7944 4405 708  4873 2892 5353 5598 5893 8622 6377 1758 6821 4630 7251 5302 7781 6126 8227 6874 1369 7746 421  8574 1039 1468 1721 3788 2437 6404 3209 106  3943 1198 4751 2462 5557 3866 6343 5354 7193 6866 8053 8354 
5635 6696 2765 4416 5453 1080 7667 3780 3179 7068 6425 3072 259  3180 779  3850 1157 1600 2961 6050 7011 2920 6399 5560 999  7370 1971 6848 2685 1612 3855 2996 5385 4556 6855 6068 8289 7588 2169 1648 6381 2116 543  854  2993 4344 3223 5238 3707 6954 4183 192  4667 1746 5143 4236 5609 7188 6107 678  6583 2994 7097 4958 7509 5770 8023 6494 8479 7334 151  8174 727  452  1399 2588 2087 5116 2801 7804 3581 614  4349 1822 5153 3158 5939 4594 6781 6074 7603 7594 8467 
7776 1375 5904 4345 1224 6461 5130 1859 7980 4901 8052 8275 1968 511  4260 1003 6570 1337 7760 5607 1430 8487 4250 399  6578 1479 8510 2289 988  3345 2236 4665 3718 6129 5344 7521 6868 531  8380 4167 5296 21   430  1263 1310 3031 4584 3427 5910 3973 7986 4415 726  4883 2934 5357 5604 5899 8628 6383 1842 6835 4314 7291 5306 7783 6142 8223 6878 1681 7766 431  8582 1049 1492 1723 3812 2441 6428 3217 118  3947 1202 4759 2474 5563 3898 6353 5366 7207 6898 8059 8402 
5915 7296 2875 1008 5555 2952 7777 8040 3509 1680 6877 576  155  4698 763  5490 1169 240  1397 6100 6909 3160 6723 5590 1029 7592 1947 7232 2715 1628 3945 3038 5451 4564 6789 6112 8319 7612 2259 1712 6471 3364 573  856  2019 1738 3205 5334 3713 6990 4189 1458 4661 1788 5141 4302 5611 7212 6109 762  6587 3018 7099 4962 7513 5798 8013 6526 8483 7338 157  8194 733  508  1409 2612 2089 5132 2803 7892 3583 622  4357 1838 5167 3166 5953 4618 6791 6082 7607 7606 8501 
8352 1435 6156 4495 1368 6643 4590 539  5200 4961 2100 143  2064 485  6992 973  6780 1339 8080 5661 1640 8541 4270 459  6680 1491 8584 1245 992  3405 2254 4695 3796 6135 5348 7527 6908 549  8404 4203 5392 27   434  1293 1334 2859 2162 3439 5970 3977 7998 4417 732  4885 3006 5359 5634 5905 48   6385 1866 6839 4362 7295 5286 7795 6146 8247 6886 1849 7768 433  8590 1051 1516 1733 3868 2447 6436 3221 122  3967 1214 4783 2498 5569 3902 6359 5374 7211 6914 8069 8422 
6125 7176 2905 5832 5467 8550 7843 7410 2597 6400 6929 840  451  4816 4125 3328 1177 560  4797 2450 7047 2870 7209 5530 957  7640 2013 6976 2727 1652 4035 3052 5457 4588 6837 6116 8313 7636 2313 1744 6543 3844 579  872  2031 1778 3183 2398 3737 7014 4195 72   4681 1818 5149 4308 5615 7218 6115 786  6589 3054 7111 4974 7519 5802 8027 6530 8491 7352 163  8202 739  524  1423 2636 2099 5156 2819 7916 3593 626  4363 1858 5171 3194 5981 4622 6793 6098 7621 7642 8513 
7956 1505 6768 4445 1404 6601 5160 833  4400 7497 3200 187  3640 6831 6832 4995 3332 4329 8240 5841 1480 8619 4280 429  6784 1533 8632 1335 1012 3435 2272 4755 3772 6153 5290 7539 6940 603  8410 4311 5552 33   442  1299 1336 2901 2168 3431 6042 3979 8022 4427 738  4891 3012 5363 5706 5909 162  6395 1878 6847 4398 7303 5298 7787 6152 8249 6904 2209 7782 439  8598 1061 1532 1741 3884 2459 6452 3229 134  3989 1226 4787 2518 5573 3946 6361 5378 7213 6922 8081 8434 
6475 7722 2945 5568 5593 1320 7847 7040 7371 1760 4347 4000 5643 2800 1287 1568 5655 6076 4959 6700 7119 3190 7203 5704 5025 7808 105  8128 2751 1696 4065 3068 5505 4598 6873 6140 8337 7648 2367 1808 6597 5476 591  874  2049 1784 3189 2410 3749 7032 4213 60   4687 1812 5155 4338 5617 7284 6119 822  6593 3126 7115 4966 7531 5816 8031 6538 8485 7358 167  8206 743  548  1427 2644 2111 5164 2833 7948 3607 634  4373 1874 5179 3202 5987 4666 6803 6122 7639 7646 8521 
8448 1615 1848 4465 1656 6851 5640 931  6800 8379 2600 2079 4960 7293 1400 2673 3724 6345 8428 6003 1720 8631 4360 513  6622 7335 8648 1455 1184 3471 2312 4809 3916 6177 5350 7557 6950 639  8420 4383 5584 39   470  1317 1342 2913 2198 3443 6102 3983 8034 4439 804  4897 3084 5371 5748 5911 36   6401 1902 6859 4434 7313 5322 7799 6154 8251 6906 2809 7786 443  8606 1063 1556 1747 3908 2467 6476 3251 142  4001 1234 4789 2554 5581 3958 6367 5386 7219 6926 8087 8438 
7105 7992 3055 2268 5665 3096 7889 7480 5733 2200 5481 4420 5313 6200 1683 4340 3393 7252 6765 1064 7137 3230 7857 5642 5085 7672 165  8192 2739 1450 4047 3020 5421 4580 6939 6148 8397 7660 2421 2032 6627 6724 597  890  2073 1786 3207 2414 3715 7062 4193 90   4699 1854 5161 4404 5627 7356 6127 834  6595 3138 7117 4978 7555 5822 8033 6522 8489 7366 173  8210 751  556  1429 2692 2113 5188 2837 7972 3613 662  4391 1882 5189 3214 6007 4678 6823 6134 7643 7666 8527 
5184 1495 2688 4505 1596 6695 4092 1127 7600 3213 2860 6993 4940 6699 6560 2691 7420 4437 728  7905 2744 891  4370 561  6808 7515 784  1515 1036 3477 2260 4833 3820 6213 5356 7545 6956 657  8416 4419 5648 51   472  1329 1358 2931 2216 3437 6162 3985 8046 4429 846  4907 3114 5377 5766 5917 24   6403 1986 6865 4458 7319 5338 7801 6170 8257 6910 3481 7798 449  8614 1069 1588 1753 3932 2473 6484 3253 146  4003 1238 4793 2558 5591 3974 6373 5398 7229 6934 8089 8458 
7007 7752 2915 2352 5785 2976 7685 5256 2891 2080 5859 3740 7749 5980 8547 6460 3627 880  5301 1288 3645 4186 8181 5750 1023 7714 195  8384 2769 1460 4077 3050 5487 4606 6915 6164 8355 7676 2439 2096 6651 7396 633  902  2103 1790 3227 5352 3743 7074 4207 96   4685 1884 5165 4476 5629 7362 6139 894  6605 3246 7123 4982 7543 5826 8047 6546 8497 7374 179  8218 757  578  1433 2708 2129 5204 2843 7988 3617 674  4397 1894 5197 3218 6011 4682 6827 6158 7649 7694 8537 
8640 2639 6192 4565 1428 6721 4116 325  5984 3591 3400 5187 4840 6783 6760 693  7520 1449 8560 6039 2968 1215 4774 663  6790 1551 4624 1545 1078 3441 2324 4887 3836 6183 5372 7587 6958 711  8468 4491 5744 57   488  1347 1370 2949 2222 3455 6168 3991 8058 4435 774  4913 3156 5383 5844 5921 30   6431 2022 6881 4506 7327 5362 7807 6182 8267 6918 3721 7802 457  8618 1087 1604 1759 3964 2477 6508 3257 158  4007 1262 4799 2566 5623 3986 6379 5414 7237 6938 8093 8462 
5929 8160 3731 5952 5795 3108 7645 5152 7695 7072 4851 4600 4641 5060 3969 7400 8463 1360 3087 7100 7191 4264 2115 5656 1107 7630 2001 4096 2781 1580 4089 3104 5511 4628 6945 6176 8439 7684 2493 2192 6687 40   669  904  2127 1798 3215 5358 3755 7134 4237 84   4705 1926 5173 4518 5633 7404 6157 906  6611 3282 7133 4990 7563 5842 8035 6554 8495 7386 181  8230 761  596  1439 2732 2131 5212 2851 7996 3623 694  4409 1906 5209 3226 6029 4694 6829 6166 7669 7702 8539 
7200 2717 4080 4543 1632 6745 4128 425  6776 4275 3536 4389 5800 8127 4180 6279 8140 1701 800  6027 2090 567  4862 3525 6902 1593 400  2301 580  3507 2332 4893 3860 6231 5396 7599 6980 747  8476 4527 5872 69   494  1371 1378 2973 2242 3473 6222 3997 8070 4453 852  4915 3174 5389 5892 5933 42   6407 2082 6887 4542 7339 5384 7811 6184 8259 6946 4489 7806 461  8626 1091 1636 1777 3988 2503 6548 3259 166  4013 1282 4801 2578 5639 3994 6389 5422 7243 6982 8101 8482 
8281 8280 3773 2340 5621 3132 7705 5166 2225 7084 6525 4784 3927 6500 8211 5500 819  1520 3339 7220 7533 2990 8343 5698 5325 7784 2067 140  2829 1550 4137 3116 5523 4636 6951 6220 8421 7688 2523 2224 6759 56   681  938  2157 1802 3235 5394 3763 7170 4223 108  4709 1956 5177 4548 5645 7428 6145 942  6613 3342 7135 4994 7571 5846 8045 6562 8499 7390 191  8234 769  604  1447 2738 2137 5228 2857 8012 3631 698  4421 1934 5227 3238 6037 4702 6833 6178 7673 7706 8543 
7920 2821 4560 4669 5580 6853 4248 475  6138 4525 3136 2295 6032 7161 6880 7917 7820 1617 1280 6069 1880 1377 4510 621  6952 7575 1936 2337 620  3531 2336 4899 3940 6291 5380 7611 7004 801  8492 4581 5968 87   506  1383 1384 2991 2248 3487 6258 4009 8088 4469 876  4927 3222 5401 5958 5935 54   6415 2094 6893 4566 7343 5402 7813 6186 8261 6986 5041 7816 463  8630 1093 1676 1783 4036 2521 6628 3271 178  4019 1286 4813 2582 5641 3998 6397 5426 7247 6998 8111 8486 
1547 5940 3913 1980 5551 1920 7931 5382 2425 7038 6575 2128 2805 6656 5103 6820 1197 1040 3381 7300 7353 3250 441  5830 1131 7832 255  224  2847 1660 4173 3140 5529 4676 6963 6244 8445 7708 2529 2384 6813 70   687  946  2181 1810 3233 5370 3781 7194 4247 126  4717 1962 5183 4596 5663 7542 6155 978  6617 3378 7141 5002 7593 5858 8051 6558 8503 7422 193  8238 773  628  1451 2764 2141 5276 2861 8044 3637 706  4423 1942 5231 3242 6043 4714 6841 6218 7681 7726 8563 
6480 2737 2640 4823 4950 6923 6360 847  6318 4753 8004 8405 3472 3135 7696 1071 7150 1827 1100 6111 1870 1539 4520 483  6710 1581 2704 1605 1148 3537 2350 4917 3892 6285 5404 7635 7018 867  8588 4689 6064 93   518  1389 1390 3027 2230 3493 6312 4031 8094 4471 948  4939 3228 5411 5988 5941 66   6433 2118 6901 4614 7355 5416 7819 6190 8279 6978 5329 7818 467  8634 1097 1682 1787 4052 2531 6652 3299 194  4021 1294 4817 2594 5647 4006 6421 5438 7253 7022 8117 8506 
1001 3600 3857 3060 5719 1560 7973 8320 2989 360  6727 2916 215  5264 4185 2816 1323 1840 3549 7900 7581 3320 1089 5848 1113 7670 2037 352  2865 1666 4161 3164 5559 4708 6969 6304 8451 7712 2547 2416 6849 88   699  962  2199 1816 3239 5406 3785 7242 4249 132  4711 2004 5191 4626 5671 7572 6161 1002 6623 3414 7145 5014 7597 5862 8057 6568 8507 7414 197  8242 787  652  1453 2804 2143 5284 2879 8068 3643 718  4441 1954 5233 3254 6047 4742 6857 6238 7687 7754 8573 
4320 2849 3120 4697 5220 7021 4290 1421 7500 4693 1020 77   2106 505  7216 2205 6292 1953 1700 6201 2360 1053 4690 627  6920 1647 2500 2373 1196 3495 2366 4929 3950 6351 5420 7641 7028 873  8596 4707 6128 111  530  1401 1394 3035 4494 3497 6342 4033 8130 4487 954  4955 3252 5429 6036 5947 78   6437 2154 6905 4634 7269 5410 7831 6194 8285 6974 6241 7842 479  8638 1103 1684 1789 4076 2539 6668 3301 202  4027 1306 4831 2602 5651 4022 6427 5458 7283 7034 8123 8518 
1309 7020 4081 3420 5797 2280 8029 7590 3211 4620 7267 1710 287  4944 745  3872 1785 1144 3717 8300 7227 3010 1521 5768 1161 7720 2091 160  2877 1748 4155 3124 5649 4660 6981 6250 8481 7742 2637 2512 6921 104  717  970  2217 1826 3247 5430 3791 7230 4267 150  4727 2034 5195 4668 5677 7578 6167 1038 6629 3426 7153 5018 7601 5864 8049 6574 8509 7430 199  8248 797  668  1459 2836 2153 5308 2887 8108 3659 734  4447 1966 5237 3274 6053 4754 6863 6242 7691 7762 8581 
4680 3059 6000 4879 5700 7189 5610 1183 960  5239 6930 377  2550 553  7248 895  7436 3045 2584 6321 2120 1863 4730 741  6970 1653 8464 2343 650  3567 2356 4947 3956 6303 5428 7683 7052 909  8608 4869 6224 123  536  1437 1406 3039 2264 3503 6330 4037 8106 4499 996  4963 3258 5435 6066 5951 102  6439 2202 6913 4638 7357 5442 7835 6202 8299 6994 6889 7864 487  8642 1109 1724 1801 4084 2543 6676 3307 206  4049 1318 4861 2606 5653 4034 6449 5462 7297 7054 8147 8522 
1463 7800 4123 3300 5831 2760 8099 8250 3283 480  7943 7700 533  3330 781  252  1055 1672 5565 3256 7803 3290 2601 5810 1209 7810 2109 200  2889 1690 4179 3146 5595 4756 6987 6260 8493 7756 2763 2608 6957 110  723  986  2229 1832 3241 5448 3787 7314 4265 156  4735 2076 5201 4734 5699 7692 6169 1074 6631 3462 7147 5030 7609 5882 8061 6584 8511 7426 211  8264 809  692  1471 2876 2161 5444 2897 8116 3671 746  4451 1982 5261 3314 6067 4762 6869 6274 7699 7778 8597 
5400 3157 5520 4921 5850 7049 6210 1519 3520 4949 1140 391  5250 611  630  979  684  1205 2552 7455 3848 2349 4750 759  7030 1599 320  2379 740  3597 2444 4965 4012 6315 5452 7689 7060 927  8620 4923 6352 129  568  1461 1414 3043 4602 3505 6402 4039 8142 4501 1014 4981 3324 5447 6108 5959 114  6443 2238 6931 4642 7311 5464 7827 6206 8301 7006 7921 7870 491  64   1117 1732 1811 4124 2549 6772 3313 214  4051 1322 4871 2614 5657 4054 6451 5482 7307 7058 8161 8542 
1729 8100 4147 3840 5957 2040 8113 8520 3577 540  6811 1740 473  6510 793  5180 1189 1116 1385 3496 8295 4136 4761 5890 1173 7750 2121 220  2919 1780 4191 3172 5685 4768 7005 6308 8517 7748 2799 2672 7083 128  753  994  2253 1834 3265 5454 3799 7368 4279 204  4739 2148 5207 4764 5707 7716 6179 1086 6635 3522 7157 5026 7613 5866 8063 6586 8519 7432 223  8270 811  716  1481 2908 2179 5468 2903 8156 3673 758  4457 1994 5273 3326 6073 4766 6871 6326 7703 7814 8599 
3960 3367 7440 4807 7380 7163 6750 1813 4160 5047 1170 119  2460 629  1050 1007 7050 1343 1908 1507 3944 525  5032 609  6890 1659 5776 2397 820  3621 2492 4983 4018 6357 5516 7701 7076 963  8636 5013 6416 141  574  1473 1426 3047 4578 3523 6456 4043 8154 4511 1062 4979 3372 5455 6246 5963 138  6445 2274 6937 4646 7323 5446 7837 6198 8309 7010 3    7874 499  12   1123 1756 1823 4132 2551 6788 3319 218  4057 1346 4877 2638 5659 4058 6469 5498 7309 7066 8167 8546 
2093 6600 4199 5040 6061 6720 8041 8370 3479 600  7139 1860 301  3450 799  4550 1199 810  1403 2556 1585 4216 2175 5896 1239 7790 2133 260  2937 1708 4215 3196 5673 4780 7059 6340 8589 7772 2817 2768 7173 130  771  1010 2271 1846 3277 5478 3805 7266 4285 198  4747 2166 5213 4842 5713 7758 6181 1146 6641 3558 7165 5038 7615 5894 8065 6582 8531 7474 227  8282 821  722  1483 2932 2203 5492 2909 8212 3677 766  4463 2018 5279 3334 6079 4778 6883 6334 7717 7822 8609 
5280 3451 7680 5083 8400 7337 2520 2057 6080 5203 2940 209  2610 581  4350 1037 7110 1349 180  1513 3852 1679 5192 3555 6968 1743 704  2403 850  3657 2516 4953 3980 6369 5450 7707 7124 981  1024 5043 6544 159  584  1497 1432 3057 2266 3521 6438 4045 8178 4529 1068 4985 3396 5459 6252 5965 174  6455 2298 6941 4654 7341 5486 7849 6214 8315 7016 5    7882 503  18   1129 1772 1831 4156 2557 6796 3323 226  4073 1354 4889 2642 5669 4078 6473 5506 7321 7078 8171 8566 
2261 8580 4403 4500 5863 6300 8177 4200 3751 8190 7381 1890 517  3540 791  5310 1207 2000 1411 2628 1589 5436 1751 5992 5415 7912 285  308  2943 1694 4209 3212 5691 4820 7077 6350 8559 7774 2853 2864 7281 136  789  1016 2283 1864 3261 2438 3809 7398 4291 228  4741 2172 5219 4812 5723 7764 6185 1158 6649 3594 7169 5048 7617 5870 8067 6616 8529 7486 229  8286 823  724  1487 2956 2207 5524 2917 8252 3691 778  4481 2026 5281 3338 6089 4786 6899 6338 7723 7834 8623 
5760 3689 6960 4991 6660 7429 3360 2299 5460 5491 3150 253  4760 667  4380 1027 7470 1351 300  1517 3924 1685 6948 1835 7112 7725 448  1635 1204 3585 2528 5019 4028 6447 5536 7719 7136 1017 80   5067 6704 177  598  1509 1442 3053 2270 3453 2546 4055 8322 4531 1098 4997 3438 5461 6276 5969 186  6457 2334 6943 4658 7363 5470 7851 6226 8321 7042 11   7906 509  20   1151 1796 1847 4196 2579 6836 3329 254  4079 1366 4903 2654 5683 4106 6481 5534 7331 7082 8179 8578 
1771 2880 4277 4860 6083 3000 8437 5880 3971 5670 8107 2730 551  7770 817  5390 1219 2320 1417 2844 1603 5652 1763 168  1895 7826 345  364  2895 1804 4233 3232 5697 4796 7089 6356 8535 7828 2883 2896 7299 152  807  1022 2307 1886 3263 2422 3669 2702 4295 234  4757 2286 5221 4878 5729 7794 6187 1182 6667 3606 7171 5034 7619 5902 8071 6590 8549 7494 233  8290 827  764  1489 2972 2213 5596 2927 8276 3697 794  4483 2038 5297 3386 6091 4798 6907 6362 7727 7838 8627 
6120 3289 1440 5117 6900 7259 7830 2783 7140 5687 4410 319  4830 649  1470 1073 7620 1357 450  1529 4068 1687 7092 1837 408  1969 832  1695 1274 3615 2596 5037 4046 6441 5540 7743 7154 1143 112  5121 6736 183  590  1527 1448 3063 2278 3459 2570 3891 2834 4535 1164 5017 3474 5465 6282 5971 222  6463 2382 6953 4670 7361 5466 7855 6234 8327 7026 7    7898 521  28   1153 1828 1861 4204 2591 6884 3331 262  4091 1382 4909 2722 5689 4126 6491 5554 7333 7094 8191 8594 
2233 4800 4301 3900 6251 2970 8449 720  3887 1260 8303 3570 559  8610 803  5740 1241 2480 1441 2988 1631 5868 1765 216  1915 702  2051 416  2955 1862 4239 3260 5709 4828 7101 6358 8565 7844 2979 3056 7389 154  813  1030 2319 1898 3269 2456 3687 2714 4197 3032 4763 2292 5245 4908 5731 7836 6191 1194 6671 3642 7181 5090 7627 5898 8077 6610 8551 7496 239  8302 829  772  1493 3004 2221 5618 2939 8324 3701 802  4493 2042 5303 3394 6101 4822 6911 6374 7741 7846 8629 
6240 3311 1800 5159 7650 7511 5720 2009 5440 5819 5600 341  5320 671  1820 2871 8050 4563 700  1537 4332 1703 7164 1841 456  1967 930  2147 1276 3699 2540 5061 4064 6453 5548 7761 7172 1083 176  5139 6896 201  602  1563 1462 3065 4632 3545 2626 3903 2830 4377 3178 5027 3516 5473 6354 5977 282  6467 2406 6973 4696 7367 5494 7859 6254 8331 7046 17   7914 523  32   1163 1844 1867 4244 2593 6892 3343 274  4093 1402 4919 2734 5693 4138 6521 5578 7349 7114 8209 4    
2387 2160 4433 4140 6097 3720 8323 8360 2457 2720 3861 4480 5967 3920 1881 5950 3663 2560 5031 280  1633 6012 1769 264  1921 744  2059 1242 2191 1850 4251 3268 5727 4832 7107 6364 8601 7780 3033 3088 7407 170  831  1034 2361 1912 3287 5496 3811 2726 4227 3034 4593 3352 5249 4986 5747 7902 6193 1266 6677 3678 7183 5066 7629 5912 8079 6632 8545 7498 241  8312 839  788  1499 3028 2237 5636 2953 8332 3709 818  4507 2062 5309 3398 6113 4834 6917 6382 7753 7858 8641 
6840 3619 2400 5291 7740 7469 6630 2107 7360 6237 3680 5049 6440 8151 1960 3069 7540 2331 1900 6171 1750 1691 7596 1843 462  1985 966  2155 1416 2249 2620 5133 4108 6465 5564 7797 7180 1179 208  5193 6928 213  610  1569 1474 3071 4686 3551 6474 4061 2872 4413 3182 4821 3490 5489 6462 5983 246  6485 2454 6979 4706 7373 5518 7861 6262 8333 7048 13   7918 541  44   1171 1852 1871 4252 2609 6932 3347 278  4099 1418 4931 2746 5701 4162 6529 5582 7351 7118 8219 2    
2431 3240 4459 5100 6293 3510 8239 1200 3757 3040 7623 4640 6669 2240 1989 6020 2907 3280 3843 8450 7659 3410 1781 210  1927 714  2071 1218 2189 1674 2323 3296 5745 4844 7185 6368 8607 7850 3123 3152 7443 182  843  1048 2391 1910 3281 5502 3817 7446 4303 3058 4629 3358 5079 3634 5753 7908 6209 1338 6683 3702 7195 5074 7631 5918 8083 6618 8557 7510 251  8326 853  796  1511 3044 2239 5692 2957 8348 3719 838  4513 2066 5323 3418 6121 4846 6947 6406 7757 7862 8647 
7560 3553 2700 5369 7260 7567 7080 2023 7290 5243 3800 3003 5920 8613 2660 3159 8200 1911 2300 6273 770  2997 4930 1891 510  1991 984  2159 1464 2245 1806 2363 4172 6477 5566 7809 7196 1233 272  5283 7024 219  632  1623 1490 3073 4674 3569 6486 4069 8274 4537 3206 4827 3502 5331 3766 5989 258  6487 2514 6989 4718 7377 5522 7863 6266 8335 7064 19   7922 547  50   1181 1868 1873 4276 2617 6962 3359 298  4111 1438 4933 2762 5711 4166 6547 5594 7369 7142 8221 1    
