5544 8125 2772 3335 8778 5945 2964 7945 5256 2075 6996 6845 8748 395  3726 955  6672 1285 252  1655 2988 1937 8172 2215 918  2545 1938 2899 3030 3161 4110 3493 5226 3859 6402 4195 7566 4571 324  4891 1062 5263 2718 5617 4548 5993 6684 6401 8226 6671 4336 369  430  4869 1432 291  2422 1959 3454 3909 4430 6081 5446 7135 1002 7615 3594 8129 6482 8259 7330 73   8174 631  76   1289 1964 1999 4412 2719 7132 3517 334  4261 1502 5081 2866 5869 4262 6719 5714 7573 7274 8431 
5525 3024 1625 1848 4715 1386 7015 4428 175  5984 4775 7884 35   1968 695  5424 1145 7824 1415 1116 1807 5436 2095 456  2419 1464 2723 2442 3043 3498 3337 4530 3683 5754 4045 6942 4385 8178 4735 414  5105 1818 5447 3516 5803 5556 6179 7716 6535 592  8277 256  2367 938  7443 1928 1077 2914 2949 3914 4971 4952 6887 174  7355 2202 7859 5034 8383 6872 8797 7746 337  8582 953  916  1619 3236 2357 5804 3119 8548 3881 886  4673 2138 5501 3518 6301 5006 7129 6542 8009 8042 
6048 8525 4284 3445 1008 6035 2976 7885 5346 2225 6972 6925 8658 415  3792 965  6966 1315 288  1679 3204 1943 8244 2231 930  2533 1992 2911 3048 3173 4134 3503 5238 3865 6438 4207 7608 4573 192  4897 1068 5267 2724 5627 4596 6001 6714 6403 8292 6677 4432 387  434  4923 1442 303  2438 1977 3464 3921 4438 6087 5464 7133 1038 7619 3606 8131 6488 8301 7352 79   8194 641  92   1291 1996 2003 4418 2729 7148 3527 346  4271 1514 5087 2878 5879 4274 6733 5722 7577 7286 8443 
3575 4536 1705 2856 4745 1596 6955 3948 325  6174 4805 7904 85   1456 745  5456 1165 8016 1465 1332 1817 5364 2101 510  2413 1416 2735 2472 3035 3576 3349 4602 3695 5778 4039 7032 4381 8310 4739 444  5111 1854 5461 3546 5833 5532 6181 7758 6539 656  8283 676  2421 946  7461 1930 1101 2930 2973 3922 4989 4958 6881 186  7357 2238 7861 5118 8399 6874 8801 7766 347  8590 967  932  1621 3244 2371 5812 3121 8564 3889 898  4679 2174 5503 3554 6311 5042 7151 6598 8011 8054 
8064 6875 4704 3355 2268 5885 3096 8165 5124 2425 7008 7025 3072 445  3952 7245 7568 1345 396  1685 3042 1945 8388 2249 966  2561 1974 2921 3066 3193 4152 3505 5334 3869 6456 4213 7602 4559 1458 4907 1098 5269 2748 5629 4626 6005 6756 6407 8298 6697 4496 423  442  5013 1448 309  2456 1983 3470 3957 4454 6117 5470 7141 1074 7627 3642 8135 6494 8331 7366 83   8202 643  98   1297 2012 2011 4436 2731 7156 3529 358  4273 1522 5099 2894 5881 4282 6737 5758 7583 7318 8447 
4675 4368 1955 2184 4895 1632 6685 4392 275  6188 4825 7968 95   1904 2475 6032 7875 2816 1535 1452 1819 5652 2105 462  2435 1518 2743 2478 3047 3618 3341 4632 3679 5784 4055 7014 4387 8322 4741 486  5123 1884 5459 3582 5837 5598 6185 7764 6541 688  8289 484  2439 962  7551 1946 1119 2936 2991 3926 5001 4966 6891 5866 7361 2274 7871 5142 8401 6878 8809 7768 349  8598 971  956  1627 3284 2377 5836 3137 8572 3907 914  4691 2182 5507 3566 6317 5062 7159 6602 8017 8098 
6552 3025 4788 3485 2352 5995 3132 7955 5152 7425 7072 7075 8772 485  4144 3825 6992 1575 6292 1687 3492 1957 8604 2245 984  2567 1998 2929 3090 3197 4182 3497 5352 3883 6474 4223 7638 4577 60   4913 1164 5287 2796 5633 4668 6013 6822 6415 8334 6683 4528 477  470  5043 1462 321  2482 2019 3478 3963 4456 6159 5486 7143 6034 7631 3678 8137 6522 8611 7302 89   8206 647  116  1301 2036 2017 4468 2741 7204 3533 362  4283 1538 5101 2902 5897 4286 6761 5774 7589 7342 8461 
5225 5712 1885 3192 4945 1638 6935 4004 6885 6272 4455 8372 125  2064 755  5488 5445 3328 945  1496 1829 5868 2123 546  2449 1482 2747 2490 3053 3534 3353 4674 3707 5790 4061 7062 4393 8328 4747 492  5129 1926 5465 3684 5855 5604 6187 7772 6557 752  8313 1444 2493 970  7677 1958 1137 2938 3027 3928 5007 4978 6893 5882 7341 6154 7891 5154 8407 6886 8813 7782 353  8606 977  964  1637 3292 2381 5884 3163 8612 3911 922  4703 2186 5519 3574 6323 5078 7177 6614 8039 8102 
8568 4225 5292 3565 7938 6095 3108 8215 5852 8775 7448 8415 3136 505  3984 985  7504 6975 7424 1995 2176 1961 8676 2257 1026 2563 2058 2923 3102 3199 4170 3521 5358 3893 6486 4237 7626 4579 72   4915 1206 5299 2826 5645 4734 6017 6828 6431 8406 6707 4688 507  472  5067 1474 327  2486 2031 3490 3981 4462 6189 5494 7145 6056 7593 6262 8141 6526 8367 7358 97   8210 653  124  1303 2084 2027 4492 2749 7244 3539 382  4289 1546 5107 2906 5903 4306 6763 5794 7591 7346 8467 
6175 3696 2015 4158 5015 1716 7055 4116 425  6496 6435 7168 7695 2288 763  5632 5175 1568 1755 2024 3045 2728 2119 552  2429 1566 2759 2538 3065 3624 3377 4710 3737 5838 4063 7074 4399 8346 4757 516  5131 1956 5473 3732 5873 5634 6191 7774 6559 848  8319 1156 2523 994  7713 1970 1149 2954 3039 3934 5079 4982 6905 222  7367 6170 7773 6376 8067 6904 8817 7786 359  8614 983  1004 1657 3308 2383 5924 3167 8644 3917 926  4721 2194 5521 3578 6329 5086 7187 6626 8053 8114 
7392 7225 5376 3515 8624 6205 3036 8245 5166 2525 8288 5265 7744 4725 4048 5985 7696 1485 3724 3375 2392 3885 3608 2263 1032 2569 2010 2933 3144 3205 4218 3523 5370 3901 6504 4247 7710 4607 84   4927 1212 5293 2868 5663 4764 6019 6852 6433 8412 6739 4802 531  488  5121 1490 339  2488 2049 3502 4083 4490 6207 5518 7147 1086 7633 6266 7971 6530 8373 7390 101  8218 659  148  1307 2092 2029 4516 2753 7292 3541 386  4297 1574 5113 2918 5923 4322 6779 5806 7603 7354 8501 
7475 6384 2035 3864 5035 1656 6755 4446 575  6318 4925 8096 4095 3344 5355 6448 8085 4352 2145 5684 4125 3016 4935 4264 2443 1590 2761 2568 3071 3666 3365 4686 3713 5874 4069 7134 4411 8358 4763 522  5137 1962 5485 3756 5891 5706 6193 7780 6583 944  8355 2116 2529 986  7731 1978 1167 2984 3057 3938 5091 4990 6901 246  7363 2298 7895 6386 8079 6910 9    7798 367  8618 991  1028 1663 3316 2389 5932 3169 8716 3919 934  4723 2206 5527 3602 6337 5098 7193 6638 8059 8146 
8316 1105 5796 3625 1344 6215 3348 8015 5412 2575 7038 7325 2992 6615 4784 5775 7888 2205 7936 2805 728  4845 3784 6195 5032 2573 2130 2941 3186 3215 4242 3545 5394 3899 6648 4249 7878 4595 96   4939 1236 5305 2892 5671 4812 6031 6894 6437 8420 7557 4912 549  494  5139 1498 381  2494 2073 3512 4101 4498 6243 5522 7153 1146 7637 3702 8143 6538 8391 7414 103  8230 661  164  1319 2164 2039 4604 2767 7324 3547 394  4327 1594 5119 2942 5927 4358 6781 5818 7607 7382 8513 
8075 7728 2125 4914 5125 1824 6895 4512 245  6324 4975 8004 155  3536 3465 6256 8505 3872 1365 2432 3795 1736 5655 4136 7455 5896 2771 2562 3077 3738 3379 4728 3715 5886 4087 7170 4417 8376 4765 558  5141 2004 5489 3798 5893 5748 6209 7794 6587 976  8337 3364 2547 1010 7767 1990 1191 3002 3063 3962 5097 4994 6913 258  7373 2334 7897 5178 8411 6946 25   7802 373  8626 997  1052 1667 3356 2393 5948 3181 8812 3923 958  4729 2218 5531 3622 6343 5102 7207 6646 8069 8158 
8736 935  6804 3655 4928 6235 3366 8155 5382 2675 7068 7675 576  511  5168 6825 8272 3675 8228 2625 2584 4875 2632 6375 5192 8715 6784 2935 3198 3223 4266 3551 5448 3935 6594 4267 7890 4589 108  4955 1278 5311 2934 5677 4842 6023 6924 6439 8476 7587 4976 603  506  5193 1510 393  2504 2103 3514 4119 4504 6249 5528 7157 1158 7651 3714 8149 6546 8615 7338 107  8234 673  172  1321 2188 2053 4612 2777 7388 3557 398  4337 1618 5147 2962 5939 4406 6791 5834 7621 7394 8521 
6325 2016 2185 4872 5135 1836 6965 4524 475  6372 5275 8052 115  2106 785  6512 2835 4864 2415 1664 1155 3496 5805 4088 7905 6016 765  7462 3085 3768 3383 4746 3743 5934 4097 7194 4427 8382 4769 564  5143 2076 5497 3804 5899 5766 6227 7828 7185 1072 8421 3844 2637 1016 7893 2006 1203 3014 3093 3970 5127 5002 6927 5902 7379 2382 7903 5262 8413 6906 49   7806 379  8630 1009 1058 1669 3362 2399 5956 3187 8828 3929 974  4733 2234 5557 3646 6353 5114 7211 6658 8081 8182 
7056 715  7308 3685 7616 6305 3384 8195 5418 2645 7098 7775 2916 515  4272 995  8432 7605 1408 1785 2944 4305 3848 6555 5248 8745 6808 1815 8296 3227 4278 3569 5406 3937 6666 4265 7944 4601 90   4963 1284 5315 3006 5699 4878 6041 7002 6443 8492 7599 5008 639  518  5283 1526 411  2506 2127 3526 4143 4514 6261 5542 7149 6058 7655 3786 8153 6554 8617 7374 109  8238 677  188  1327 2228 2063 4652 2789 7442 3559 422  4339 1622 5153 2966 5953 4414 6793 5854 7639 7402 8527 
7865 3528 2255 5208 5335 1932 6985 4256 605  6396 5575 8118 145  2128 793  5936 6075 1792 2295 1672 3255 2552 5145 4472 7665 6136 825  7378 3015 2704 3385 4758 3749 5910 4109 7242 4405 8418 4771 636  5149 2034 5509 3972 5905 5844 6233 7836 6593 1136 8397 5476 2763 1022 7929 2008 1227 3026 3099 3982 5163 5014 6931 5894 7377 6182 7913 5286 8417 6918 121  7816 383  8634 1013 1076 1693 3412 2411 5972 3191 16   3931 982  4751 2246 5563 3662 6359 5158 7213 6662 8087 8186 
4032 1045 7644 3895 5824 6355 3402 8255 5586 2725 7084 7825 336  517  7770 1027 7952 8325 3388 3915 3128 4515 3944 6405 5336 8835 6902 1725 8294 4545 5696 3563 5430 3941 6690 4279 7998 4609 126  4979 1308 5317 3012 5707 4908 6049 7044 6445 8508 6731 5072 657  530  5337 1528 417  2510 2157 3530 4197 4526 6267 5546 7165 6062 7617 6278 8159 6558 8621 7386 113  8242 683  212  1361 2252 2069 4684 2791 7444 3571 446  4349 1642 5167 2974 5981 4426 6803 5878 7643 7418 8537 
7975 3276 2365 6216 5185 1944 7085 4312 725  6408 5675 8136 185  2544 799  1960 2871 2548 3105 7252 4185 3256 5565 4408 7755 5768 855  7546 3075 5776 6225 572  3763 5970 4103 7230 4439 8430 4811 666  5155 2148 5513 4014 5909 5892 6239 7844 6589 1168 8439 6724 2799 1030 7947 2014 1257 3032 3117 3992 5169 5018 6933 5912 7387 6184 7779 6394 8453 6974 169  7818 389  8638 1019 1084 1697 3428 2417 5996 3203 6    3943 998  4759 2258 5569 3694 6361 5182 7219 6686 8089 8198 
7488 1265 7812 3835 7872 5495 3552 8375 5236 2825 7236 7925 432  533  8120 1287 6650 3663 4732 3135 896  5535 3968 6765 5278 2025 6622 1845 8344 4575 6208 8145 1204 3949 6726 4291 7986 4613 132  4981 1314 5321 3084 5713 4986 6059 7116 6455 8588 7611 5296 711  536  5391 1534 447  2522 2181 3538 4227 4552 6297 5558 7167 6070 7629 6286 7977 6562 8403 7426 127  8248 691  236  1367 2276 2081 4724 2797 7468 3581 454  4357 1646 5171 2978 5987 4442 6823 5906 7649 7438 8539 
6545 2808 2375 6426 5365 2052 7205 4452 775  6432 5687 8148 205  2256 803  2380 3069 1840 4743 8036 4485 2072 5865 4424 7965 5698 975  7552 3195 8464 6255 608  435  1696 4105 7314 4415 8466 4781 708  5161 2166 5515 4044 5911 5958 6245 7852 7221 1250 8451 7396 2817 1034 7983 2054 1263 3034 3147 4010 5199 5026 6941 5930 7391 6190 7827 6398 8097 6986 289  7842 397  8642 1021 1108 1699 3436 2423 6044 3209 8    3947 1006 4783 2302 5573 3722 6367 5186 7229 6694 8093 8222 
5616 7525 8184 3965 8512 6565 3444 8305 5628 3125 7254 8275 528  535  4592 1881 6860 4059 8240 5247 952  5115 2744 7095 5432 5625 6952 1935 8398 4635 6464 8175 1274 1515 2108 4285 8022 4619 150  4997 1356 5327 3114 5723 5028 6065 7146 6457 8596 7641 5392 747  568  5409 1544 453  2534 2199 3544 4269 4558 6333 5570 7169 1182 7661 6296 7989 6568 8409 7430 131  8264 701  242  1373 2284 2083 4748 2801 7484 3583 458  4363 1654 5179 2986 6007 4474 6827 5914 7669 7454 8543 
7315 3456 1715 7632 5375 2088 7285 4644 845  6534 5725 8262 215  2576 2925 6608 3159 2000 2331 4100 6039 2296 6045 4522 7995 5992 1035 7592 3225 448  6675 644  465  1694 2187 2356 4429 8472 4777 726  5165 2172 5533 4086 5917 5988 6259 7850 7239 1264 8445 8836 2853 1048 8163 2056 1293 3058 3153 4024 5223 5030 6937 282  7397 2406 7909 6410 8121 6994 361  7864 401  8662 1031 1124 1709 3452 2437 6092 3217 10   3967 1018 4787 2306 5581 3734 6373 5218 7237 6718 8101 8254 
7344 7595 1584 3395 2304 5705 3588 8365 5664 3175 7272 7987 624  545  4816 4275 8176 4257 8560 3843 920  6903 2926 7155 5368 3645 6968 2115 8456 4815 6592 8475 1276 1545 2144 2505 2948 4627 156  4985 1422 5339 3156 5729 5046 6071 7188 6463 8608 7635 5552 801  574  5463 1558 471  2536 2217 3562 4281 4568 6339 5608 7171 1194 7663 3846 8173 6574 8457 7432 137  8270 709  244  1381 2308 2087 4772 2803 7492 3593 466  4373 1658 5189 2998 6011 4478 6829 5926 7673 7466 8563 
5005 3672 1855 8112 4585 2208 7375 4554 925  6588 5819 1530 259  2754 815  6656 6525 3332 4719 4700 6027 2750 7839 4466 8385 6104 1125 7672 3285 704  6705 736  555  1708 2193 2366 2889 3340 4819 738  5173 2286 5539 4122 5921 6036 6281 7902 6595 1328 8481 40   2883 1066 8199 2074 1299 3064 3183 4042 5241 5038 6943 354  7403 2454 7915 5298 8441 7006 529  7870 409  8666 1033 1132 1721 3508 2441 6124 3221 14   3989 1042 4789 2326 5591 3742 6379 5234 7243 6722 8111 8258 
8208 8225 1872 3535 4356 5845 3762 8435 5676 3275 7332 8183 2550 551  4656 1037 8528 2565 4508 5301 1000 6909 3880 1539 5474 495  7112 2175 8536 4905 6848 8595 1292 1605 2204 2553 2890 3243 3796 5017 1494 5345 3174 5731 5052 6077 7212 6467 8622 6743 5584 867  584  5517 1562 489  2542 2229 3586 4287 4570 6387 5614 7181 1266 7679 3858 8185 6582 8633 7422 139  8282 719  268  1399 2348 2089 4804 2819 7508 3607 478  4391 1678 5197 3022 6029 4486 6833 5938 7681 7478 8573 
7735 2376 2065 8784 4795 2232 7345 4692 1025 6612 5825 8268 287  3660 791  5340 1207 2156 3315 8428 6171 2840 8091 4130 5427 6118 1215 7784 3525 832  6795 748  615  1748 2121 2444 2877 3350 3597 4232 5177 2292 5545 4164 5933 6066 6283 7868 6605 1424 8493 56   2979 1054 8271 2086 1317 3070 3189 4066 5259 5048 6953 318  7405 2514 7939 5322 8459 6978 841  7874 419  8682 1039 1172 1723 3524 2447 6172 3229 22   4001 1046 4793 2342 5623 3746 6389 5242 7247 6742 8117 8266 
6336 8575 2448 3605 6084 6055 3816 8393 5688 3425 7326 8381 2580 553  4650 1043 6150 1363 6076 3705 1288 7011 2590 1863 4930 1521 7106 2325 8576 5085 6976 8685 1316 1635 2236 2595 2924 3297 3820 3999 4708 5353 3222 5747 5058 6085 7218 6485 8628 6749 5648 873  590  5547 1570 501  2546 2253 3590 4299 4582 6393 5626 7183 1338 7697 3882 8189 6584 8639 7474 149  8286 727  284  1409 2372 2099 4852 2833 7516 3613 482  4397 1706 5209 3046 6037 4502 6841 5942 7687 7522 8581 
8645 4224 2135 8496 4865 2244 7385 4824 1075 6636 5975 8436 319  3690 817  5490 1211 8010 1529 8092 4785 2408 8109 4270 5751 5750 273  7808 3555 1088 7065 812  645  1804 2163 2516 2895 3404 3621 4268 4233 5150 5543 4188 5935 6108 6289 7876 6613 1552 8517 70   3033 1070 8361 2104 1329 3074 3207 4072 5277 5066 6973 366  7409 2526 7957 5442 8465 7016 961  7882 421  8686 1049 1228 1733 3532 2459 6196 3251 26   4003 1082 4799 2362 5639 3754 6397 5266 7253 6746 8123 8278 
4752 4375 2592 3745 1296 6265 3828 8395 5724 3475 7416 8405 648  559  8610 1067 6390 1379 8720 5499 1064 4995 3304 2349 5080 441  6490 651  8584 5025 7232 405  1312 1695 2272 2607 2996 3333 3836 4017 4756 4683 5548 5753 5094 6103 7284 6487 8620 7683 5744 909  598  5553 1576 519  2570 2271 3592 4317 4610 6411 5630 7199 1362 7709 3918 8197 6586 8499 7486 151  8290 733  292  1423 2396 2111 4868 2837 7556 3617 502  4409 1714 5227 3062 6043 4534 6857 5998 7691 7534 8597 
2275 4104 2345 1728 5215 2484 7505 4576 1175 6664 6025 8442 235  2832 851  2660 1219 8220 1537 5780 6201 2618 6345 4186 5913 5830 351  7240 897  1216 7275 836  705  1862 2211 2492 2943 3424 3615 4292 4239 5216 5055 6112 5941 6246 6295 7908 6611 1616 8535 88   3123 1090 8427 2110 1347 3082 3261 4082 5331 5074 6979 402  7415 2586 7961 5466 8471 7010 1369 7898 431  8696 1051 1244 1741 3548 2467 6212 3253 34   4007 1094 4801 2374 5641 3758 6421 5294 7283 6778 8147 8306 
7128 1225 2736 3815 792  6307 3936 8449 5742 3725 7434 8425 816  565  4698 1079 6420 1387 8750 5577 1160 7137 2968 7125 5504 2601 6670 627  7880 1173 8128 1875 1352 1887 1580 2613 2950 3399 3892 4023 4780 4731 5566 5343 6566 6107 7356 6493 8636 7689 5872 927  602  5571 1582 537  2626 2283 3598 4341 4616 6423 5654 7195 1374 7711 3954 8201 6590 8511 7496 157  8302 739  316  1427 2404 2113 4892 2843 7604 3623 514  4421 1718 5231 3086 6047 4538 6863 6002 7699 7538 8599 
2975 3432 2465 2112 5285 2508 7553 6270 1519 6688 6253 8364 265  2928 835  5994 1241 8340 1541 5300 6069 2920 8217 4736 8235 6232 357  7250 969  8690 1431 868  795  1876 2241 2528 2919 3460 3657 4316 4323 5194 5073 6116 5745 7004 6313 7924 7257 1648 8559 104  3141 1096 8433 2114 1371 3110 3273 4090 5349 5090 6989 426  7421 2598 7967 5514 8473 7042 1681 7906 433  8702 1061 1252 1747 3628 2473 6236 3257 38   4013 1114 4813 2386 5647 3778 6427 5314 7297 6782 8161 8314 
6864 595  3312 3875 864  6335 3876 8533 8250 3703 990  8477 912  581  4848 1055 7152 1391 180  1691 1240 7047 2870 2511 5434 315  7144 663  7810 1209 8192 225  1364 1905 2212 2619 2980 3363 3860 4011 4768 4665 5572 5385 6572 6123 7406 6771 8650 7701 5968 963  610  5679 1586 543  2630 2307 3614 4353 4630 6429 5662 7217 1398 7715 3966 8203 6610 8529 7498 167  8312 743  332  1429 2428 2129 4916 2851 7628 3631 526  4423 1726 5233 3098 6053 4546 6869 6022 7703 7558 8609 
3325 4968 2405 6888 5395 2664 7469 6630 1813 6080 5887 1710 301  4020 869  6096 1195 8304 1561 1476 1837 1190 8307 4250 6399 6248 1275 7714 999  400  1419 884  885  1892 2235 2596 2967 3476 3633 4324 4245 5252 5133 6164 5757 7018 6465 7942 7263 1712 8565 128  3177 1102 8469 2134 1383 3112 3279 4094 5361 5122 6995 438  7423 2634 7969 5574 8479 7046 1849 7914 439  8706 1063 1268 1753 3644 2477 6268 3259 46   4019 1126 4817 2402 5651 3802 6449 5318 7307 6814 8167 8318 
8424 385  3888 3905 1764 6365 3978 8701 720  3871 780  8591 2610 583  8680 1073 7248 1355 468  1711 3468 1963 3010 2997 5110 3249 7192 2385 8554 1221 8384 105  1376 1917 2254 2679 3020 3417 3916 4029 4796 4695 5588 5397 6596 6129 7456 6777 8660 7707 6064 981  632  5769 1592 573  2648 2319 3634 4359 4634 6459 5672 7201 1434 7721 4038 8207 6616 8553 7510 163  8326 751  338  1433 2452 2131 4924 2857 7652 3637 538  4441 1754 5237 3106 6067 4562 6871 6038 7717 7586 8623 
1925 4992 2485 2496 5405 2142 7535 4836 2009 7290 6223 1740 323  4830 871  3220 1243 8586 1555 1548 1835 6012 2147 4280 6723 5960 399  7832 3735 1472 7335 928  915  1888 2265 2656 2937 3488 3699 4396 4371 5324 5061 6140 5781 7028 6477 7940 7287 1744 8589 110  3231 1106 8523 2146 1389 3122 3291 4102 5367 5126 6999 5918 7427 2658 7979 5622 8483 7048 2209 7918 443  8718 1069 1324 1759 3676 2503 6284 3271 58   4021 1138 4831 2426 5653 3814 6451 5326 7309 6826 8171 8354 
3744 665  3564 3955 936  6625 3612 8455 5772 4067 1020 8771 2790 611  2800 1683 7420 1397 588  1703 3636 1967 120  2279 5170 4761 6680 741  8602 5325 8768 135  1372 1965 2312 2667 3050 3423 3940 4047 4820 4767 5612 5421 6620 6141 7450 6789 8668 7719 6128 1017 638  5787 1598 579  2662 2361 3638 4377 4642 6483 5678 7179 6086 7729 4062 8213 6618 8651 7494 173  8338 757  356  1439 2468 2137 4948 2861 7724 3643 542  4447 1762 5261 3118 6073 4574 6883 6046 7723 7594 8627 
2695 5304 2555 3264 5453 2574 7565 4662 1325 6708 6413 1860 329  3870 893  3500 3267 2320 1577 1692 1841 6228 2149 570  2461 5810 429  7210 1107 1856 7515 968  1005 1924 2247 2620 3009 3484 3723 4384 4251 5260 5109 6148 5763 7052 6501 8020 7317 1808 8601 130  3303 1112 8577 2152 1401 3130 3309 4118 5403 5128 7003 5944 7401 6194 7981 5646 8485 7026 2809 7922 449  8728 1087 1348 1777 3698 2521 6316 3299 62   4027 1142 4861 2434 5657 3826 6469 5342 7321 6866 8179 8402 
4896 805  4176 4015 1152 6517 3996 8515 5814 3775 7476 8833 2850 623  4770 1081 8260 4329 700  1717 3708 1969 216  2291 1110 2581 6790 759  7910 1269 4096 195  1484 1947 1660 2697 3052 3345 3956 4035 4828 4773 5620 5451 6604 6135 7514 6837 8684 7743 6224 1083 658  5823 1606 591  2666 2391 3656 4413 4646 6537 5690 7197 6088 7647 6298 8227 6632 8653 7528 179  8342 761  388  1447 2476 2141 4996 2879 7732 3659 554  4451 1766 5273 3134 6079 4586 6899 6074 7727 7606 8629 
3185 4488 2665 7182 5555 2652 7567 4884 1475 6678 6275 8484 341  4230 889  5550 1247 2480 4797 5900 1843 6348 2155 594  2471 1608 2773 7310 1023 8710 1479 992  1065 1952 2289 2540 3021 3556 3729 4448 4395 5344 5151 6176 5817 7076 6495 7964 7305 2032 8607 136  3357 1118 8703 2158 1437 3154 3327 4142 5433 5134 7009 5954 7419 6202 7851 6430 8133 7064 3481 7926 457  8734 1091 1388 1783 3716 2531 6332 3301 74   4049 1154 4871 2446 5659 3862 6473 5354 7331 6898 8191 8422 
3168 455  4464 3995 504  6655 4056 8555 5856 3925 7548 8675 1104 589  4980 1057 6540 1393 800  4221 1430 1981 264  2285 1122 2587 2046 2947 7790 1239 160  1599 1504 1971 1690 2703 3038 3405 4012 4053 4832 4755 5668 5457 6644 6153 7502 6855 8672 7761 6352 1143 646  5877 1630 597  2674 2427 3658 4443 4654 6609 5710 7223 6094 7653 6302 8013 6634 8571 7526 181  8362 769  404  1451 2524 2143 5036 2887 7796 3671 562  4457 1774 5279 3142 6089 4594 6907 6082 7741 7642 8641 
4025 5016 2765 3648 5665 2394 7585 4998 1675 6762 6425 8514 295  3216 899  5820 1253 8670 1589 6050 6111 2990 2159 696  2455 1554 2785 2616 3073 2500 1443 350  1749 1150 2337 2668 2955 3572 3741 4444 4401 5332 5157 6220 5811 7060 6507 8032 7329 2096 8643 152  3411 1130 8739 2162 1461 3170 3351 4154 5469 5138 7017 5962 7431 6206 7863 6446 8139 7090 3721 7928 461  8738 1093 1396 1787 3748 2539 6388 3307 82   4051 1174 4877 2458 5669 3866 6481 5366 7333 6914 8209 8434 
5148 875  4212 4255 672  6665 3234 8695 5916 4075 7584 8725 1134 629  3920 1111 6450 1403 300  1739 1640 7119 3770 2317 1128 2599 2136 2951 3162 3233 140  1581 650  2013 1780 2727 3068 3429 3950 4071 4844 4833 5644 5487 6692 6177 7460 6873 8692 7797 6416 1179 664  5931 1634 633  2678 2433 3670 4449 4658 6621 5726 7233 6106 7671 6310 8031 6674 8583 7562 191  8366 773  412  1453 2564 2153 5108 2897 7804 3673 566  4463 1814 5281 3158 6091 4618 6911 6098 7753 7646 8647 
4165 5928 2585 7224 5605 2436 7625 4956 1525 6776 6575 8526 305  3078 901  4060 1261 240  1591 1908 1853 3160 8253 4360 2453 1674 2779 2622 3091 3774 3397 380  1659 1180 2343 2650 3051 3550 3753 4450 4407 5290 5181 6244 5829 7124 6519 8084 7347 2192 8655 154  3447 1162 8793 2168 1473 3176 3369 4168 5493 5144 7023 5966 7435 6214 7899 6454 8157 7096 4489 7946 463  8744 1097 1412 1789 3764 2543 6404 3313 86   4057 1186 4889 2462 5683 3898 6491 5374 7349 6922 8219 8438 
5472 1015 4608 4345 756  6695 3654 8585 5922 4175 7668 8825 1232 635  4944 1121 6570 1411 450  1727 3852 1991 3910 8757 5240 2603 2190 2959 3210 3239 4296 3587 740  2001 1850 2739 3104 3441 3980 4077 4850 4809 5650 5511 6716 6183 7532 6915 8708 7815 6544 1233 670  5949 1670 669  2686 2463 3674 4461 4670 6639 5734 7231 1446 7739 6346 8049 6682 8637 7570 193  8374 787  428  1459 2572 2161 5116 2903 7892 3677 586  4481 1822 5297 3166 6101 4622 6917 6122 7757 7666 8663 
4235 6528 2755 7896 5681 2464 7705 5076 1445 6786 6419 8532 335  3248 865  6288 1267 8730 1603 2028 1865 6444 2167 4370 7203 6040 2807 2670 3097 3810 3403 4776 3787 1210 2301 2716 2985 3604 3759 4460 4431 5350 5211 6250 5871 7136 6513 8132 7359 2224 8679 170  3501 1166 81   2198 1497 3178 3387 4184 5541 5146 7031 498  7439 2694 7985 6466 8187 7102 5041 7954 467  8754 1103 1436 1801 3788 2549 6428 3319 94   4073 1198 4903 2474 5689 3902 6521 5378 7351 6926 8221 8458 
6624 1085 5328 4085 924  6715 3822 8635 5964 4325 7704 625  1392 649  5022 1099 6780 1417 612  1735 3924 1985 168  2321 5270 6561 6710 2977 3270 3241 4344 3589 5454 3953 1940 2769 3116 3435 4028 4089 4876 4887 5660 5523 6728 6213 7550 6939 8722 7809 6704 1251 682  6057 1688 681  2690 2469 3682 4467 4696 6663 5738 7235 1506 7745 4098 8249 6698 8657 7554 197  8378 797  436  1471 2588 2179 5132 2909 7916 3691 614  4483 1838 5303 3194 6113 4666 6947 6134 7759 7694 8669 
4655 6072 2635 6006 5695 2604 7645 5088 1805 6816 6647 8544 343  4260 913  6030 1271 810  1631 2124 1883 6498 2165 702  2479 5890 459  7370 3101 3834 3401 4794 3755 6024 4117 2684 3081 3596 3765 4484 4509 5348 5217 6260 5883 7154 6549 8134 7365 2384 8697 184  3573 1178 15   2216 1509 3182 3453 4190 5583 5162 7033 474  7441 2742 7991 5682 8489 7086 5329 7958 479  8758 1109 1468 1811 3812 2551 6436 3323 106  4079 1202 4909 2498 5693 3946 6529 5386 7369 6934 8231 8462 
6732 1235 6468 4465 1056 6745 3808 8815 5976 4205 7686 55   1488 667  2240 1133 7050 1441 684  1745 4068 2005 312  2305 1218 2623 6890 777  7930 3247 4326 3595 5478 3959 6744 4295 3124 3471 4018 4065 4964 4899 5728 5529 6740 6231 7580 6963 8732 7833 6736 1341 686  6093 1702 687  2696 2481 3686 4479 4706 6711 5752 7241 1542 7747 4146 8251 6654 8659 7576 199  8386 809  452  1481 2612 2203 5156 2917 7948 3697 622  4493 1858 5309 3202 6121 4678 6949 6158 7789 7702 8677 
5075 6696 2795 7854 5735 2646 7685 5082 1775 6916 6725 8556 355  3472 7293 4340 1273 2560 1633 2178 1891 6516 2173 714  2483 1704 2813 7640 987  320  3419 4806 3781 6018 4115 7266 4435 3616 3783 4532 4503 5356 5205 6304 5889 7172 6531 8150 7383 2416 8733 182  3609 1192 21   2222 1527 3206 3459 4202 5601 5174 7037 534  7445 2766 7997 5718 8491 7122 6241 7962 487  8762 1117 1492 1823 3868 2557 6452 3329 118  4091 1214 4919 2518 5701 3958 6547 5398 7393 6938 8233 8482 
6912 1295 5508 4355 1176 6721 3906 8755 6132 4475 7788 2401 1536 655  5264 1989 8050 4437 980  1751 4332 2021 210  2323 1230 2611 2214 2981 7960 1281 200  3599 5496 3973 6792 4303 8046 4631 4046 4155 4972 4893 5746 5505 6748 6285 7564 6951 8756 7845 6896 1359 710  6147 1730 699  2698 2487 3688 4497 4718 6717 5762 7249 1578 7751 4206 8257 6702 8665 7574 211  8390 811  508  1483 2636 2207 5164 2927 7972 3701 626  4507 1874 5323 3214 6131 4682 6959 6166 7793 7706 8681 
5425 6264 2875 8232 5785 2784 7667 5096 1975 6936 6713 1950 371  3408 895  6832 3393 2960 4959 6100 1897 6876 2171 744  2489 1752 2815 2712 3103 1984 1491 460  3791 6042 4121 7368 4453 8478 4829 4556 4551 5372 5235 6308 5835 7196 6567 8164 7413 2512 8763 190  3681 1208 27   2230 1563 3208 3489 4210 5613 5176 7041 5974 7447 2778 7999 5802 8495 7126 6889 7966 491  8770 1123 1516 1831 3884 2579 6476 3331 122  4093 1226 4931 2554 5711 3974 6551 5414 7411 6982 8237 8486 
7524 1435 5808 4495 1188 6461 3000 2057 6144 4361 1140 77   2820 671  5136 1115 8704 1197 1100 4263 1480 2033 270  2327 1242 2605 2226 2965 3288 3235 352  1647 820  3961 6798 4307 8034 4633 204  5027 4988 4917 5782 5559 6752 6291 7588 6945 8788 7869 6928 1413 712  6219 1738 717  2702 2517 3704 4533 4726 6729 5770 7251 6130 7763 4254 8261 6706 8661 7582 227  8392 821  524  1487 2644 2213 5188 2939 7988 3709 634  4513 1882 5333 3218 6133 4694 6961 6178 7817 7726 8689 
5635 7296 2905 4416 5369 7260 7847 6360 2023 7360 6727 2070 377  3570 923  6576 1205 5408 2499 6700 6273 770  2183 690  2491 1722 2827 2814 3095 3894 3409 500  1743 1220 4141 7398 4469 8490 4837 732  5183 5380 5253 6340 5901 7180 6591 8188 7437 2608 8769 230  3771 1222 51   2242 1569 3262 3513 4234 5619 5198 7051 5986 7453 2802 8003 5826 8497 7138 7921 7970 499  8774 1129 1532 1847 3908 2591 6484 3343 134  4099 1234 4933 2558 5717 3986 6553 5422 7417 6998 8243 8506 
7776 1375 5904 4445 1224 6601 3480 8687 7590 4753 1170 119  3180 703  4900 1139 7536 1385 7436 4473 1720 7191 3416 2329 1254 2615 2262 2983 3294 3263 4374 3601 850  2037 2060 4309 8058 4667 198  5029 1524 5357 5792 5649 6764 6303 7636 6981 8764 7881 7024 1467 730  6309 1742 723  2710 2559 3706 4569 4738 6753 5798 7255 1614 7765 4314 8267 6712 8683 7598 223  8394 823  548  1489 2692 2221 5204 2953 7996 3719 662  4517 1894 5347 3226 6143 4702 6967 6218 7823 7754 8693 
5915 7752 2915 5568 5467 8460 7733 6750 2107 8000 6811 2220 391  3080 8073 3850 1313 8592 1565 1768 6327 1610 8541 4510 2507 1806 2831 2706 3107 3912 3415 4818 3799 1340 2373 2740 4487 8646 4835 774  5191 2316 5549 6350 5907 7228 6573 8180 7449 2672 8787 238  3789 1246 33   2248 1623 3266 3543 4238 5631 5206 7045 582  7463 2874 8005 5862 8503 7158 5    7976 503  8776 1151 1556 1861 3932 2593 6508 3347 142  4111 1238 4937 2566 5737 3994 6563 5426 7433 7022 8263 8518 
8352 1495 1512 4505 1248 6391 3510 8729 8360 5733 3040 91   3330 689  1120 2223 8330 1457 768  1757 1870 7353 3290 3483 5330 2627 2322 2987 3318 3265 4386 3611 5538 3977 2020 2751 3140 4661 228  5033 1572 5359 3228 5759 6844 6315 7612 6969 8780 7887 7088 1503 742  6381 1778 753  2714 2571 3730 4593 4744 6787 36   7261 1626 7769 4362 8279 6730 8711 7618 229  8408 827  556  1493 2708 2237 5212 2957 8012 3727 674  4519 1906 5351 3238 6151 4714 6971 6238 7829 7762 8699 
6125 7656 2945 8008 5795 2952 7777 7080 2303 6400 4851 4600 403  4760 8151 5180 3627 3280 1639 2196 1909 1750 8349 4520 7209 6110 2839 2838 3127 3942 3421 4890 3811 6102 4151 2756 3111 3580 4841 804  5195 2358 5561 4194 5947 7264 6585 8204 7467 2768 8799 232  3879 1256 39   2264 1641 3272 3561 4246 5637 5210 7061 606  7465 2922 8021 5898 8507 7174 3    7982 509  8786 1153 1588 1867 3964 2609 6548 3359 146  4127 1262 4943 2578 5741 3998 6569 5438 7451 7034 8269 8522 
7956 1505 6768 4625 1092 6785 4128 8827 1200 4901 3400 2079 5800 5643 1400 2277 8540 4563 1280 1763 4572 2041 3430 3321 5480 7569 6920 2993 3306 3269 4470 3629 5502 3979 6810 4319 3146 3477 4064 5045 1602 5363 3252 5755 5172 6109 7648 6987 8804 7911 7184 1557 754  6471 1784 771  2726 2577 3736 4629 4790 6797 24   7265 1662 7771 4398 8285 6738 8705 7622 233  8414 829  578  1499 2732 2239 5228 2963 8044 3733 694  4523 1934 5381 3242 6163 4742 6977 6242 7841 7778 8707 
6475 7176 3115 5832 5797 2912 7843 7320 2527 900  6877 4640 3003 6560 8613 4550 3519 3440 2541 7100 1903 6948 2189 4648 7857 6230 513  7490 3113 3930 3431 5010 3809 6168 4163 7446 4501 3620 3813 4564 5207 2364 5567 4236 5951 6252 6319 8224 7473 2864 8805 248  3897 1258 57   2266 1671 3278 3579 4294 5667 5224 7063 618  7471 2946 8023 5946 8509 7178 7    8018 521  8798 1163 1604 1871 3988 2617 6628 3361 158  4129 1282 4951 2582 5743 4006 6571 5458 7457 7054 8273 8542 
8448 1615 6192 4459 5220 6919 2520 1573 1620 4949 1350 133  5920 4389 6760 2673 5120 1323 1300 4557 1880 2047 378  2315 5512 8649 6970 783  7990 3277 4422 3647 5562 3983 6834 4313 8070 4681 4108 4161 5012 5371 3258 5761 5196 6115 7362 6497 1024 7923 7312 1587 776  6543 1790 789  2758 2589 3766 4647 4792 6799 30   7271 1686 7781 4434 8299 6754 8691 7610 239  8426 839  596  1511 2738 2243 5276 2969 8068 3739 698  4547 1942 5387 3254 6173 4754 6983 6274 7853 7814 8713 
7105 7722 3145 5952 5551 8550 8041 5880 3509 360  6929 2250 413  5980 6699 7820 3969 3760 2583 7220 6321 3190 2197 798  2495 6314 621  7630 1131 2368 3427 4902 3785 6162 4135 7458 4471 8502 4843 4540 4521 5396 5579 4302 5959 6276 6331 7932 6617 2896 8823 250  3951 1270 69   2270 1689 3286 3603 4298 5703 5222 7067 642  7483 2994 8027 5982 8519 7190 11   7994 523  8810 1171 1636 1873 4036 2621 6652 3371 166  4133 1286 4957 2594 5749 4022 6577 5462 7459 7058 8287 8546 
8712 1645 6156 4543 5100 6643 3720 1859 7980 4961 1260 143  3450 679  7400 8127 8740 1617 1700 4599 2090 7533 3542 2335 1272 2641 7070 837  8030 1311 220  3649 5592 3985 6846 4315 8088 4645 234  5053 5020 4929 5764 5765 5268 6119 7404 6499 8724 6751 7376 1611 782  6597 1786 807  2770 2631 3782 4659 4808 6801 5786 7273 1698 7783 4458 8309 6758 8709 7624 241  8446 853  604  1523 2764 2251 5284 2971 8108 3761 706  4549 1954 5393 3274 6197 4762 6991 6326 7867 7822 8719 
7175 7992 3055 7104 5621 8700 7889 7830 3751 8190 7139 3150 407  4350 917  7150 5103 4240 2709 7900 6363 3230 1053 4664 2501 1770 2867 7670 1029 2624 1533 550  3827 6222 4145 7464 4499 8616 4847 846  5201 5420 5271 6358 5963 6282 6341 7974 6623 3056 729  266  3987 1298 87   2278 1707 3298 3639 4310 5721 5230 7053 5990 7493 3018 8033 6054 8531 7198 13   8062 541  8822 1181 1676 1877 4052 2633 6668 3373 178  4139 1294 4967 2602 5779 4034 6581 5482 7477 7066 8291 8566 
5184 1595 2688 4565 1368 6851 4440 539  4050 5203 7280 187  840  697  5070 1141 1600 1449 1900 5229 2120 7227 3710 3807 5510 2629 2328 3013 8170 1407 260  1653 940  3991 6858 4321 8094 4685 276  5057 1644 5377 5828 5595 6812 6127 7428 6503 8766 6757 7408 1629 790  6627 1802 813  2774 2643 3790 4677 4814 6807 5816 7269 6142 7787 4506 8315 6766 8717 7634 251  8454 857  628  1531 2804 2267 5308 2999 8116 3767 718  4561 1966 5399 3314 6199 4766 6997 6334 7873 7834 8731 
7007 8832 3245 8694 5863 6720 8437 8040 2597 480  7381 4410 437  5250 943  6060 1331 4720 2961 7300 6417 1330 8487 4690 8181 6280 2863 2862 3131 2752 1551 490  1767 1420 4169 7506 4511 8742 4849 852  5213 2388 5585 6356 5955 7268 6347 8076 6629 3088 45   286  4041 1304 93   2282 1713 3302 3651 4318 5739 5246 7071 6008 7495 3054 8035 6078 8545 7202 17   8066 547  8824 1187 1682 1879 4076 2647 6676 3389 194  4153 1306 4969 2606 5783 4054 6599 5498 7481 7078 8293 8578 
8640 2639 7452 4615 1428 7163 3360 2299 5200 5047 1380 209  1890 713  420  1147 7110 1469 2300 4977 2210 7659 3094 4293 5530 297  7030 3007 3336 3281 224  1677 1060 2091 2140 4331 8106 4687 294  5063 1668 5383 3324 5767 6868 6351 7660 6509 8796 6767 7472 1719 806  6651 1810 831  2776 2649 3794 4701 4826 6805 5822 7277 1758 7795 4542 8321 6774 8735 7654 257  8474 859  652  1543 2836 2269 5444 3001 8156 3769 734  4567 1982 5407 3326 6203 4778 7001 6338 7877 7838 8737 
5929 8160 3731 8256 5875 2898 8177 1680 3971 540  7267 7350 451  5320 949  5390 1333 3750 1643 8300 6489 3224 6105 4712 8343 6290 483  7720 3133 4002 3439 580  1833 1450 2379 2780 4531 8790 4853 876  5219 2466 5587 4308 5965 7276 6603 8284 6635 3152 63   290  4107 1310 111  2290 1731 3310 3669 4328 5793 5254 7073 654  7501 3126 8045 6114 8549 7206 19   8072 557  8826 1193 1684 1889 4084 2657 6772 3391 202  4157 1318 4973 2614 5791 4058 6607 5506 7487 7082 8297 8594 
7200 2717 4080 4669 1404 6815 4092 2873 5670 5239 2100 221  3990 731  630  1157 7470 1477 828  1769 2360 7581 4216 7035 5576 189  7160 861  8440 3287 4482 3641 860  2067 2050 2781 3164 4699 306  5065 1746 5389 3372 5771 5274 6139 7676 7005 112  7953 7664 1737 808  6687 1798 843  2782 2661 3806 4713 4838 6809 42   7279 1842 7799 4566 8327 6770 8743 7662 263  8488 863  668  1549 2876 2273 5468 3011 8212 3779 746  4583 1994 5413 3334 6211 4786 7013 6362 7879 7846 8741 
8281 8280 3773 2340 5593 2904 7805 5112 3757 6930 7943 7700 481  6090 979  5740 1339 4880 1649 2412 1919 3250 8631 4862 8265 6344 561  7750 1113 3008 3437 5064 3817 1460 2397 2812 3165 3652 4855 948  5221 2502 5597 4338 5969 6354 6349 8236 7479 3184 75   296  4113 1334 123  2294 1761 3322 3687 4330 5799 5272 7081 678  7513 3138 8047 6126 8551 7222 29   8074 563  8830 1201 1724 1901 4124 2659 6788 3407 206  4159 1322 4987 2638 5801 4078 6619 5534 7489 7094 8311 8654 
7920 2821 4560 4697 3900 6923 4248 8785 6138 5491 2940 247  2310 767  1050 1159 7620 1501 882  1765 4716 2051 4030 567  5704 525  7384 903  8510 1353 340  3653 5658 3997 2150 2829 3172 3495 4114 5069 1734 5401 3396 5773 5316 6145 7542 6505 176  7959 7792 1773 814  6759 1816 849  2786 2721 3818 4737 4856 6817 54   7289 1866 7801 4614 8333 6794 8727 7658 269  8494 877  692  1553 2908 2281 5492 3019 8252 3793 758  4591 2018 5417 3338 6217 4798 7019 6374 7883 7858 8747 
1547 5940 3913 2400 5719 8800 7973 5244 1825 6944 8107 7840 493  6440 1003 6020 1343 5000 1651 2556 1895 7092 2177 4730 8667 6392 1305 8024 1161 3392 1593 620  3829 6312 4181 2828 3201 3626 3819 4580 5249 2532 5599 4404 5971 6462 6371 8082 6631 3376 99   310  4149 1336 129  2314 1779 3346 3693 4334 5847 5258 7087 762  7519 3246 8051 6186 8561 7256 23   8078 569  8834 1213 1732 1907 4132 2663 6796 3413 214  4177 1346 4993 2642 5807 4106 6637 5554 7499 7114 8317 8674 
6480 2737 2640 4823 4950 7021 4290 833  6204 4525 7848 253  2730 737  1470 1177 7860 1507 972  1781 5004 2045 384  2353 5560 231  7208 2535 8648 5415 308  1809 950  4031 6870 4367 3196 3531 4148 4137 5024 5411 3438 5777 5388 6155 7572 6511 48   6769 7856 1791 824  6813 1826 879  2792 2733 3830 4749 4858 6819 5842 7295 1878 7807 4638 8335 6802 8749 7674 271  8498 881  716  1559 2932 2287 5524 3023 8276 3797 766  4597 2026 5419 3386 6221 4822 7027 6382 7901 7862 8753 
1001 3600 3857 1980 5831 1080 8029 5720 2891 6984 6775 8652 473  6510 989  5950 1349 5360 1661 2628 1915 7164 2191 750  2497 6520 609  7912 3975 3776 7575 988  1869 1550 4171 7512 4529 3610 3801 4588 4539 5428 5603 4476 5977 6492 6377 8124 6641 3568 117  322  4167 1342 141  2318 1797 3352 3711 4342 5853 5282 7091 786  7531 3282 8057 6198 8557 7258 31   8086 571  64   1217 1756 1913 4156 2671 6836 3433 218  4201 1354 4999 2654 5813 4126 6653 5578 7507 7118 8329 8678 
4320 2849 3120 4879 5580 6853 4590 931  4400 5243 7866 65   1776 779  1540 2691 8470 4617 2450 1793 4932 2059 330  2359 1290 2651 7130 957  8632 5475 364  165  1508 2109 2180 4333 8130 4709 4150 4173 5050 4947 5860 5789 5484 6157 7578 6515 162  6773 7984 1899 826  6849 1832 921  2794 2757 3832 4791 4870 6839 66   7291 1986 7811 4722 8339 6806 8751 7678 277  8504 883  722  1567 2956 2293 5596 3037 8324 3803 778  4603 2038 5431 3394 6229 4834 7039 6406 7907 7886 8761 
1309 7020 3553 2700 5957 1560 7931 8320 7497 1760 7301 8664 365  3584 8721 6580 3933 5680 5031 280  1921 7596 2201 858  2513 1794 2869 7826 4005 3904 7725 1036 1095 1972 2403 2788 4537 8802 4859 4598 4611 5404 5289 6368 5983 6564 6383 8196 6649 3632 147  328  4203 1358 159  2330 1803 3358 3747 4346 5919 5288 7093 822  7543 3342 8063 6234 8567 7270 37   8090 577  12   1223 1772 1931 4196 2677 6884 3449 226  4211 1366 5003 2722 5821 4138 6659 5582 7517 7142 8353 8698 
4680 3059 6000 4807 5850 7049 4920 847  7600 2457 3680 203  1782 685  5104 2907 560  4653 2900 5589 616  2071 390  2363 1410 2653 2346 2995 8792 5715 392  255  1612 2055 2324 2685 3212 4705 342  5089 5044 4965 5876 5673 6850 6161 7684 6523 80   8007 8048 2007 830  6921 1834 933  2806 2787 3838 4803 4886 6821 78   7303 1902 7813 4782 8341 6818 8759 7682 281  8530 887  724  1571 2972 2297 5618 3041 8332 3821 794  4621 2042 5437 3398 6247 4846 7043 6418 7919 7894 8779 
1463 7800 4081 3060 6061 1920 8099 8370 2989 2200 3213 4180 427  3504 905  7216 4131 5840 2793 8450 6579 2002 2227 870  2509 1830 2881 2886 3139 4288 7785 1012 1185 1988 2355 2842 3237 3668 4867 954  5245 5452 5295 6364 5943 7316 6645 8308 7491 3664 153  344  4311 1370 177  2338 1821 3368 3777 4354 5937 5302 7097 834  7555 3378 8065 6294 8579 7278 41   8104 587  18   1229 1796 1933 4204 2683 6892 3457 254  4217 1382 5009 2734 5827 4162 6661 5594 7523 7162 8363 8714 
5400 3157 5520 4921 6900 7189 5130 637  6800 8379 2860 5859 5060 707  5232 1135 8816 1701 2420 5439 2440 7803 3458 2369 1302 2669 2370 3017 3390 3293 416  285  1564 2085 2332 2715 3232 3567 4172 5071 1788 5429 5908 5685 6908 6357 7688 7059 272  8043 8144 2043 854  6957 1846 939  2810 2811 3842 4821 4898 6835 102  7313 2022 7819 4854 8345 6824 8765 7698 283  8534 907  764  1579 3004 2309 5636 3049 8348 3823 802  4637 2062 5441 3418 6257 4874 7057 6434 7927 7934 8783 
1729 8100 4123 3300 6097 1320 8323 7040 7371 2720 4347 4420 7749 6380 959  6642 1255 5888 3087 440  6741 3320 8811 4750 2519 1896 2893 2910 3143 4008 3443 1148 1245 2044 2445 2848 3129 3650 3939 4606 5251 2676 5609 6412 6015 7328 6657 8350 7503 3728 171  370  4383 1378 183  2344 1839 3370 3831 4366 5961 5306 7099 894  7571 3414 8071 6306 8587 7282 43   8110 593  20   1231 1828 1949 4244 2687 6932 3461 262  4219 1402 5011 2746 5839 4166 6673 5602 7529 7166 8369 8726 
3960 3367 6960 4991 5700 7259 5160 1127 3520 3591 3740 6993 5500 5967 7520 1169 7614 1405 1144 5607 2470 7791 4040 4779 5590 2681 2418 3031 3354 3295 4494 3635 1628 2133 2336 2865 3268 3507 4192 4191 5054 5435 3474 5809 6958 6369 7708 7077 208  8103 8336 2061 856  7083 1864 951  2822 2823 3854 4827 4904 6843 5846 7319 2082 7831 4866 8347 6830 8773 7690 293  8538 911  772  1583 3028 2311 5692 3061 8356 3833 818  4639 2066 5443 3442 6263 4882 7069 6442 7933 7978 8803 
2093 6600 4199 3840 6083 2280 8239 7410 3283 2080 5481 4840 5187 6820 6783 8060 1337 8688 1585 1976 6633 3560 8619 4774 8829 6424 2845 2958 3149 4026 3455 5106 3805 2048 2451 2852 3171 3692 3855 4628 4587 5516 5611 4518 5989 7340 6681 8380 7521 3824 207  374  4419 1384 201  2354 1851 3374 3837 4376 5979 5338 7111 906  7597 3426 8077 6366 8593 7288 47   8122 599  28   1237 1844 1951 4252 2689 6962 3463 274  4229 1418 5021 2762 5843 4174 6679 5606 7537 7186 8377 8746 
5280 3451 7440 5083 6660 7337 5640 1421 7500 5341 3800 4641 6200 6279 8140 8211 880  1513 1044 1795 1624 7821 3752 7215 5656 585  7238 3005 3486 3305 4578 3665 5694 4009 2260 2847 3260 3537 4214 4209 5068 4953 5978 5815 5526 6167 7712 7089 304  8115 8368 2097 872  7173 1886 993  2824 2841 3874 4839 4906 6847 114  7327 2094 7835 4926 8351 6842 8777 7718 307  8552 919  788  1597 3044 2333 5708 3067 8396 3847 838  4643 2078 5449 3446 6269 4894 7079 6458 7937 8002 8807 
2261 8580 4403 3420 6149 6300 8569 8520 3577 600  7399 4960 3927 6880 7917 8480 819  6320 1673 2844 1927 2030 891  4984 8625 6328 1395 8056 3151 4074 3473 5214 3841 6258 4183 2884 3219 3718 3945 4676 4605 5536 5319 6422 5999 6606 6385 8404 7485 3856 243  376  4491 1390 213  2378 1857 3382 3849 4378 5991 5362 7115 942  7601 3462 8083 6378 8603 7298 53   8126 601  32   1249 1852 1973 4276 2693 6964 3467 278  4231 1438 5023 2798 5849 4178 6689 5638 7541 7214 8387 8782 
5760 3689 7680 5117 7380 7429 3780 2783 960  5537 1500 161  6500 5313 8200 8463 1360 1827 3100 1799 5202 2077 3976 7395 5624 675  7304 2655 8806 3317 4584 3661 5730 4033 6954 4343 3296 3585 4228 4215 5084 4983 6004 5691 6940 6169 7692 6527 368  8169 8656 2151 874  7281 1898 1011 2830 2859 3878 4857 4910 6859 138  7339 2118 7837 4938 8357 6838 8767 7730 311  8558 929  796  1601 3076 2339 5716 3079 8444 3851 842  4649 2098 5471 3466 6271 4918 7103 6502 7949 8006 8819 
1771 2880 4147 4140 6251 2970 8671 7140 3887 660  7693 2430 469  6460 7161 8500 693  6640 3339 520  1939 8028 2195 4888 8295 6536 1665 8162 4365 4544 3487 5190 3839 6330 4187 7518 4535 3772 3993 4636 4623 5450 5307 6532 5973 7364 6395 8214 6667 4016 261  410  4527 1394 237  2390 1893 3406 3867 4382 5997 5384 7117 978  7609 3522 8095 6414 8605 7294 59   8138 607  44   1259 1868 1979 4348 2699 6988 3469 298  4241 1454 5039 2818 5851 4198 6691 5666 7547 7226 8389 8794 
6120 3289 7560 5291 7650 7511 5610 3211 4620 6137 1650 217  3540 721  7540 8547 1040 1953 3380 5661 2530 2117 408  2395 5848 735  7544 2745 784  5895 476  3667 5736 4037 6882 4351 8142 4711 4220 4179 5140 5019 6028 5697 6950 6441 7742 6533 464  8205 196  2169 890  7299 1910 1041 2834 2901 3886 4863 4922 6861 5858 7343 2154 7849 4962 8359 6854 8781 7736 317  8562 937  844  1607 3092 2341 5732 3083 8452 3853 862  4651 2102 5477 3482 6277 4934 7109 6506 7951 8014 8821 
2233 4800 4301 5040 6479 2040 8113 7480 4693 6160 8303 2460 497  4380 973  8600 1071 7120 3381 640  6867 3410 2219 888  2515 6578 1425 8216 4335 4672 7935 1078 3845 6342 4189 7482 4541 8808 4873 4660 4671 5540 5373 6524 6021 7348 6693 8410 7527 4112 279  406  4581 1406 219  2398 1923 3422 3873 4390 6009 5402 7113 6010 7613 3558 8105 6472 8193 7306 61   8152 613  50   1277 1916 1987 4364 2707 7012 3491 302  4243 1466 5051 2846 5857 4222 6701 5674 7549 7234 8419 8818 
6240 3311 1440 5423 8400 7579 6210 1183 5440 6669 5600 299  3630 749  5310 1189 1520 1911 3700 5841 2680 8001 4070 2407 1326 2701 7336 2775 1936 5925 532  345  1652 4043 6990 4369 8154 4717 348  5093 5092 5037 6052 5709 6956 6447 7748 7101 496  8229 8752 2259 902  7389 1912 1047 2872 2913 3890 4881 4936 6865 5864 7311 6146 7855 4974 8371 6856 8791 7734 313  8570 941  892  1609 3148 2347 5756 3089 8516 3863 866  4657 2122 5479 3494 6287 4946 7121 6514 7963 8026 8831 
2387 2160 4277 4500 6409 8820 8723 8760 3479 3200 3861 4480 527  4740 1007 6180 1351 7760 3549 680  6897 3712 8673 4810 2537 1914 2855 8246 4425 5312 8025 1184 1335 2068 4193 7530 4553 8814 4883 996  5255 5564 5379 6550 6099 7412 6735 8468 7539 4208 333  418  4689 1414 249  2410 1929 3434 3891 4394 6033 5416 7123 6014 7509 6226 8119 6470 8223 7322 67   8166 617  52   1279 1922 1993 4372 2711 7036 3499 314  4253 1478 5059 2854 5861 4226 6703 5686 7559 7246 8423 4    
6840 3619 1800 5159 7740 7657 4200 3179 4160 6237 4000 5049 3640 781  1820 1199 7950 1517 4300 6003 910  8037 4120 4941 5642 2705 2424 3029 4624 6165 544  375  1666 2139 2350 4379 8274 4727 372  5095 1812 5455 6068 5727 6980 6453 7756 7107 512  8241 100  2313 904  7407 1918 1059 2882 2931 3896 4911 4942 6879 5870 7323 6152 7737 6322 8061 6862 8795 7738 331  8574 947  908  1613 3188 2351 5788 3109 8524 3877 878  4663 2126 5483 3506 6299 4954 7127 6518 7993 8038 1    
2431 3240 4433 4860 6293 2760 8789 5460 4477 2600 7623 4940 6831 7000 8019 6370 1357 8080 3717 760  7029 2170 1377 4970 1089 6734 2885 2982 3155 5056 8055 1196 1455 2132 2409 2888 4555 144  4885 1014 5257 2682 5615 6556 6063 7372 6747 8416 7545 4304 363  424  4707 1426 267  2414 1941 3448 3903 4402 6051 5410 7131 6026 7563 6254 7941 6478 8247 7334 71   8168 619  68   1283 1948 1997 4388 2713 7108 3511 326  4259 1486 5077 2858 5867 4258 6709 5702 7561 7262 8429 2    
