5544 8125 2772 3485 8624 8775 4256 6435 6664 6525 8288 1485 3136 2805 3584 4125 8816 2625 8228 5565 2584 585  2618 2535 5192 5715 6536 225  8056 885  5312 2091 1060 3081 2272 4065 3596 5211 4832 6303 6164 7449 7460 8601 8722 1179 3856 4311 104  8163 856  753  1630 2049 2456 3561 3278 5097 4010 6051 4568 6483 4910 6999 5206 7431 5626 8045 6296 8507 7126 121  7970 389  8776 1021 1084 1709 3436 2441 6092 3229 8972 4003 958  4801 2234 5647 3662 6449 5182 7309 6694 8179 8254 
5525 3024 1885 3864 5015 2464 6885 5152 2475 7448 7605 9016 2145 2128 3315 6608 5115 5408 4305 1976 7665 3608 1305 4522 4365 5768 7785 7336 435  784  1593 460  2607 1708 3585 2948 4665 4214 5745 5428 6855 6868 7911 8132 153  1136 2637 7184 6093 488  213  1270 1383 2074 2823 2810 4359 3658 5847 4382 6267 4726 6753 5030 7179 5410 7779 5954 8279 6702 8777 7582 113  8394 691  212  1373 2276 2087 4748 2819 7492 3613 394  4409 1618 5231 2966 6053 4426 6871 5906 7723 7454 8629 
6048 8525 4284 3515 4928 5265 4312 2925 6944 3825 8932 1755 1904 3375 4144 4485 8848 6105 1664 6195 2728 675  2926 2745 5278 5895 6578 6561 8216 1005 5696 2109 1150 3021 2312 4077 3604 5217 4844 6315 6176 7467 7502 8643 8756 1233 4016 4383 110  8199 872  771  1634 2073 2482 3579 3286 5127 4024 6081 4570 6537 4922 7017 5210 7509 5630 8049 6298 8519 7138 169  7976 397  8786 1031 1108 1721 3452 2447 6124 3251 8978 4007 974  4813 2246 5651 3694 6451 5186 7321 6718 8191 8258 
3575 4536 1705 2184 4945 3808 7695 5236 5175 6688 8325 7168 2565 1456 3135 6832 5535 2548 7125 2024 8295 3784 1665 4408 4335 5896 7725 7378 555  1936 1599 490  2613 1780 3633 2950 4671 4220 5757 5516 6873 6850 7923 8134 171  1168 2763 7312 6147 494  219  1298 1389 2086 2841 2822 4377 3670 5853 4390 6297 4744 6801 5048 7197 5416 7813 5962 8285 6712 8781 7598 127  8408 701  236  1381 2284 2089 4772 2833 7508 3617 398  4421 1622 5233 2974 6067 4442 6883 5914 7727 7466 8641 
8064 6875 4704 3565 5824 7425 5096 4275 5984 4095 7744 2295 1232 3915 4592 4785 8944 6345 4732 7905 3016 735  4216 2775 5336 5925 6622 4761 8246 1065 6208 2133 1180 3111 2332 4089 3580 5253 4850 6351 6220 7473 7514 8607 8764 1251 4112 4419 128  8271 874  789  1670 2103 2486 3603 3298 5163 4042 6087 4582 6589 4936 7023 5222 7563 5654 8051 6302 8509 7174 361  7982 401  8798 1033 1124 1723 3508 2459 6172 3253 9004 4013 982  4817 2258 5653 3722 6469 5218 7331 6722 8209 8266 
4675 4368 1955 4158 5035 2912 8415 6496 6075 8096 4725 3344 3105 3472 3795 7504 5865 3388 7155 8428 8835 3848 1425 4466 4425 5848 7935 7384 615  2704 1605 608  2619 1690 3621 2980 4683 4232 5763 5450 6939 6908 7959 8084 207  1250 2799 7376 6219 506  237  1304 1401 2104 2859 2824 4413 3674 5873 4394 6333 4790 6807 5066 7233 5446 7827 5966 8299 6706 8791 7610 131  8414 709  242  1399 2308 2099 4804 2837 7516 3623 422  4423 1642 5237 2978 6073 4474 6899 5926 7741 7478 8647 
6552 3025 4788 3625 5832 6095 6272 4455 6916 6975 2288 6615 2992 3705 4816 4845 1568 6375 5684 7995 952  825  2968 3015 5368 6165 6734 7569 8296 1095 6464 2139 1210 3129 2336 4137 3610 5271 4876 6357 6244 7479 7550 8679 8780 1341 4208 4491 130  8361 890  807  1688 2127 2488 3639 3302 5169 4066 6085 4616 6593 4942 7041 5224 7593 5662 8057 6306 8531 7158 289  7994 409  8810 1039 1132 1733 3524 2467 6196 3257 16   4019 998  4831 2302 5657 3734 6473 5234 7333 6742 8219 8278 
5225 5712 2015 6216 5125 1386 6815 6188 5445 7904 5355 4048 5985 5632 4185 7952 5655 3724 7215 8092 8385 2072 1725 4472 4545 5992 8055 7462 465  4624 1635 748  2667 1748 3615 3068 4767 4268 5781 5536 6915 6956 7953 8150 147  1264 2817 7408 6309 518  249  1310 1437 2110 2901 2830 4443 3682 5891 6036 6383 8868 6865 5074 7251 5464 7819 5974 8309 6730 8797 7618 137  8426 719  244  1409 2348 2111 4852 2843 7556 3631 446  4441 1646 5261 2986 6079 4478 6907 5938 7753 7522 8663 
8568 4225 5292 3655 5952 6205 3036 7885 7072 3465 3952 7875 5104 7245 7216 4875 1792 6765 6076 8235 1064 765  3304 3075 5432 6225 6784 8649 8294 1161 6592 2121 1196 3165 2324 4155 3616 5235 4964 6369 6304 7485 7532 8697 8804 1359 4304 4527 136  8427 902  813  1702 2157 2494 3651 3310 5199 4072 6103 7428 6595 606  7133 5230 7597 5262 8063 6310 8511 7178 529  8018 419  8822 1049 1172 1741 3532 2473 6212 3259 6    4021 1006 4861 2306 5659 3742 6481 5242 7349 6746 8221 8306 
6175 3696 2125 4872 5135 1656 6685 4128 8785 3536 5775 5168 6825 6512 1575 7888 5805 3332 7755 728  2025 2002 1845 4648 4575 6016 8025 7544 645  5776 1647 500  2679 1804 3657 2996 4695 4228 5811 5540 6951 7004 8103 8180 243  1328 2853 7472 6381 536  267  1334 1461 2114 2913 2834 4449 3686 5893 6066 6385 8916 6881 1626 7357 3954 7831 5982 8321 6754 8795 7622 139  8446 727  268  1423 2372 2113 4868 2851 7604 3637 454  4447 1654 5273 2998 6089 4486 6911 5942 7757 7534 8669 
7392 7225 5376 3685 7104 5495 3096 7945 5256 1475 4784 8085 6256 2835 6992 945  2816 6555 7252 8265 1288 855  3094 3195 5434 6255 6808 105  8398 1185 6848 2163 1220 3171 2350 4161 3626 5289 4972 6447 6250 7491 7564 8733 8788 1413 4336 4581 152  8433 904  831  1730 2181 2504 3669 3322 5223 4082 6107 7542 6605 618  7135 2766 7601 5286 8065 6322 8529 7198 841  8066 421  8824 1051 1228 1747 3548 2477 6236 3271 8    4027 1018 4871 2326 5669 3746 6491 5266 7351 6778 8231 8314 
7475 6384 2035 4914 5185 1716 6755 4248 8815 6324 3925 6032 8505 6448 2205 8272 1785 6292 7395 616  5625 2296 1815 4712 4635 6104 8145 7552 651  8464 1653 550  2697 1850 3699 3020 4731 4292 5817 5548 6963 6940 8007 8188 261  1424 2883 7664 6471 530  291  1336 1473 2134 2931 2872 4461 3688 5899 6108 6395 8982 6887 1662 7355 3966 7835 5986 8301 6758 8801 7624 149  8454 733  284  1427 2396 2129 4892 2857 7628 3643 458  4451 1658 5279 3022 6091 4502 6917 5998 7759 7538 8677 
8316 1105 5796 3875 7872 5705 3132 7955 5346 1525 7254 5825 5456 8925 7568 1365 3872 3045 1144 8625 1624 975  3416 3225 5474 6675 6902 135  8536 1209 6976 2187 1274 3201 2356 4173 3620 5319 4988 6453 6260 7503 7580 8769 8860 1467 4432 4689 154  8469 938  843  1738 2199 2506 3687 3346 5241 4090 6109 7572 6611 642  7141 2778 7609 5298 8071 6346 8545 7206 961  8062 431  8826 1061 1244 1753 3628 2503 6268 3299 10   4049 1042 4877 2342 5683 3754 6521 5294 7369 6782 8233 8318 
8075 7728 2255 6426 5335 1632 6895 4392 8875 6372 4075 8268 7825 6656 3675 8432 1995 5888 4515 2176 3645 2408 2115 4664 4815 6118 8175 7546 663  8930 1659 580  2703 1862 3723 3038 4773 4316 5835 5564 6969 6950 8043 8164 279  1552 2979 7792 6543 568  303  1342 1497 2146 2949 2882 4467 3704 5909 6246 6401 9012 6893 1686 7361 4038 7837 5990 8327 6738 8809 7634 151  8474 739  292  1429 2404 2131 4916 2861 7652 3659 466  4457 1678 5281 3046 6101 4534 6947 6002 7789 7558 8681 
8736 9025 6804 3835 7616 6215 3348 8015 5382 1675 7272 5975 8946 115  7696 1155 3328 3255 1408 6405 3128 1125 3458 3285 5504 6705 6952 195  8344 1173 7232 2193 1276 3237 2492 4191 3650 5307 5012 6441 6340 7521 7612 8655 8864 1503 4496 4707 170  8523 946  849  1742 2217 2510 3693 3352 5259 4094 6115 7578 6613 654  7145 2802 7613 5322 8077 6366 8549 7190 1369 8072 433  8830 1063 1252 1759 3644 2521 6284 3301 14   4051 1046 4889 2362 5689 3758 6529 5314 7393 6814 8237 8354 
6325 2016 2185 5208 5365 1824 6955 4428 8845 6396 4175 8372 7925 1776 395  8528 2415 7424 4935 2392 8715 3944 1935 4736 4905 6136 8475 7672 705  448  1677 620  2727 1876 3729 3050 4809 4324 5829 5566 6981 6958 8115 8204 333  1616 3033 7856 6597 574  309  1358 1509 2152 2973 2914 4479 3706 5905 6252 6403 48   6901 1698 7363 4062 7849 6008 8315 6766 8813 7654 157  8488 743  316  1433 2428 2137 4924 2879 7724 3671 478  4463 1706 5297 3062 6113 4538 6949 6022 7793 7586 8689 
7056 715  7308 3895 8256 5845 3366 8155 5412 1775 7326 6025 8988 125  3984 695  4352 3885 1496 7035 3224 1035 3752 3525 5512 6795 6968 165  8456 1221 8128 2211 1292 3219 2366 4233 3692 5295 5024 6465 6308 7527 7588 8763 8876 1557 4528 4869 182  8577 962  879  1778 2229 2522 3711 3358 5277 4102 6119 7692 6617 678  7147 2874 7615 5442 8083 6376 8553 7202 1681 8074 439  8834 1069 1268 1777 3676 2531 6316 3307 22   4057 1082 4903 2374 5693 3778 6547 5318 7411 6826 8243 8402 
7865 3528 2365 7896 5395 1836 6935 4512 8905 6408 4205 8436 8275 1782 445  6288 865  7436 5145 2432 315  3968 2175 4774 5025 6232 8595 7592 759  8990 1743 650  2739 1888 3741 3052 4755 4384 5871 5572 6945 7018 8205 8224 363  1648 3123 7984 6627 584  321  1370 1527 2158 2991 2930 4497 3730 5911 6276 6407 162  6905 1758 7367 4098 7855 6014 8331 6770 8817 7658 163  8494 751  332  1439 2452 2141 4948 2887 7732 3673 482  4481 1714 5303 3086 6121 4546 6959 6038 7817 7594 8693 
4032 935  7644 3905 8512 6235 3108 8165 5418 1805 7332 6275 3072 145  3792 745  8586 1135 1672 7455 3256 1215 3542 3555 5576 7065 7106 189  7960 1239 8192 2241 1312 3243 2516 4209 3652 5373 5020 6477 6356 7545 7636 8787 8908 1587 4688 4923 184  8703 970  921  1784 2253 2534 3747 3368 5331 4118 6127 7716 6623 762  7153 2922 7619 5466 8095 6386 8551 7222 1849 8078 443  8854 1087 1324 1783 3698 2539 6332 3313 26   4073 1094 4909 2386 5701 3802 6551 5326 7417 6866 8263 8422 
7975 3276 2375 6888 5375 1932 6985 4116 8965 6432 4325 8442 8405 2064 415  6576 895  588  1285 2552 525  4136 2325 4862 5085 6248 8685 7808 741  9010 1767 644  2685 1892 3753 3104 4833 4396 5883 5612 6987 7028 8229 8284 369  1712 3141 8048 6651 590  327  1378 1563 2162 3027 2936 4533 3736 5917 6282 6415 36   6913 1842 7373 4146 7859 6026 8333 6774 8843 7662 167  8498 757  338  1447 2468 2143 4996 2897 7796 3677 502  4483 1718 5309 3098 6131 4562 6961 6046 7823 7606 8699 
7488 1045 7812 3965 9024 6305 3384 8195 5586 1825 7416 6425 576  155  4272 755  8304 1145 1548 1385 3496 1275 3976 3735 5624 7275 7112 255  8576 1269 8384 2235 1316 3345 2444 4179 3718 5385 5044 6495 6364 7557 7648 8799 8924 1611 4802 5013 190  8739 986  933  1786 2271 2536 3777 3370 5349 4142 6139 7758 6629 786  7157 2946 7627 5514 8105 6378 8557 7256 2209 8086 449  8858 1091 1348 1787 3716 2543 6388 3319 34   4079 1114 4919 2402 5711 3814 6553 5342 7433 6898 8269 8434 
6545 5184 2405 7182 5423 1944 6965 4446 275  6588 4475 8484 8425 1968 485  6642 905  768  1315 2412 1555 2632 2385 4888 5325 6314 8865 7714 795  704  1695 736  2715 1924 3759 3116 4887 4444 5901 5588 7005 7052 8169 8236 387  1744 3177 8144 6687 598  339  1384 1569 2168 3039 2938 4569 3766 5919 4402 6431 24   6931 1866 7379 4206 7861 6054 8335 6802 8851 7674 173  8504 761  356  1451 2476 2153 5036 2903 7804 3691 514  4493 1726 5323 3106 6133 4574 6967 6074 7829 7642 8707 
5616 7595 1584 3995 1764 6355 3552 8215 5628 1975 7434 6575 2916 185  4698 781  8592 1141 1692 1405 3204 1717 4088 3975 5642 7335 7144 297  8554 1245 8768 2247 1352 3297 2528 4215 3668 5343 5050 6507 6358 7539 7660 8823 8950 1629 4912 5043 230  8793 994  939  1790 2283 2542 3831 3374 5361 4154 6117 4610 6631 822  7165 2994 7631 5574 8119 6398 8567 7258 2809 8090 457  8870 1093 1388 1789 3748 2549 6404 3323 38   4091 1126 4931 2426 5717 3826 6563 5354 7451 6914 8273 8438 
7315 2808 1855 7452 5555 2052 7015 4524 425  6534 4525 8514 8675 2106 505  6672 955  828  1331 2556 1565 5364 1843 4984 5415 6328 8955 7784 783  832  1749 740  2751 1940 3801 3124 4929 4448 5889 5620 7059 6980 8241 8350 423  1808 3231 8336 6759 602  381  1390 1623 2198 3057 2954 4593 3782 5933 4430 6339 4792 6937 1878 7387 4254 7871 6010 8339 6794 8857 7678 179  8530 769  388  1453 2524 2161 5108 2909 7892 3697 526  4507 1754 5333 3118 6143 4586 6971 6082 7841 7646 8713 
7344 8225 8184 3395 2304 6055 3762 8245 5664 2075 7476 6725 336  205  4656 779  8688 1165 1908 1415 3468 1727 8172 1963 5656 7515 7192 285  8602 1281 8896 2289 1340 3333 2540 4239 3772 5379 5054 6501 6350 7587 7676 8841 8954 1719 4976 5067 232  8847 1010 951  1798 2307 2546 3837 3382 5367 4168 6157 4630 6609 4952 7169 3018 7633 5622 8129 6394 8561 7270 3481 8104 461  8872 1097 1396 1801 3764 2551 6428 3329 46   4093 1138 4933 2434 5737 3862 6569 5366 7457 6922 8287 8458 
5005 3456 2065 7632 4445 2088 7055 4452 325  6612 4775 8526 8725 2256 515  6966 965  882  1333 2628 1585 5436 1841 456  2119 6392 405  7826 837  400  1809 820  2769 1952 3783 3164 4917 4450 5907 5644 7077 7060 8277 8380 477  2032 3303 8368 6813 610  393  1394 1641 2216 3063 2984 4629 3790 5921 6354 6433 4808 6819 5090 7391 4314 7891 6034 8341 6806 8859 7682 181  8534 773  404  1459 2564 2179 5116 2917 7916 3701 538  4513 1762 5347 3134 6151 4594 6977 6098 7853 7666 8719 
8208 8575 1872 3535 4356 6251 3588 8305 5688 2225 7548 6775 432  215  4848 785  252  1177 7050 1417 3492 1735 8244 1967 870  2249 7208 345  8584 1311 4096 2301 1364 3363 2620 4251 3820 5397 5084 6513 6368 7599 7708 8853 8980 1737 5008 5121 238  8919 1016 993  1802 2319 2570 3849 3406 5403 4184 6145 7764 6635 4958 7053 5246 7637 5646 8131 6410 8571 7282 3721 8110 463  8878 1103 1412 1811 3788 2557 6436 3331 58   4099 1142 4937 2446 5741 3866 6571 5374 7459 6926 8291 8462 
7735 2376 2135 8112 4585 2208 7205 4644 8995 6708 4805 8532 8825 2544 535  7152 985  972  1337 8670 1591 5652 1853 390  2123 1290 2407 7832 861  2500 1833 812  2781 1972 3813 3140 4893 4460 5943 5650 7089 7076 8283 8308 507  2096 3357 8656 6849 632  411  1406 1671 2222 3093 3002 4647 3794 5935 6462 6437 42   6941 5122 7269 5470 7897 6056 8347 6818 8871 7690 191  8538 787  412  1471 2572 2203 5132 2927 7948 3709 542  4517 1766 5351 3142 6163 4618 6983 6122 7867 7694 8731 
6336 4375 2448 3605 6084 6265 3816 8255 5676 2425 7584 6845 528  235  4944 791  288  1189 7110 1441 980  1739 8388 1969 888  2227 1770 2501 7810 1407 160  2337 1372 3399 2650 4323 3796 5451 5092 6519 6412 7611 7684 8805 8992 1773 5072 5139 248  8973 1022 1011 1810 2361 2626 3867 3422 5433 4202 6155 7794 6641 834  7171 5258 7617 5672 8061 6430 8579 7288 4489 8122 467  8886 1109 1436 1823 3812 2579 6452 3343 62   4111 1154 4943 2458 5743 3898 6577 5378 7477 6934 8293 8482 
8645 3672 2345 8496 4795 2232 7085 4554 175  6786 4825 8544 8975 2576 545  7248 995  1116 1339 8730 1633 5868 1865 546  2147 1302 2413 2190 2623 320  1869 850  2829 1988 3819 3172 4899 4484 5955 5668 7101 7124 8289 8404 531  2192 3411 8752 6921 638  417  1414 1689 2230 3099 3014 4659 3806 5937 4438 6439 30   6943 1902 7397 5494 7851 6058 8351 6824 8873 7698 193  8552 797  428  1481 2588 2207 5156 2939 7972 3719 554  4519 1774 5381 3158 6173 4622 6991 6134 7873 7702 8737 
4752 1225 2592 3745 1296 6307 3828 8365 5724 2525 7668 6925 624  265  5022 793  396  1195 2124 1457 2450 1751 8604 1985 918  2245 1794 2519 2616 2813 200  2343 1376 3405 2596 4245 3836 5421 5068 6549 6422 7635 7688 8895 8996 1791 5296 5193 250  81   1030 1041 1816 2391 2630 3873 3434 5469 4190 6159 4634 6649 894  7181 3054 7651 5678 8067 6446 8583 7294 5041 8126 479  8898 1117 1468 1831 3868 2591 6476 3347 74   4127 1174 4951 2462 5749 3902 6581 5386 7481 6938 8297 8486 
2275 4104 2465 8784 4865 2484 7285 4576 245  6816 4925 8556 625  2754 559  4760 1027 1044 1343 8850 1639 6012 1883 552  2149 1326 2395 2226 2627 3090 2941 860  2847 2048 3765 3146 4947 4532 6015 5728 7107 7136 8313 8416 549  2224 3447 8912 6957 646  447  1426 1707 2242 3117 3026 4677 3818 5941 4454 6387 4814 6953 1986 7403 4362 7895 6062 8345 6838 8881 7718 197  8558 809  436  1483 2612 2213 5164 2953 7988 3727 562  4523 1814 5387 3166 6197 4666 6997 6158 7877 7706 8741 
7128 455  2736 3815 792  6293 3876 8323 5772 2575 7686 7025 648  295  5136 803  630  1199 7470 1469 3636 1745 8676 1981 930  2257 1806 2509 2622 2827 3534 3071 1420 3417 2656 4371 3860 5457 5194 6567 6524 7641 7712 8877 1024 1899 5392 5283 266  15   1034 1047 1826 2427 2648 3891 3448 5493 4210 6161 4642 6621 4966 7183 3126 7655 5682 8135 6414 8587 7278 5329 8138 487  8906 1123 1492 1847 3884 2593 6484 3359 82   4129 1186 4957 2474 5779 3946 6599 5398 7487 6982 8311 8506 
2975 4224 2485 1728 5215 2244 7345 4692 475  6636 4975 8652 55   2928 565  7536 1037 5180 1349 8940 1603 6228 1891 510  2167 1410 2419 2322 2651 3144 2947 4026 3161 2020 3993 3232 4953 4540 5973 5660 7221 7154 8319 8410 603  2384 3501 9008 7083 658  453  1432 1713 2248 3147 3032 4701 3830 5947 6492 6443 4826 6843 5128 7405 4398 7903 6078 8357 6830 8891 7730 199  8562 811  452  1487 2636 2221 5188 2957 7996 3733 566  4547 1822 5393 3194 6199 4678 7001 6166 7879 7726 8747 
6864 595  3312 3955 864  6335 3936 8375 5742 2645 7704 7075 816  329  5232 799  1050 1219 7620 1477 3708 1757 120  1991 966  2263 1830 2533 2670 2831 3618 3053 4422 3277 2716 4395 3892 5487 5140 6531 6532 7683 7742 8931 80   2007 5552 5337 286  27   1048 1059 1832 2433 2662 3903 3454 5541 4234 6167 7836 6667 4978 7071 5254 7661 5690 8137 6454 8593 7298 6241 8152 491  8922 1129 1516 1861 3908 2609 6508 3361 86   4133 1198 4967 2498 5783 3958 6607 5414 7489 6998 8317 8518 
3325 3432 2555 2112 5285 2508 7375 4662 575  6678 5203 8658 35   2832 583  4830 1067 5740 1357 240  1631 6348 1897 570  2159 1416 2429 2262 2641 3162 2951 4074 3155 4794 3415 3196 4965 4556 6021 5746 7185 7172 8355 8468 639  2416 3573 100  7173 664  471  1442 1731 2264 3153 3034 4713 3832 5951 6564 6445 54   6979 5126 7311 5486 7863 6070 8359 6842 8879 7734 211  8570 821  508  1489 2644 2237 5204 2963 8012 3739 586  4549 1838 5399 3202 6203 4682 7013 6178 7883 7754 8753 
8424 665  3564 4085 936  6601 3978 8395 5814 2675 7848 7139 912  305  5264 817  1120 2673 560  1501 3852 1763 216  2021 984  2279 1896 2515 2706 2815 3576 3065 4482 3293 5358 3545 3916 5505 5216 6573 6556 7701 7748 8937 112  2043 5584 5391 290  21   1054 1077 1834 2463 2666 3909 3464 5583 4238 6169 7902 6671 906  7195 5272 7629 5710 8079 6466 8603 7302 6889 8166 499  8934 1151 1532 1867 3932 2617 6548 3371 94   4139 1202 4969 2518 5791 3974 6619 5422 7499 7022 8329 8522 
8855 4992 2635 6006 5405 2574 7385 4824 605  6762 5239 5670 187  3078 629  5250 1073 5950 4257 7760 1643 6444 1895 462  2155 1464 2435 2328 2653 3186 2959 4134 3173 4818 3419 5736 3665 4564 6063 5764 7239 7180 8337 8420 657  2512 3609 196  7281 670  489  1448 1761 2266 3183 3058 4737 3838 5961 4456 6455 66   6973 2022 7409 5522 7899 6086 8367 6854 8885 7736 223  8574 823  524  1493 2692 2239 5212 2969 8044 3761 614  4561 1858 5407 3214 6211 4694 7019 6218 7901 7762 8761 
3744 385  3888 4255 504  6365 3996 8435 5856 2725 7788 7267 2100 391  1890 851  1400 2691 1520 1449 4100 1769 168  2005 1026 2285 1914 2537 2712 2839 3624 3073 4470 3281 5394 3563 6042 3809 5150 6591 6550 7689 7772 8943 208  2061 5648 5409 296  33   1066 1101 1846 2469 2674 3921 3470 5601 4246 6179 7908 6683 942  7199 3138 7663 5726 8097 6470 8611 7306 7921 8168 503  8936 1153 1556 1871 3964 2621 6628 3373 106  4153 1214 4973 2554 5801 3986 6637 5426 7507 7034 8353 8542 
1925 4968 2585 7224 5605 2142 7505 4836 725  6776 5275 8664 221  5600 589  6090 1079 5390 4329 8080 3381 680  1903 696  2165 1482 2443 2346 2681 3198 2965 4152 3193 4806 3421 5778 3683 6594 3949 5782 7263 7196 8397 8476 711  2608 3681 256  7299 686  501  1462 1779 2270 3189 3064 4749 3842 5959 6606 6457 78   6989 2082 7415 4434 7909 6088 8373 6856 8889 7738 227  8582 827  548  1499 2708 2243 5228 2971 8068 3767 622  4567 1874 5413 3218 6217 4702 7027 6238 7907 7778 8779 
4896 875  4176 4015 672  6479 3402 8455 5922 2825 7866 7301 2070 403  2310 871  1470 1241 1840 1617 4300 5841 910  2033 1032 2291 1938 2545 2838 2845 3666 3077 4494 3295 5406 3569 6162 3811 6942 4045 6566 7719 7756 8949 176  2097 5744 5463 310  39   1070 1119 1864 2481 2678 3957 3478 5613 4294 6181 7932 6677 978  7201 3246 7679 5718 8141 6472 8605 7322 3    8174 509  8938 1163 1588 1873 3988 2633 6652 3389 118  4157 1226 4987 2558 5807 3994 6653 5438 7517 7054 8363 8546 
2695 5304 2765 2496 5665 2436 7535 4956 775  6936 5047 780  77   3180 611  6510 1081 6020 4437 8240 3549 760  6633 3010 2171 1518 2449 2424 2669 3288 2981 4110 3197 4902 3427 5754 3695 6648 3941 7314 4141 7228 8439 8492 747  2672 3771 484  7389 682  519  1474 1797 2278 3207 3070 4791 3854 5963 6684 6463 102  6995 2094 7421 4458 7913 6094 8383 6862 8899 7768 229  8590 829  556  1511 2732 2251 5276 2999 8108 3769 626  4583 1882 5417 3226 6221 4714 7039 6242 7919 7814 8783 
5472 805  4212 4345 756  6565 3444 8515 5852 3125 7884 7381 1950 407  3570 869  1820 2871 2480 1701 4700 5661 1330 7659 4130 2327 1974 2561 2814 2855 3738 3091 4530 3317 5430 3587 6168 3817 6882 4039 7608 4247 7774 8961 272  2151 5872 5517 322  51   1090 1137 1886 2487 2686 3963 3490 5619 4298 6185 7974 6697 1002 7217 3282 7697 5734 8121 6478 8615 7334 5    8194 521  8942 1171 1604 1877 4036 2647 6668 3391 122  4159 1234 4993 2566 5813 3998 6659 5458 7523 7058 8369 8566 
3185 4488 2755 8232 5681 2604 7565 4884 845  6972 5491 7280 209  7350 649  7000 8613 6370 4617 8560 3717 920  6903 3190 8487 5110 2453 2370 2701 3294 2977 4170 3199 4890 3431 5784 3707 6690 3953 7368 4145 8058 4333 8588 801  2768 3789 676  7407 710  537  1490 1803 2282 3261 3074 4803 3874 5965 6714 6467 114  7003 2118 7423 4506 7915 6106 8371 6872 8903 7746 233  8598 839  578  1523 2738 2267 5284 3001 8116 3779 634  4591 1894 5419 3238 6229 4742 7043 6274 7927 7822 8803 
8976 1015 4464 4147 5040 6409 3234 8555 5964 3175 7968 8107 2940 437  2730 893  1960 3069 2320 1911 5300 6027 2440 7581 4250 1863 6280 2563 2862 2863 3768 3097 4584 3337 5448 3589 6222 3827 6954 4043 7602 4265 8346 4429 304  2169 5968 5547 328  57   1096 1149 1898 2517 2690 3981 3502 5631 4318 6187 8076 6731 1038 7223 3342 7709 5738 8133 6482 8621 7330 7    8202 523  8958 1181 1636 1879 4052 2657 6676 3407 134  4177 1238 4999 2578 5821 4006 6661 5462 7529 7066 8377 8578 
4025 5016 2665 8694 5797 6720 7657 4998 925  6984 5243 1140 253  7840 667  7770 1111 6580 4563 8720 3843 1000 6741 3250 8349 5270 6723 7240 2723 3210 2987 4182 3205 5064 3437 5790 3713 6666 3959 7266 4169 8088 4343 8742 4555 2864 3879 1156 7443 712  543  1498 1821 2290 3273 3082 4821 3878 5977 6756 6485 138  7009 2154 7427 4542 7939 6130 8391 6874 8907 7766 239  8606 853  596  1531 2764 2269 5308 3011 8156 3793 662  4597 1906 5431 3242 6247 4754 7057 6326 7933 7834 8807 
3168 1085 4608 4355 1152 6721 8820 8437 5916 3275 8004 7399 2220 451  3640 899  2380 3159 2560 1827 5780 6003 2210 7791 4280 2349 6290 231  7990 2869 3774 3085 4578 3305 5454 3599 6258 3841 6990 4061 7638 4249 8376 4435 72   4645 6064 5553 344  69   1102 1167 1910 2559 2696 4083 3512 5637 4310 6191 8082 6707 1074 7231 3378 7711 5752 8139 6488 8633 7352 13   8206 541  8974 1187 1676 1889 4076 2659 6772 3413 142  4201 1262 5003 2582 5827 4022 6673 5482 7537 7078 8387 8594 
4165 5928 2875 7854 5735 2394 7579 3360 1573 7008 5341 1170 119  3330 671  8610 1121 6860 4653 800  4221 1240 6867 3230 8673 5330 7203 7250 777  1088 2983 4242 3215 5106 3439 5838 3715 6726 3973 7446 4151 8070 4351 8802 4559 234  4757 1444 7461 730  573  1510 1839 2294 3279 3110 4827 3886 5969 6822 6487 174  7031 2202 7435 4566 7957 6142 8401 6878 8909 7782 241  8614 857  604  1543 2804 2273 5444 3019 8212 3797 674  4603 1934 5437 3254 6257 4762 7069 6334 7937 7838 8819 
5148 1295 5508 4465 924  6625 3612 8569 4200 3179 6400 7693 2250 371  4230 901  1540 3393 2960 1953 5900 6039 2470 7821 4360 2511 6490 273  8030 1431 140  3103 4602 3349 5478 3595 6312 3829 7032 4055 7626 4267 8358 4439 60   4661 558  4849 370  87   1106 1191 1912 2571 2698 4101 3514 5667 4328 6193 8124 6739 1086 7235 3414 7715 5762 8143 6522 8617 7338 11   8210 547  8984 1193 1682 1901 4084 2663 6788 3433 146  4211 1282 5009 2594 5839 4034 6679 5498 7541 7082 8389 8654 
4655 6072 2795 8904 5695 2646 7585 5076 1859 7980 5687 1350 91   3450 623  5070 1139 6650 4719 1280 4263 1480 6909 3320 8619 5480 7209 7310 897  1216 1887 836  3227 5010 3473 5874 3737 6744 3961 7398 4163 8094 4367 8790 4571 276  4763 948  4963 776  579  1526 1851 2314 3291 3112 4839 3890 5971 6828 6493 186  7033 2238 7439 4614 7961 6114 8399 6886 8915 7786 251  8618 859  628  1549 2836 2281 5468 3023 8252 3803 694  4621 1942 5441 3274 6263 4766 7079 6338 7949 7846 8821 
6624 1235 6468 4495 1056 6665 3654 8585 5976 3509 7140 7943 2430 413  4260 889  6060 1243 3280 2331 6050 6069 2530 7803 4270 2997 6520 351  8170 1353 224  2265 1504 3341 5496 3601 6330 3839 7014 4063 7710 4279 8418 4469 90   4667 564  4853 1284 5065 1112 1203 1918 2577 2702 4119 3526 5703 4330 6209 8196 6743 1146 7241 3426 7721 5770 8149 6494 8637 7358 19   8218 557  8994 1201 1684 1907 4124 2671 6796 3449 158  4217 1286 5011 2602 5843 4054 6689 5506 7547 7094 8419 8674 
4235 6264 2945 8008 5795 2652 7625 5082 1025 7038 6253 4620 247  3630 679  5310 1043 6420 1351 1100 4473 1160 7011 3290 8811 5510 7857 7370 987  1472 1905 868  2865 2044 3443 5886 3743 6792 3977 7458 4171 8106 4369 8808 4573 294  4765 954  4955 1746 5149 1528 1857 2318 3309 3122 4857 3896 5979 4462 6497 222  7037 2274 7441 4638 7967 6126 8407 6904 8913 7798 257  8626 863  652  1553 2876 2287 5492 3037 8276 3821 698  4637 1954 5443 3314 6269 4778 7103 6362 7951 7858 8831 
6912 1265 1512 4505 1092 6655 3822 8695 6132 3425 8052 8303 6160 481  4350 913  6030 1211 7860 1513 6100 6111 2680 8091 4370 3321 6670 357  8440 1419 364  2355 1484 3429 2668 3629 6342 3845 7062 4069 7890 4303 8382 4453 84   4681 636  4855 1308 5069 2076 5219 1928 2589 2710 4143 3530 5721 4334 6189 4646 6749 1158 7249 3462 7729 5786 8159 6526 8639 7366 17   8230 563  8998 1213 1724 1913 4132 2677 6836 3457 166  4219 1294 5021 2606 5849 4058 6691 5534 7549 7114 8423 8678 
5075 6528 2915 1008 5875 2664 7645 5088 1075 6996 5537 1500 299  7700 689  8120 1133 6450 1363 810  1649 1430 7047 3430 8991 5530 8181 7640 903  1856 1917 884  2889 2050 3939 3212 3749 6798 3979 7464 4181 8130 4379 8814 4577 306  4769 996  4979 1788 5155 2502 5311 2330 3327 3130 4863 3914 5983 4490 6393 4838 7045 2298 7445 4722 7969 6146 8403 6910 8917 7802 263  8630 877  668  1559 2908 2293 5524 3041 8324 3823 706  4639 1966 5449 3326 6271 4786 7109 6374 7963 7862 8837 
6732 1435 5328 4433 1176 6695 3906 8635 6144 3475 8118 7987 2460 493  3080 8721 3220 1261 7950 1507 3924 1799 2750 7839 4510 3483 6680 399  8510 1491 220  2373 1450 3423 2684 4401 3940 3859 7074 4087 7878 4291 8430 4471 96   4685 666  4859 1314 5071 2148 5245 2892 5377 2714 4197 3538 5731 5388 6227 4658 6639 4982 7255 3522 7739 5802 8153 6530 8651 7374 23   8238 569  9002 1217 1732 1931 4156 2683 6884 3461 178  4229 1306 5023 2614 5851 4078 6701 5554 7559 7118 8429 8698 
5425 7176 2905 3264 5785 2784 7667 5112 1175 7068 5575 8748 133  3540 697  8680 1287 7420 1387 3750 1651 6498 1909 3410 8757 5750 8343 7670 957  1984 1971 928  2877 2060 3999 3296 4983 4580 3983 7482 4183 8142 4381 8862 4579 348  4771 1062 4981 1812 5161 2532 5315 3252 5473 3154 4881 3922 5993 6852 6499 4856 6861 5134 7447 4782 7979 6152 8409 6946 8921 7806 269  8634 881  692  1567 2932 2297 5596 3049 8332 3833 718  4643 1982 5471 3334 6277 4798 7121 6382 7993 7886 8839 
7524 1505 5808 4277 1188 6461 1080 8533 6138 3479 8136 7325 1104 427  4380 923  2660 3267 3440 1517 4068 1765 264  2041 4520 3807 6710 459  8632 1335 308  2379 1460 3441 2740 4407 3950 5511 5252 4097 7944 4285 8466 4499 108  4687 708  4867 1356 5089 2166 5249 2934 5383 3684 5579 3544 5739 4346 6233 8214 6751 4990 7113 5282 7745 5798 8157 6538 8653 7386 29   8234 571  9022 1223 1756 1933 4196 2687 6892 3463 194  4231 1318 5039 2638 5857 4106 6703 5578 7561 7142 8431 8714 
5635 6696 3055 3648 5369 5580 7469 5130 1183 4050 5819 8772 65   3216 703  2800 1683 8050 4743 8750 1661 6516 1915 594  2173 5560 8667 7630 969  2368 1965 968  2919 2068 4011 3260 5019 4588 6099 5792 4187 8154 4385 8952 4589 342  4777 1014 4985 1818 5165 2676 5317 3258 5485 4164 5627 3926 5991 4498 6503 246  7051 5138 7323 5518 7941 6154 8411 6906 8927 7816 271  8638 883  716  1571 2956 2309 5618 3061 8348 3847 734  4649 1994 5477 3338 6287 4822 7127 6406 8009 7894 8849 
7776 1375 2688 4565 1224 6391 1560 8449 7590 3577 360  8183 1392 355  5424 943  3500 3627 3760 5247 6700 1781 378  2045 1122 2317 6890 513  8648 1455 352  2397 1508 3435 2756 4431 3956 5523 5290 6603 6596 4295 8472 4487 132  4699 726  4883 1422 5093 2172 5251 3006 5389 3732 5561 4548 5747 4342 6207 4654 6757 1182 7261 5288 7647 5816 8173 6546 8657 7390 31   8242 577  64   1229 1772 1949 4204 2689 6932 3467 202  4241 1322 5051 2642 5861 4126 6709 5582 7573 7162 8443 8726 
5915 7296 3145 2268 5863 5700 7567 4290 1421 4400 5887 1380 217  3504 635  7614 1147 8260 4797 700  5499 280  1919 702  2177 1566 2461 7720 999  2624 2001 950  2937 2108 3855 3268 5055 4598 6123 5860 7257 7264 4387 9006 4595 372  4781 1068 4997 1854 5173 2682 5321 3324 5489 4188 5629 4986 5989 4504 6411 4858 7061 2334 7453 5528 7971 6170 8413 6918 8939 7818 277  8642 887  722  1579 2972 2311 5636 3067 8356 3851 746  4651 2018 5479 3386 6299 4834 7129 6418 8011 7934 8861 
8352 1495 1848 4615 1368 6643 1320 8687 7410 3703 480  8381 2580 469  5994 815  468  1247 4240 5301 7100 6171 1610 2059 1110 2321 1992 2567 8690 1443 340  2403 1550 3471 2788 4509 4012 5595 5324 6657 6572 7707 7780 4501 156  4705 732  4873 1494 5095 2286 5255 3012 5401 3756 5567 4596 5753 5484 6239 4670 6663 4994 7265 3558 7747 5822 8187 6554 8659 7414 37   8248 587  12   1231 1796 1951 4244 2693 6962 3469 206  4243 1346 5059 2654 5867 4138 6719 5594 7577 7166 8447 8746 
6125 7656 3445 8778 5945 2904 7847 5160 1519 5200 6137 6930 323  3660 707  8016 1055 1332 1379 1300 4557 1640 6897 3560 2189 1554 2455 2418 2747 2752 1947 940  2943 2140 4017 3350 5037 4606 6129 5828 7287 7268 8421 8608 4601 414  4811 1098 5017 1884 5177 2718 5327 3372 5497 4194 5633 5028 5999 6894 6509 4870 6879 5144 7463 4854 7981 6182 8417 6974 8935 7842 281  8662 907  724  1583 3004 2333 5692 3079 8396 3853 758  4657 2026 5483 3394 6301 4846 7151 6434 8017 7978 8863 
7956 1645 5904 4625 1248 6517 1920 8671 7480 8379 1760 8957 3150 473  4650 917  612  1205 2028 1529 7220 6201 1750 8037 4690 2323 1998 2569 2886 2867 260  2409 1564 3477 2780 4503 3980 5529 5260 6681 6604 7743 7828 8979 368  4709 738  4885 1524 5105 2292 5257 3084 5411 3798 5585 4626 5755 5526 6245 8226 6767 5002 7131 5302 7751 5826 8185 6558 8665 7422 41   8264 593  18   1237 1828 1973 4252 2699 6964 3491 214  4253 1354 5077 2722 5869 4162 6733 5602 7583 7186 8461 8782 
6475 7722 3115 4416 5159 5850 7733 3780 3211 6800 5733 3400 319  8960 731  5490 1057 1452 1345 2844 1673 1720 7029 3710 8901 5810 2483 2442 2705 3306 2993 988  2895 2132 4023 3340 5061 4628 6153 5876 7305 7276 8445 8596 867  2896 4819 1164 5027 1926 5183 2724 5339 3396 5509 4236 5645 5046 6001 6924 6505 258  7063 5146 7341 5542 7985 6184 8441 6978 8945 7864 283  8666 911  764  1597 3028 2339 5708 3083 8444 3863 766  4663 2038 5501 3398 6311 4874 7159 6442 8039 8002 8867 
8448 1615 6192 4403 3420 6853 2040 8723 5880 3751 2720 7623 4420 5643 6440 949  6150 1253 2178 1465 4332 1793 2030 8217 4750 4293 6790 2573 2958 2881 3810 3101 1612 3495 2812 4521 4028 5559 5332 6585 6644 7761 7844 8985 464  2259 6128 4891 1572 5111 2316 5263 3114 5429 3804 5587 4668 5759 5532 6259 8292 6769 1194 7271 5306 7653 5842 8189 6562 8683 7426 43   8270 599  20   1249 1844 1979 4276 2707 6988 3499 218  4259 1366 5081 2734 5879 4166 6737 5606 7589 7214 8467 8794 
7105 7992 3245 5568 5467 6660 7777 5640 2057 5460 6413 3680 3591 6200 6669 3920 1157 6540 1391 2988 1655 6876 1921 3770 8967 5590 8829 7490 2743 3270 3007 4218 3223 2144 3945 3404 5109 4636 6135 5908 7317 7316 8451 8636 873  3056 3897 2116 5029 1956 5191 2748 5345 3438 5513 4302 5663 5052 6005 7002 6511 282  7067 2382 7465 5546 7977 6190 8453 6986 8947 7870 293  8682 919  772  1601 3044 2341 5716 3089 8452 3877 778  4673 2042 5503 3418 6317 4882 7177 6458 8053 8006 8887 
8712 1625 2856 4715 1404 6923 2280 8701 8040 3971 8190 8591 4960 4641 6380 1989 3850 1271 8010 1537 4572 1795 312  2047 4730 4779 6920 429  8792 2893 3834 3095 4632 3353 2848 4587 4018 5685 5344 6645 6692 7797 7850 9021 512  2313 6224 5571 374  5123 2358 5269 3156 5435 3972 5597 4734 5761 5556 6281 8298 6773 1266 7273 3594 7763 5846 8193 6568 8661 7430 47   8282 601  28   1259 1852 1987 4348 2711 7012 3511 226  4261 1382 5087 2746 5881 4174 6761 5638 7591 7226 8501 8818 
7175 7752 3289 2352 5885 2952 7843 6360 1813 7500 6647 1260 377  4840 5187 7520 2223 8330 1397 180  1679 6948 1927 714  2183 5830 441  7750 1107 3008 2995 4266 3233 5190 3487 3424 5073 4676 6141 5978 7347 7328 8481 8620 909  3088 3951 3364 7551 742  5195 2796 5353 3474 5515 4308 5671 5058 6013 7044 6515 318  7073 2406 7471 4866 7991 6194 8457 6994 8953 7874 307  8686 929  788  1607 3076 2347 5732 3109 8516 3881 794  4679 2062 5507 3442 6323 4894 7187 6502 8059 8014 8893 
8892 1595 3192 4745 1428 6745 3948 8987 8320 3871 540  8833 4410 527  6880 6279 8480 3663 4720 1541 4716 1807 210  2071 1128 2329 7030 483  8710 1479 392  3107 4674 3377 5502 3611 4046 5673 5348 6693 6620 7809 7852 729  496  2367 6352 5679 376  93   1118 5267 3222 5447 4014 5599 4764 5765 5598 6283 8334 6787 1338 7277 3606 7765 5858 8197 6574 8691 7432 53   8286 607  32   1277 1868 1993 4364 2713 7036 3517 254  4271 1402 5099 2762 5897 4178 6763 5666 7603 7234 8513 8842 
7525 8832 3355 7938 5995 2898 7685 5124 2299 960  6223 1530 341  840  713  8140 7749 8740 5103 1700 1687 7092 1937 690  2191 1590 2471 7790 1023 3392 2013 992  3235 5226 3455 6018 3755 4708 6177 6004 7329 7340 8493 8650 927  3152 3987 3844 7677 754  591  1534 5357 3516 5533 4338 5677 5094 6017 7116 6527 354  7081 2454 7483 4926 7997 6186 8459 7006 8977 7882 311  8696 937  796  1609 3092 2351 5756 3119 8524 3889 802  4691 2066 5519 3446 6329 4918 7193 6506 8069 8026 8923 
8928 1715 6156 4895 1596 6715 4004 8755 6174 3757 600  8477 2550 517  3990 989  7150 8883 4880 2541 7300 1817 270  2051 1230 2353 2010 2581 8806 1515 416  2445 1628 3365 5538 3635 6402 3865 5356 6735 6716 7833 7876 63   592  2421 6416 5769 406  111  1130 1227 1930 5459 4044 5603 4812 5767 5604 6289 8406 6797 1362 7279 3642 7769 5862 8201 6582 8705 7474 59   8290 613  44   1279 1916 1997 4372 2719 7108 3527 262  4273 1418 5101 2798 5903 4198 6779 5674 7607 7246 8521 8846 
7007 8856 3335 1344 6035 2964 7705 5166 1325 7084 6929 1650 161  3690 737  2240 2907 1600 693  1900 4977 1870 1939 744  2197 1608 2489 2472 2735 3776 2037 1012 2955 2204 3493 5934 3763 6834 3985 6028 7365 7348 8535 8668 963  3184 4041 5476 7713 782  597  1544 1893 2338 5539 4404 5699 5172 6019 7146 6523 366  7087 2514 7493 4938 7999 6198 8465 7016 8981 7898 313  8702 941  844  1613 3148 2357 5788 3121 8548 3907 818  4703 2078 5521 3466 6337 4934 7207 6514 8081 8038 8929 
8640 2387 6768 4807 1638 6785 4056 8789 6318 3725 8148 8959 2610 497  4740 979  4060 3519 5000 2499 8300 6321 2840 2101 1218 2305 2046 2587 2982 2885 544  2451 1652 3531 2852 3641 6438 3869 7134 4105 6728 7815 7868 9015 656  2439 6544 5787 410  129  1162 1257 1946 2631 2758 5609 4842 5771 5634 6295 8412 6799 1374 7289 3678 7771 5864 8203 6584 8709 7486 61   8302 617  50   1283 1922 1999 4388 2729 7132 3529 274  4283 1438 5107 2818 5923 4222 6781 5686 7621 7262 8527 8882 
5929 6840 3689 7680 6061 2976 7805 5244 1445 7098 5675 8844 259  3740 721  5550 1159 8470 4959 2300 4599 1880 7119 3880 2201 1722 2479 2478 2759 3318 3005 1036 2967 2180 4029 3460 3781 6810 3991 7506 4189 7364 8517 8672 981  3376 4107 6724 7731 790  633  1558 1923 2344 3351 3170 5707 5196 6023 7188 6533 402  7091 2526 7495 4962 8003 6202 8471 7010 8983 7906 317  8706 947  892  1619 3188 2371 5804 3137 8564 3911 838  4721 2098 5527 3482 6343 4946 7211 6518 8087 8042 8933 
7200 2431 4800 4459 3060 7049 4092 8729 6204 3775 8262 7675 1488 511  4770 959  6180 1273 5680 2583 7900 6273 2920 8001 4810 2363 2058 2599 2910 2899 3894 3131 1580 3507 2888 4539 4064 3883 7170 4103 7998 4307 7924 45   688  2493 6704 5823 418  123  1166 1263 1958 2643 2726 4227 3586 5773 5748 6313 8508 6805 1398 7291 3702 7781 5866 8207 6586 8711 7494 71   8312 619  52   1289 1948 2003 4412 2731 7148 3533 278  4289 1454 5113 2846 5927 4226 6791 5702 7639 7274 8537 8894 
8281 8280 3553 8880 5453 6900 7973 5720 2009 7236 5725 8874 95   3408 749  5820 1099 6570 1393 2420 5229 2090 7137 3910 567  5890 2491 2490 2761 3336 3013 4296 3241 2150 4053 3476 5133 4660 3997 7512 4193 8178 4393 8684 1017 3568 4113 7396 7767 806  669  1562 1929 2354 3369 3176 4911 3928 6031 7212 6535 426  7093 2586 7501 4974 8005 6214 8479 7026 8989 7914 331  8718 953  908  1621 3236 2377 5812 3163 8572 3917 842  4723 2102 5531 3494 6353 4954 7213 6542 8089 8054 8941 
7920 2639 2160 4543 3840 6851 2760 8897 8250 3887 8364 7775 1134 335  6096 973  6390 1267 8220 1561 8450 6363 3160 8253 4930 4941 6970 2603 3030 2911 3912 3113 4710 3379 2890 4551 4108 5649 5350 4109 7986 4309 8478 4529 752  2523 6736 5877 424  141  1178 1293 1970 2649 2770 4269 3562 5777 5706 6319 8622 6809 1434 7295 3714 7783 5882 8213 6590 8717 7496 67   8326 631  68   1291 1964 2011 4418 2741 7156 3539 298  4297 1466 5119 2854 5939 4258 6793 5714 7643 7286 8539 8902 
1547 5940 3731 1440 5551 7260 8029 5610 2107 7600 6419 8964 85   3248 655  7824 1169 6780 1403 300  1691 2120 7191 4030 891  5960 1089 7880 2771 3354 3017 4278 3239 5238 3497 3488 5151 4756 6183 6052 4195 8274 4399 9018 4607 3632 4149 8836 7893 808  681  1570 1941 2378 3387 3178 4971 3934 6049 7218 6539 438  7097 2598 7513 5034 8021 6206 8473 7042 8997 7918 337  8728 967  916  1627 3244 2381 5836 3167 8612 3919 862  4729 2122 5557 3506 6359 5006 7219 6598 8093 8098 8951 
6480 2737 2640 4669 3300 7021 2970 8827 8360 7371 2200 8771 1536 365  5488 835  684  1313 8340 1577 4932 1819 2170 8109 4970 5427 7070 561  8890 2923 3930 3127 4686 3383 5562 3647 4150 5691 5372 6747 6748 4313 8490 4511 126  4717 6896 5931 430  159  1192 1299 1978 2661 2774 4281 3590 5793 4354 6331 8628 6817 1446 7303 3786 7787 5870 8223 6610 8727 7498 73   8338 641  76   1297 1996 2017 4436 2749 7204 3541 302  4327 1478 5147 2858 5953 4262 6803 5722 7649 7318 8543 8914 
1001 9000 3857 8580 5593 7380 7889 6270 2023 3520 7497 2860 203  3726 685  8176 1115 1476 1411 450  1703 7164 1943 4040 1053 6040 1521 7910 1131 3904 3029 4326 3247 5214 3503 5910 3787 4768 6213 6068 7359 7406 4411 144  4609 444  4829 40   7929 814  687  1576 1959 2390 3453 3182 4989 3938 5997 4514 6541 474  7099 2634 7519 5118 8023 6226 8483 7046 9003 7922 347  8734 971  932  1637 3284 2383 5884 3169 8644 3923 866  4733 2126 5563 3518 6361 5042 7229 6602 8101 8102 8963 
4320 2717 3240 4879 3900 6919 3000 637  8370 4067 2080 3213 4180 533  5936 4995 2156 1255 2196 1589 5004 1829 330  2077 5080 5751 7130 627  8920 1533 380  3133 4728 3385 5592 3649 6456 3893 5380 6777 6740 7869 7940 4531 150  4711 774  4897 434  177  1208 1317 1990 2721 2776 4287 3592 5789 4366 6243 4696 6821 1506 7313 3846 7795 5894 8227 6616 8735 7526 79   8342 643  92   1301 2012 2027 4468 2753 7244 3547 314  4337 1486 5153 2866 5981 4274 6823 5758 7669 7342 8563 8926 
1309 3600 3619 1800 5621 7740 7931 6210 2303 4160 6237 3800 4347 5500 8073 8704 6045 4508 1355 3042 1685 7596 1957 750  2219 6110 2601 7912 1029 4288 2067 1078 3263 5334 3505 6024 3785 6846 4009 6112 7383 7372 8559 8660 4613 486  4835 1206 5045 824  699  1582 1977 2398 3459 3206 5001 3970 6009 4526 6423 4886 7111 2658 7543 5142 8027 6234 8485 7048 9005 7926 349  8738 977  956  1657 3292 2389 5924 3181 8716 3929 878  4751 2138 5569 3554 6367 5062 7237 6614 8111 8114 8969 
4680 2849 3120 4697 4140 7163 3720 8911 8520 4361 2600 2079 4940 5481 6460 6699 4864 7095 8036 1535 5202 1835 384  2117 1242 2359 7160 609  8866 1545 476  2505 1666 3397 5658 3653 6486 3935 7194 4115 6752 7845 7942 117  848  4727 804  4907 1602 5129 1222 1329 2006 2733 2782 4299 3598 5799 4376 6249 4706 6711 5014 7319 3858 7799 5898 8249 6618 8743 7528 83   8362 647  98   1303 2036 2029 4492 2767 7292 3557 326  4339 1502 5167 2878 5987 4282 6827 5774 7673 7346 8573 8962 
1463 7020 3773 2340 5719 7650 8099 6750 2527 5440 4851 4000 3927 6500 5313 8060 8127 7936 7965 896  1711 8028 1945 798  2195 1674 2497 7930 1113 4544 2055 1148 2985 2254 3523 5970 3791 6858 4031 7518 4213 7412 8565 8692 1083 3664 4837 1212 5033 1962 5201 1586 1983 2410 3489 3208 5007 3962 6033 4552 6429 4898 6891 5162 7531 5154 8033 6254 8489 7064 9017 7928 353  8744 983  964  1663 3308 2393 5932 3187 8812 3931 886  4759 2174 5573 3566 6373 5078 7243 6626 8117 8146 8971 
5400 3059 4080 4921 4500 7189 3480 539  8760 4477 3040 2457 5800 5049 6760 6993 8500 8547 1768 8745 1736 1837 408  2095 1254 2315 2136 2611 8888 1581 532  2553 1694 3537 2828 3667 6474 3899 7230 4121 8022 4315 7964 75   944  2529 6928 4913 1644 5131 2364 5287 2008 2757 2786 4317 3614 5809 4378 6261 4718 6717 5018 7143 5362 7801 5902 8247 6632 8749 7510 89   8374 653  116  1307 2084 2039 4516 2777 7324 3559 334  4349 1514 5171 2894 6007 4286 6829 5794 7681 7354 8581 8966 
1729 6600 3913 8910 5831 8460 8041 7080 2597 6080 9009 4600 3861 4480 6831 7540 7161 1040 1197 2944 495  2744 1961 858  2215 1704 2495 2538 2779 4672 2085 1204 3009 2212 4035 3484 3799 6870 4033 7530 4223 8322 4405 8708 1143 3728 4167 56   5053 2004 5207 2826 5359 2414 3513 3262 5079 3982 6041 4558 6459 4904 6927 5174 7377 5558 7989 6262 8491 7086 9019 7954 359  8754 991  1004 1667 3316 2399 5948 3191 8828 3943 898  4783 2182 5581 3574 6379 5086 7247 6638 8123 8158 8999 
3960 2821 4560 4823 4860 7259 3510 833  8970 4753 3200 3003 5920 5967 5320 8019 8600 8211 5360 2709 3712 1395 4186 2105 1272 2335 2214 2605 3048 2929 572  2595 1696 3567 2884 4605 4114 3901 7242 4117 8046 4319 8502 4535 976  2547 7024 5949 442  5137 2388 5293 3228 5455 2792 4341 3634 5803 5766 6341 4738 6729 5026 7149 5338 7671 5912 8251 6634 8759 7554 101  8366 659  124  1319 2092 2053 4604 2789 7388 3571 346  4357 1522 5179 2902 6011 4306 6833 5806 7687 7382 8597 8986 
2093 8160 4081 2400 5957 8550 8239 7320 2891 7290 6713 4640 4389 6560 7293 4900 1881 2000 819  2900 5439 4264 2655 5032 2231 1752 2507 2562 2773 3390 3031 1184 3051 2236 4047 3556 5157 4780 4037 7566 4207 8310 4417 324  4619 3824 4203 70   7947 826  5213 2868 5363 3546 5543 3272 5091 3992 6059 7284 6557 4906 6933 5176 7401 5570 8013 6266 8495 7096 9023 7946 367  8758 997  1028 1669 3356 2411 5956 3203 8852 3947 914  4787 2186 5591 3578 6389 5098 7253 6646 8147 8182 9001 
5280 3367 5520 5117 4950 7511 4590 847  8840 4949 660  8869 5980 5859 7400 8151 4340 3933 5840 2793 8900 6327 4424 4005 5698 2369 2130 2629 3066 2921 3942 3143 1660 3597 2842 4623 4148 5697 5396 4135 8034 4321 8616 4537 198  4735 7088 6057 470  183  1246 5305 3174 5461 4086 5611 3638 5815 5844 6347 8724 6835 5038 7167 5384 7737 5918 8257 6654 8765 7562 97   8378 661  148  1321 2164 2063 4612 2791 7442 3581 358  4363 1538 5189 2906 6029 4322 6841 5818 7691 7394 8599 9014 
2261 8100 4123 1980 6097 8800 8113 6630 2783 8000 6727 1710 287  5060 6783 8200 2277 8540 5031 3100 5577 1190 7227 5248 5475 6344 2513 2568 2785 3486 3035 4344 3269 2260 4071 3550 5181 4820 6231 6116 4237 8328 4415 192  4627 492  4841 88   7983 830  717  1592 5371 3582 5545 4476 5713 5268 6065 7356 6559 498  7115 5198 7419 5608 8031 6278 8497 7102 9    7958 373  8762 1009 1052 1693 3362 2417 5972 3209 8884 3967 922  4789 2194 5623 3602 6397 5102 7283 6658 8161 8186 9007 
5760 3157 6000 4991 5100 7553 4440 931  720  4693 990  8993 2790 551  6820 7917 5120 4059 6320 2961 640  6417 2590 8307 5704 7575 7304 2615 3102 2935 4002 3139 4758 3401 2924 4611 4172 5709 5404 6771 6812 4331 8646 4541 204  4739 852  4915 472  201  1256 1347 2014 5465 4122 5615 4878 5833 5892 6349 8766 6839 1542 7327 5402 7773 5930 8259 6674 8751 7570 103  8386 673  164  1327 2188 2069 4652 2797 7444 3583 362  4373 1546 5197 2918 6037 4358 6857 5834 7699 7402 8609 4    
1771 7800 4301 2700 6083 8700 8393 7830 2989 7360 6811 1740 301  4020 763  7820 8463 1360 1323 3380 5589 770  7353 4070 1377 6424 1875 8024 2807 3498 3043 4374 3265 5352 3521 3572 5205 4828 6285 6148 7413 7450 4427 1458 4631 516  4843 1236 5057 854  723  1598 2019 2422 5549 4518 5723 5274 6071 7362 6583 534  7117 2694 7555 5614 8047 6286 8499 7090 49   7962 379  8770 1013 1058 1697 3412 2423 5996 3217 8948 3989 926  4793 2206 5639 3622 6421 5114 7297 6662 8167 8198 9011 
6120 3311 6960 5083 5220 7429 4920 1127 1200 4901 1020 2401 2820 553  4980 1007 9020 3969 6640 3087 440  6579 2870 8541 5170 6399 7238 375  8968 2933 4008 3149 4746 3403 5694 3661 4192 5727 5452 6789 6764 7881 8020 4553 228  4741 846  4927 1668 5141 1258 1371 2054 2787 2794 5617 4908 5837 5958 6371 8796 6847 1578 7339 3882 7807 5944 8261 6682 8767 7576 107  8390 677  172  1361 2228 2081 4684 2801 7468 3593 382  4391 1574 5209 2942 6043 4406 6863 5854 7703 7418 8623 2    
2233 2880 4199 7560 6149 6300 8177 7040 3283 900  6877 1860 343  3870 767  420  1207 880  1071 3700 5607 2360 7533 4120 1539 6230 3249 8162 915  5056 3047 4386 3287 5370 3551 6102 3805 4796 6291 6140 7437 7456 8589 8732 4633 522  4847 1278 5063 2034 5221 1606 2031 2438 3543 3266 5729 5316 6077 7404 6587 582  7123 2742 7571 5178 8035 6294 8503 7122 25   7966 383  8774 1019 1076 1699 3428 2437 6044 3221 8956 4001 934  4799 2218 5641 3646 6427 5158 7307 6686 8171 8222 9013 
6240 3451 7440 5291 8400 7337 2520 2873 1620 4961 1680 143  2850 581  5340 1003 4550 4131 7120 3339 520  6489 2990 8631 5240 5913 7210 621  8918 1551 350  3151 4776 3409 5730 3679 6504 3937 5420 6837 6844 7887 8032 99   1072 4747 876  4939 1734 5143 2466 5299 2056 2811 2806 4353 3656 5855 5988 6377 8838 6859 1614 7343 3918 7811 5946 8267 6698 8773 7574 109  8392 683  188  1367 2252 2083 4724 2803 7484 3607 386  4397 1594 5227 2962 6047 4414 6869 5878 7717 7438 8627 1    
