9072 6875 4704 3445 8624 8775 4256 6435 6272 8415 7448 1485 2576 3705 5264 5535 1792 7155 952  9165 3752 1305 5698 4425 7592 8475 2704 255  5696 1455 1184 3405 2684 4611 4148 5889 5566 7287 7228 8655 8756 1503 4912 5553 374  201  1304 1569 2222 3189 3082 4083 3562 4359 3818 4701 4082 5091 4382 5601 4718 6081 5026 6663 5410 7197 5858 7971 6154 8391 6910 9033 7816 173  8638 769  332  1459 2468 2203 5036 2939 7892 3727 458  4547 1678 5399 3062 6211 4546 7027 6046 7919 7642 8803 
3575 3024 1705 3192 4715 2464 6885 5152 7425 6916 5445 9184 3135 4592 4785 7504 6345 6076 8235 2744 825  4522 2535 6784 6255 8584 3249 2624 705  392  2595 1888 4017 3340 5289 4850 6531 6422 7815 7876 117  1250 3447 100  7929 824  831  1778 2391 2674 3831 3406 4269 3682 4497 3926 4857 4246 5331 4558 5847 4906 6339 5206 6933 5654 7617 6010 8139 6526 8767 7390 2209 8238 457  9032 1097 1324 1811 3716 2579 6404 3347 8    4129 1042 4967 2362 5791 3778 6637 5326 7517 6898 8369 8438 
6048 8125 4788 3485 4928 5265 4312 2925 6496 4455 7904 2295 3248 4125 5488 5655 2156 7215 1064 2025 3848 1395 5768 4545 7672 8595 8464 285  6208 1515 1196 3417 2620 4623 4150 5901 5588 7305 7264 8697 8764 1557 4976 5571 376  213  1310 1623 2230 3207 3110 4087 3586 4377 3830 4713 4090 5097 4390 5613 4726 6087 5038 6711 5416 7233 5864 7977 6170 8403 6946 9037 7806 179  8642 773  338  1471 2476 2207 5108 2953 7916 3733 466  4549 1706 5407 3086 6217 4562 7039 6074 7927 7646 8807 
4675 4536 1885 3864 4745 3808 7695 5236 5175 6188 6975 8932 3105 3952 4995 7568 6375 8036 8385 2632 855  4862 2745 6734 6675 8602 7569 2752 795  416  2685 1892 4023 3424 5253 4876 6573 6532 7845 7924 153  1264 3501 196  7947 826  843  1784 2427 2678 3829 5358 4343 3686 4533 3928 4863 4294 5349 4568 5853 4910 6387 5210 6999 5662 7629 6014 8157 6530 8773 7374 2809 8242 461  9058 1103 1348 1823 3748 2591 6428 3359 10   4133 1046 4969 2374 5801 3802 6653 5342 7523 6914 8377 8458 
6552 3025 5292 3515 4416 5945 2912 4275 5096 2475 8288 1755 7744 4725 5456 6825 3872 7395 1288 5625 3944 1425 5704 4575 7714 8685 5776 345  6464 1545 1204 3429 2650 4671 4172 5907 5612 7317 7268 8679 8780 1587 5008 5679 406  219  1334 1641 2242 3261 3112 4097 6162 4609 3832 4737 4094 5127 4394 5619 4738 6117 5048 6717 5446 7251 5866 7989 6182 8409 6974 9047 7818 181  8662 787  356  1481 2524 2213 5116 2957 7948 3739 478  4561 1714 5413 3098 6221 4574 7043 6082 7933 7666 8819 
5225 4368 1955 4158 5015 1188 6815 4004 3825 6944 7605 7168 3315 3344 4095 8272 8925 9196 9045 2926 975  4984 2775 6902 6705 8632 4761 3008 885  476  2715 1924 4029 3350 5307 4964 6567 6412 7881 7940 147  1328 3573 256  7983 830  849  1786 2433 2686 3837 3422 4351 7230 4859 3934 4881 4298 5361 4570 5919 4922 6393 5222 7017 5672 7647 6026 8187 6538 8765 7386 3481 8248 463  9062 1109 1388 1831 3764 2593 6436 3361 14   4139 1082 4973 2386 5807 3814 6659 5354 7529 6922 8387 8462 
8064 7225 2772 3565 5568 5705 2952 7955 5852 6075 8096 2565 1232 3915 5632 7245 4864 945  1768 3645 3968 1665 5848 4635 7784 8865 448  375  6592 1605 1274 3435 2716 4731 4192 5943 5620 7347 7276 8733 8788 1611 5072 5769 410  237  1336 1671 2248 3273 3122 4101 3590 4613 8178 5149 4102 5163 4402 5631 4744 6159 5066 6729 5464 7269 5870 8013 6184 8457 6986 9053 7842 191  8666 797  388  1483 2564 2221 5132 2963 7972 3761 482  4567 1718 5417 3106 6229 4586 7057 6098 7937 7694 8821 
5525 3696 2015 6216 4895 1632 6895 4248 8845 6664 8325 3136 3375 2288 5355 7696 9135 8228 3045 2944 7455 4888 3015 6808 6795 8648 8649 3392 915  532  2739 1952 4035 3476 5319 4972 6591 6524 7887 8020 171  1424 3609 484  8163 854  879  1790 2463 2690 3839 3434 4281 3688 4867 324  5389 4310 5367 4582 5937 4936 6411 5224 7023 5678 7653 6034 8193 6554 8777 7422 3721 8264 467  9066 1117 1396 1847 3788 2609 6452 3371 22   4153 1094 4987 2402 5813 3826 6661 5366 7537 6926 8389 8482 
5544 4225 5376 3625 5824 5995 2964 7945 5382 925  8372 2805 3472 4845 6032 5775 5408 1995 2024 4935 4216 1701 6016 4815 7808 8955 704  435  6848 1635 1292 3423 2756 4683 4220 6021 5572 7359 7316 8763 8804 1629 5296 5787 418  249  1342 1689 2264 3279 3130 4103 3592 4413 3838 5155 732  5663 4430 5637 4790 6189 5074 6753 5470 7311 5882 8031 6190 8499 6994 9055 7864 193  8682 809  404  1487 2572 2237 5156 2969 7988 3767 502  4583 1726 5419 3118 6247 4594 7069 6122 7949 7702 8831 
6175 5712 2035 4914 4945 1428 6985 4128 8875 6372 3175 1456 3795 4816 5115 8528 2835 1144 3255 3016 7665 5032 3075 6952 7065 8806 135  3776 1005 544  2751 1940 4047 3460 5343 4988 6585 6566 7911 7942 207  1552 3681 676  8199 856  921  1798 2469 2696 3841 5370 4367 3704 4569 3938 5383 1818 5947 4610 5961 4942 6423 5230 7041 5690 7671 6056 8223 6562 8781 7414 4489 8270 479  9070 1123 1412 1861 3812 2617 6476 3373 26   4157 1114 4993 2426 5821 3862 6673 5374 7541 6934 8419 8486 
7392 9025 5796 3655 5832 6095 2976 8015 5412 1075 7098 5825 3536 4185 5936 5805 5888 1785 2392 5145 4136 1725 5896 4905 7826 405  832  465  6976 1695 1276 3441 2740 4767 4232 5955 5644 7365 7328 8769 8860 1719 5392 5823 424  267  1358 1707 2266 3291 3154 4109 6222 4619 3842 4749 4118 5671 3114 6169 4792 6207 5090 6801 5486 7323 5894 8049 6194 8511 7006 9057 7870 197  8686 811  412  1489 2588 2239 5164 2971 7996 3769 514  4591 1754 5431 3134 6257 4618 7079 6134 7951 7706 8837 
7475 2016 2125 5208 5035 1386 6935 4392 8905 6408 3275 8442 8275 2992 4875 7952 6765 1664 1155 3128 8295 5192 3195 6968 7275 8792 165  3904 1065 572  2781 1972 4053 3484 5373 5012 6603 6556 7923 7964 243  1616 3771 1156 8271 872  933  1802 2481 2698 3845 5394 4381 7242 4873 3962 4911 4318 5951 4476 6445 4952 6429 5246 7053 5710 7737 6058 8247 6568 8791 7426 5041 8282 487  9074 1129 1436 1867 3868 2621 6484 3389 34   4159 1126 4999 2434 5827 3866 6679 5378 7547 6938 8423 8506 
8316 1105 6468 3835 5952 6035 2898 8195 5124 1025 7326 5975 9156 115  6512 5865 2548 7755 2176 5565 4264 1827 6136 5085 7832 1863 1088 555  7232 1905 1312 3471 2780 4773 4228 5973 5650 7329 7340 8787 8864 1737 5552 5877 430  291  1370 1713 2270 3309 3176 4105 6258 4631 8274 5161 4142 5169 4438 6179 5766 6649 5122 6807 5494 7341 5902 8051 6202 8529 7010 9069 7874 199  8696 821  428  1493 2612 2243 5188 2999 8012 3779 526  4597 1762 5437 3142 6263 4622 7103 6158 7963 7726 8839 
8075 7728 2375 6426 5125 1596 6955 3948 8965 6432 3425 8484 8405 2256 395  8176 6555 7252 8265 3224 8715 5248 3225 7106 7335 8866 105  4288 1095 608  2769 2020 4071 3488 5379 5020 6657 6550 7953 8032 261  1648 3789 1444 8361 874  939  1810 2487 2702 3849 3448 4369 7266 4883 192  5401 4328 5403 4616 6455 7284 6941 5254 7071 5726 7773 6062 8259 6574 8801 7430 5329 8286 491  9082 1151 1468 1871 3884 2633 6508 3391 38   4177 1138 5003 2446 5839 3898 6689 5386 7549 6982 8429 8518 
8736 935  6804 3685 7104 6205 3036 8215 5166 1175 7416 6025 9198 125  5022 655  3332 7965 1736 495  4408 1815 5992 5025 7912 1875 1216 615  8128 1965 1316 3477 2788 4695 4214 6099 5660 7383 7364 8805 8876 1773 5584 5931 434  303  1378 1731 2278 3327 3170 4117 6312 4633 8310 5173 738  5677 4454 5667 4808 6667 8724 7169 5518 7377 5912 8061 6206 8519 6906 9071 7882 211  8702 823  436  1499 2636 2251 5204 3001 8044 3793 538  4603 1766 5441 3158 6269 4666 7109 6166 7993 7754 8849 
6325 6384 2255 7182 5135 1656 6965 4428 9035 6534 3475 8514 8425 2544 415  7248 785  8092 8625 2968 1035 5278 3285 7112 7515 8888 189  4544 1185 644  2847 1988 4065 3556 5385 5024 6681 6572 8007 8084 279  1712 3879 2116 8427 890  951  1816 2517 2710 3859 5430 4379 7314 4891 1458 5411 1854 5959 4630 5979 4958 6943 354  7379 5738 7779 6070 8301 6584 8795 7432 6241 8290 499  9106 1153 1492 1873 3908 2647 6548 3407 46   4201 1142 5009 2458 5843 3902 6691 5398 7559 6998 8431 8522 
8568 715  7308 3875 7616 6215 3096 8155 5664 1325 7332 6275 2916 145  5136 679  9168 905  1624 585  3976 1845 6104 5325 8024 2349 4730 999  8192 2055 1364 3495 2812 4755 4268 6015 5668 7413 7348 8799 8908 1791 5648 5949 442  309  1384 1761 2282 3351 3182 4121 6330 4627 8328 5165 774  5699 3156 6181 4814 6243 5126 7171 1338 7627 5918 8057 6214 8531 6918 9073 7898 223  8706 827  452  1511 2644 2267 5212 3011 8068 3797 542  4621 1774 5443 3166 6271 4678 7121 6178 8009 7762 8861 
7865 3528 2185 6006 5365 1638 7015 4446 8995 6396 3725 8526 8675 2754 445  7536 815  684  1135 3256 1125 5336 3525 7192 7575 8918 459  6670 1659 736  2865 2044 4077 3572 5397 5044 6645 6596 7959 8132 333  1744 3897 3364 8433 902  993  1826 2559 2714 3865 5406 4387 7368 4885 72   5429 1884 5963 4518 6457 4966 6459 5258 7387 2382 7831 4722 8309 6546 8797 7474 6889 8302 503  9110 1163 1516 1877 3932 2657 6628 3413 58   4211 1154 5011 2462 5849 3946 6701 5414 7561 7022 8443 8542 
7056 1045 7644 3895 8256 6355 3108 8165 5676 1445 7434 6425 336  155  5232 685  252  965  1332 1285 4088 1935 6118 5475 8056 2511 4750 1023 7990 2211 1352 3531 2828 4833 4292 6063 5728 7437 7372 8823 8924 1899 5744 6057 470  321  1390 1779 2290 3369 3178 4115 6342 4645 8322 5177 804  5707 3174 6185 5844 6671 5128 6819 5522 7619 3558 8063 6078 8545 6978 9077 7906 227  8718 829  508  1523 2692 2269 5228 3019 8108 3803 554  4637 1814 5449 3194 6277 4682 7127 6218 8011 7778 8863 
7975 3276 2365 7896 5185 1716 7055 4116 9085 6588 3775 8532 8725 2832 469  7614 835  768  1145 2124 1415 5368 3555 7144 7725 8968 231  6680 1653 340  2829 2048 4089 3550 5421 5050 6693 6604 8043 8150 363  1808 3951 3844 8469 904  1011 1832 2571 2726 3867 3454 4385 7398 4897 60   5447 1926 5965 4548 6463 7356 6953 5272 7113 5734 7835 4782 8315 6558 8809 7486 7921 8312 509  9118 1171 1532 1879 3964 2659 6652 3433 62   4217 1174 5021 2474 5851 3958 6703 5422 7573 7034 8447 8546 
4032 1265 7812 3905 7872 5845 3132 8245 5418 1475 7476 6575 432  185  5424 695  288  985  1452 1315 2988 1655 6232 5715 8162 2997 4930 1029 8440 2247 1180 3507 2848 4809 4324 6123 5764 7473 7412 8841 8950 2007 5872 6093 472  327  1394 1797 2294 3387 3206 4119 3598 4661 8346 5183 846  5713 3222 6187 5892 6677 8766 7181 5528 7401 5944 8065 6114 8549 7016 9079 7914 229  8728 839  524  1531 2708 2273 5276 3023 8116 3821 562  4639 1822 5471 3202 6287 4694 7129 6238 8017 7814 8867 
8525 4284 2405 6888 5335 1824 7085 4452 9095 6612 3925 8544 8771 2928 485  7824 865  828  1165 2178 1465 3852 1795 7208 7785 9064 273  6710 1677 380  2877 2050 4137 3580 5457 5054 6735 6644 8103 8164 369  2032 3987 5476 8523 938  1041 1834 2577 2758 3869 3464 4287 3706 4907 90   5459 1956 5969 4596 6467 7362 6973 366  7391 5752 7827 6086 8321 6582 8813 7494 5    8326 521  9138 1181 1556 1889 3988 2663 6668 3449 74   4219 1186 5023 2498 5857 3974 6709 5426 7577 7054 8461 8566 
7488 1375 1512 3965 8512 6235 3234 8255 5586 1525 7548 6725 528  205  5994 707  396  995  1476 1345 3042 1685 5004 1895 8216 3321 5080 1107 8510 2289 1210 3537 2852 4887 4316 6129 5746 7467 7406 8877 8980 2043 5968 6147 488  339  1406 1803 2314 3453 3208 4135 3614 4443 3854 5191 852  5723 3228 6191 5958 6683 8796 7183 1362 7631 5930 8067 6226 8551 7026 9083 7918 233  8734 853  548  1543 2732 2281 5284 3037 8156 3823 566  4643 1838 5477 3214 6299 4702 7151 6242 8039 7822 8887 
6545 5184 2465 7224 5395 1836 7285 4554 9125 6636 4075 8556 8825 3078 497  1860 901  882  1195 2196 1535 3924 1817 6228 1945 9086 351  6790 1749 460  2889 2060 4161 3596 5451 5068 6771 6620 8229 8134 387  2096 4041 6724 8577 946  1047 1846 2589 2770 3873 3478 4299 3730 4593 3970 5461 1962 5971 4626 6485 7404 6979 402  7397 2406 7837 6088 8331 6586 8851 7496 3    8338 523  9142 1187 1588 1901 4036 2671 6676 3457 82   4229 1198 5039 2518 5861 3986 6719 5438 7583 7058 8467 8578 
5616 7595 8832 3995 1764 6305 3366 8365 5688 1675 7584 6775 624  215  6096 721  2610 1079 1548 1355 3204 1717 450  1897 7164 2045 1472 1131 8170 2301 1220 3567 2884 4899 4384 6135 5782 7449 7450 8853 8954 2061 6064 6219 494  381  1414 1821 2318 3459 3262 4141 3634 4449 3874 4791 4154 5729 3252 6193 5988 6697 8838 7195 1374 7633 3594 8071 6254 8553 7042 9089 7922 239  8738 857  556  1549 2738 2287 5308 3041 8212 3833 586  4649 1858 5479 3218 6301 4714 7159 6274 8053 7834 8893 
7315 9216 2065 6156 5375 1932 7345 4512 9145 6678 4175 8652 8959 3216 505  8016 913  4020 1253 2412 1555 4068 1819 6348 1961 9036 2147 6920 1743 500  2919 2068 4155 3604 5487 5092 6747 6692 8241 8180 423  2192 4107 7396 8703 962  1059 1864 2631 2774 3883 5448 4399 3736 4629 3982 4971 4330 5977 4668 6493 7428 6989 426  7403 2454 7849 4854 8327 6590 8817 7498 7    8342 541  9146 1193 1604 1907 4052 2677 6772 3461 86   4231 1202 5051 2554 5867 3994 6733 5458 7589 7066 8501 8594 
7344 8225 8184 3535 9024 6365 3348 8305 5628 1775 7686 6845 648  217  6256 737  2550 1099 5820 1403 3468 1735 5364 1903 7596 2047 210  2201 8690 2337 1340 3621 2842 4917 4396 6141 5792 7479 7456 8931 8992 2097 6128 6309 506  393  1426 1839 2330 3489 3266 4145 6402 4667 3878 4803 4168 5199 4456 6209 6036 6707 8868 7199 1398 7637 3606 8077 6126 8557 7046 9097 7926 241  8744 859  578  1553 2764 2293 5444 3049 8252 3847 614  4651 1874 5483 3226 6311 4742 7177 6326 8059 7838 8923 
5005 3456 2135 6192 4795 1944 7205 4524 9185 6708 4205 8664 8869 990  511  1950 899  4230 1267 7470 1603 4332 1829 6444 1963 120  2159 546  2323 350  2937 2132 4191 3610 5511 5084 6777 6716 8115 8188 477  2224 4113 8836 8739 970  1077 1886 2643 2776 3891 3502 4393 7446 4915 3992 4989 4334 5433 4642 6487 7542 6995 438  7405 2514 7855 4866 8333 6610 8843 7510 11   8362 547  9154 1201 1636 1913 4076 2683 6788 3463 94   4241 1214 5059 2558 5869 3998 6737 5462 7591 7078 8513 8654 
8208 8575 8856 3605 9152 6055 3384 8375 5724 1805 7668 6727 540  259  1380 731  2660 1111 6030 1417 9150 1739 2450 1909 8028 2051 312  2195 744  2369 1372 3585 2888 4893 4448 6153 5828 7485 7502 8895 8996 2151 6224 6381 518  411  1432 1851 2338 3513 3272 4143 3638 4681 8358 5195 4184 5223 4462 5703 4826 6739 8916 7201 1434 7651 3642 8083 6186 8561 7048 9101 7928 251  8754 863  596  1559 2804 2297 5468 3061 8276 3851 622  4657 1882 5501 3238 6317 4754 7187 6334 8069 7846 8929 
7735 9108 2345 6768 4865 2052 7375 4576 9205 6786 4325 8658 8993 1140 517  1050 923  4350 1261 7620 1631 8560 7011 770  2021 216  2149 552  2285 984  2461 2108 4173 3616 5505 5216 6837 6728 8169 8224 531  2384 4149 40   8793 986  1101 1898 2649 2782 3893 3470 4317 3766 4913 84   5435 4342 5469 4634 5991 4978 7003 474  7415 2526 7859 4926 8335 6616 8857 7526 13   8366 557  9158 1213 1676 1931 4084 2687 6796 3467 106  4243 1226 5077 2566 5879 4006 6761 5482 7603 7082 8521 8674 
6336 9065 9048 3745 2304 6265 3552 8395 5742 1825 7704 6811 600  287  1500 713  2820 1121 6020 1411 240  1751 4700 7353 1190 2059 330  2191 858  2335 1254 2513 2890 4929 4444 6177 5860 7491 7460 8937 9028 2169 6352 6471 530  417  1442 1857 2344 3543 3278 4151 3656 4461 3886 5207 876  5731 4490 5721 4838 6249 5134 7217 1446 7655 3678 8095 6198 8567 7064 9107 7946 257  8758 877  604  1567 2836 2309 5492 3067 8324 3853 626  4663 1894 5503 3242 6323 4762 7193 6338 8081 7858 8933 
8645 2376 2485 7452 5215 2088 7385 4644 9215 6762 4475 8748 2401 1020 533  1120 943  4260 1271 7860 1633 8720 3549 920  8307 3320 2171 570  2291 966  2479 1410 2599 3620 5523 5140 6789 6740 8277 8204 507  2416 4167 56   8847 994  1119 1910 2661 2786 3901 5454 4405 3782 4647 4010 5473 2004 5983 4646 5997 4982 6483 5282 7409 2586 7861 4938 8339 6618 8873 7528 17   8374 563  9178 1217 1682 1933 4124 2689 6836 3469 118  4253 1234 5081 2578 5881 4022 6763 5498 7607 7094 8527 8678 
4752 4375 1584 3815 4356 6307 3588 8393 5772 1975 7788 6925 816  301  1530 767  2790 1133 6060 1457 810  1757 5300 6321 2530 3483 4970 2227 750  2407 1230 2519 1674 2681 4450 6183 5876 7503 7514 8943 9050 2259 6416 6543 536  447  1448 1893 2354 3561 3286 4163 6438 4685 3896 4821 4190 5747 3258 6227 4856 6261 5138 6843 5542 7663 3702 8105 6234 8579 7086 9113 7954 263  8762 881  628  1571 2876 2311 5524 3079 8332 3863 634  4673 1906 5507 3254 6329 4766 7207 6362 8087 7862 8941 
2275 3672 2555 7632 5285 2208 7469 4440 1127 6688 4525 8772 8975 3408 551  1400 949  4650 1273 7950 1639 9040 3717 760  8253 3410 513  6890 2317 1026 2471 1464 2603 1896 2807 5150 6873 6748 8205 8236 549  2512 4203 70   8919 1010 1137 1912 2721 2792 3899 5478 4415 7458 4927 4024 5001 4346 5993 4734 6497 4990 6537 5288 7131 5762 7871 4962 8341 6632 8879 7554 19   8378 569  9186 1223 1684 1949 4132 2693 6884 3491 122  4259 1238 5087 2582 5897 4034 6779 5506 7621 7114 8537 8698 
7128 1225 1872 3955 6084 6335 3816 8569 7320 3283 7848 6929 912  235  6288 779  3180 1139 6150 1441 2560 1911 5780 6489 2470 3807 4810 1161 8710 2419 1242 2533 1704 2701 2130 2881 5908 7521 7532 8949 9052 2313 6544 6597 568  453  1462 1923 2378 3579 3298 4181 6456 4687 8376 5201 4202 5241 4504 6233 6066 6731 5144 6861 5546 7419 5954 8119 6262 8571 7090 9119 7958 269  8770 883  652  1579 2908 2333 5596 3083 8348 3877 662  4679 1934 5519 3274 6337 4778 7211 6374 8089 7886 8951 
2975 2808 2585 8112 5405 2232 7505 4662 1859 720  5203 7350 143  3504 515  8304 917  4380 1313 8010 1643 800  3843 1000 8349 3430 297  6970 1767 490  2483 1518 2605 1914 2831 2328 2951 6752 8283 8308 639  2608 4311 88   8973 1016 1149 1918 2733 2794 3903 3490 4411 7464 4939 96   5455 4354 5493 4654 6499 7572 7009 5302 7143 5770 7851 6094 8345 6634 8859 7562 29   8386 571  9190 1229 1724 1951 4156 2699 6892 3499 134  4261 1262 5099 2594 5903 4054 6781 5534 7639 7118 8539 8714 
6864 595  2592 4015 1296 6409 3402 8455 5856 3479 960  7139 3990 341  6576 745  468  1141 6180 1469 2960 1953 5900 6741 2680 4293 5110 1209 8890 2343 1376 2545 1722 2705 2058 2885 2538 3007 7550 8961 9056 2367 6704 6627 574  471  1474 1929 2390 3603 3302 4169 6474 4699 8418 5213 948  5753 4498 5739 4858 6743 8982 7223 5558 7431 5962 8079 6266 8583 7096 9111 7966 271  8774 887  668  1583 2932 2339 5618 3089 8356 3881 674  4691 1942 5521 3314 6343 4786 7213 6382 8093 7894 8963 
3325 3432 2635 8232 5423 6720 7657 4692 175  6936 5239 7840 187  5320 559  8432 895  972  1331 8220 1649 1100 4221 1160 8487 3560 429  7030 1809 580  2943 2144 2615 1938 2785 2346 2947 2670 3071 8284 603  2672 4383 104  9081 1022 1167 1928 2757 2806 3909 3512 4417 7482 4955 108  5465 2034 5999 4658 6009 5002 7031 498  7421 5786 7863 6106 8347 6674 8871 7570 23   8390 577  9202 1231 1732 1973 4196 2707 6932 3511 142  4271 1282 5101 2602 5923 4058 6791 5554 7643 7142 8543 8726 
8424 665  3312 4085 504  6479 2520 8723 5814 2075 7866 7267 4480 5967 8680 8613 3724 1055 1692 1477 3280 2331 6050 6867 2750 4779 5240 1113 8920 2373 1420 3597 2924 2723 2136 2893 2490 3013 2910 3103 9116 2421 6736 6651 584  489  1490 1941 2398 3639 3310 4171 6486 4705 8382 5219 954  5755 3324 6245 4886 6267 5146 7231 1506 7661 5966 8097 6278 8587 7102 9121 7962 277  8776 907  692  1597 2956 2341 5636 3109 8396 3889 694  4703 1954 5527 3326 6353 4798 7219 6406 8101 7934 8969 
8855 4992 2755 7854 5605 2142 7733 5880 2783 6816 4775 8844 221  6440 7293 1960 2277 8428 1205 2556 1651 1280 4263 1240 8541 3710 561  7130 1833 550  2967 2140 4179 3650 2813 2370 2959 2712 3073 3102 3155 2768 4419 110  9117 1030 1191 1930 2787 2810 3921 3514 4427 7506 4963 132  5485 2076 5989 4764 6505 4994 6609 5338 7423 2598 7891 6130 8351 6654 8881 7576 31   8392 587  9208 1237 1756 1979 4204 2711 6962 3517 146  4273 1286 5107 2606 5927 4078 6793 5578 7649 7162 8563 8746 
3744 385  2448 4255 672  6565 3444 8789 8190 3751 7884 7025 1104 403  2800 8019 3500 3069 2072 1385 3492 1763 6100 6909 2840 4941 5330 1221 8990 2379 1450 3633 2948 4947 4460 2911 2562 3029 3030 3127 3288 3215 6896 6687 590  501  1498 1959 2410 3651 3322 4183 6504 4709 8430 5221 996  5759 3372 6239 6108 6749 5162 6879 5570 7679 3714 8129 6294 8593 7122 9115 7976 281  8786 911  716  1601 2972 2347 5692 3119 8444 3907 698  4721 1966 5531 3334 6359 4822 7229 6418 8111 7978 8971 
1925 4104 2665 8778 5695 2394 7535 4824 2299 7280 5491 8946 9175 3726 583  1820 2673 4550 4059 3094 1565 4572 1837 1480 8619 3880 357  7160 1869 620  3009 2150 4209 3626 5529 5194 2965 2814 3077 3144 3173 3318 3277 128  9171 1034 1203 1946 2811 2822 3935 5496 4429 7512 4979 126  5489 2148 6001 4812 6503 7578 7033 5306 7149 5798 7895 4974 8357 6698 8885 7574 37   8394 593  9214 1249 1772 1987 4244 2713 6964 3527 158  4283 1294 5113 2614 5939 4106 6803 5582 7669 7166 8573 8782 
4896 455  2736 4355 756  6625 3612 8515 5916 3971 2940 7381 1134 265  6448 1683 4060 3267 6580 4959 4186 1745 5202 1919 1750 5427 5170 1173 8930 2403 1460 3657 2950 4953 4532 6213 5978 3035 2982 3131 3270 3247 3498 3337 598  519  1510 1977 2414 3669 3346 4187 6594 4717 8466 5245 1014 5761 3396 6259 6246 6751 9012 7235 5608 7509 5974 8131 6286 8605 7126 9123 7970 283  8798 919  722  1607 3004 2351 5708 3121 8452 3911 706  4723 1982 5557 3338 6361 4834 7237 6434 8117 8002 8999 
2695 4968 2765 8496 5555 2436 7565 4884 245  6984 5687 8960 209  3792 535  8816 2691 5740 4257 8260 5661 5432 1835 6516 1969 3770 399  7240 1887 650  3021 2180 4233 3668 5559 5252 6855 6764 3085 3186 3193 3354 3281 3738 3397 1048 1227 1958 2823 2824 3937 5502 4435 7518 4985 156  5497 2166 6005 4842 6509 7692 7037 534  7427 5816 7897 5034 8359 6702 8891 7598 41   8408 599  64   1259 1796 1993 4252 2719 6988 3529 166  4289 1306 5119 2638 5953 4126 6823 5594 7673 7186 8581 8794 
5472 875  3564 4199 864  6655 3654 8585 5976 2225 7968 7943 4760 407  6608 6045 3388 3627 6650 4719 3440 6171 6328 1915 8172 2071 5270 1239 9080 2397 1508 3699 2980 4983 4484 6231 6004 7527 7564 3133 3294 3235 3576 3341 3894 3427 1526 1983 2422 3679 4674 4189 6648 4727 8472 5249 1062 5765 3438 6281 6252 6757 9054 7241 1542 7697 3786 8135 6296 8603 7138 9131 7982 293  8810 929  724  1609 3028 2357 5716 3137 8516 3917 718  4729 1994 5563 3386 6367 4846 7243 6442 8123 8006 9001 
3185 4224 2795 8694 5665 2484 7585 4836 275  6972 4805 8874 247  6090 589  8704 7125 9212 4329 8330 5577 8750 7029 7336 1985 168  2167 7250 1917 740  3051 2204 4239 3692 5595 5324 6915 6844 8289 8350 3197 3486 3287 3768 3401 4008 3497 1970 2841 2872 3941 5562 4439 7530 4981 150  5509 2172 6013 4878 6511 7716 7045 582  7435 2634 7903 5118 8371 6682 8889 7582 43   8414 607  12   1277 1828 1997 4276 2729 7012 3533 178  4297 1318 5147 2642 5981 4138 6827 5602 7681 7214 8597 8818 
8976 805  3888 4345 936  6517 3828 8435 6144 2425 8004 7075 1392 391  8610 781  4508 7905 2296 5031 3760 6417 6700 7227 8246 2095 408  2219 9010 2409 1484 3615 2996 4965 4556 6285 6028 7539 7580 8979 9140 3239 3618 3353 3912 3437 4152 3551 2456 3683 4710 4193 6666 4711 8478 5251 1098 5767 3474 6283 6276 6767 9084 7249 1578 7709 3846 8137 6298 8611 7174 9147 7994 307  8822 937  764  1613 3044 2371 5732 3163 8524 3919 734  4733 2018 5569 3394 6373 4874 7247 6458 8147 8014 9007 
4025 4488 2875 8904 5735 2244 7553 5076 325  6776 4825 8964 625  3984 611  1470 979  728  8745 3304 6003 700  7047 910  8811 9088 2155 594  2327 812  2895 2212 4215 3652 5649 5332 6939 6812 8313 8380 657  2864 3293 3810 3403 4026 3493 4278 3635 4494 3949 5538 4453 7566 4997 198  5513 2286 6017 4908 6515 7758 7051 606  7439 2658 7909 5142 8383 6706 8899 7610 47   8426 601  18   1279 1844 1999 4348 2731 7036 3539 194  4327 1322 5153 2654 5987 4162 6829 5606 7687 7226 8599 8842 
3168 1015 4212 4301 1092 6665 3762 8533 5984 6525 9016 7325 1488 295  6642 793  2850 1147 2408 675  4424 6579 7100 7533 2030 5913 1856 2215 798  2395 1504 3723 3038 5037 4540 6291 6052 7545 7588 9021 9164 2439 6928 3377 3930 3439 4170 3587 4374 3695 4728 4195 6726 4735 8502 5255 1068 5771 3516 6289 6282 6769 9132 7255 1614 7711 3858 8141 6302 8615 7158 9143 8018 311  8824 941  772  1619 3076 2377 5756 3167 8548 3923 746  4751 2026 5573 3398 6379 4882 7253 6502 8161 8026 9011 
4165 5016 2905 8784 5797 2646 7625 5112 475  7072 9075 1904 55   4272 545  8586 959  4740 1339 3416 1215 5434 4557 1430 8901 4030 483  4672 2305 1032 2489 2236 4245 3718 5673 5260 6951 6868 8319 8404 747  2896 4491 130  3409 4110 3521 4296 3641 4578 3953 5592 4469 7602 5017 204  5515 2292 6019 4986 6523 7764 7061 618  7441 2694 7913 5154 8399 6712 8903 7618 53   8446 613  20   1283 1852 2003 4364 2741 7108 3541 202  4337 1346 5167 2722 6007 4166 6833 5638 7691 7234 8609 8846 
5148 1085 4176 4403 3420 6721 3876 8555 5922 2525 9044 2145 3584 305  6656 749  3330 1157 6390 1501 4466 2115 6248 7119 2920 5751 5480 1269 8384 2413 1272 2563 3052 5055 4564 6303 6068 7557 7636 8985 1024 2493 7024 6759 610  3443 4182 3589 4386 3707 4746 4213 6690 4741 8490 5257 1164 5773 3546 6295 6354 6773 9162 7261 1626 7715 3882 8143 6306 8617 7178 9149 8062 313  8826 947  788  1621 3092 2381 5788 3169 8564 3929 758  4759 2038 5581 3418 6389 4894 7283 6506 8167 8038 9013 
4655 5304 2915 1728 5369 5220 7567 5088 425  6996 4925 2128 3861 5168 3465 8944 973  4770 1333 8340 1679 5504 3735 7384 8631 3910 609  7310 1947 820  2497 1482 2623 3772 5685 5344 6945 6956 8337 8416 711  3056 4527 136  9189 1054 3505 4242 3649 4530 3959 5658 4471 7608 5027 228  5533 2316 6023 5028 6527 7794 7063 642  7445 2742 7915 5178 8401 6730 8907 7622 59   8454 617  28   1289 1868 2011 4372 2749 7132 3547 206  4339 1354 5171 2734 6011 4174 6841 5666 7699 7246 8623 8882 
6624 1295 4464 4445 792  6461 8700 8687 6138 2575 8052 7675 4144 4485 7888 7875 6292 1159 6420 1507 3750 1769 6314 5415 8294 6399 5560 1281 9160 2451 1550 2537 1752 2735 4588 6315 6112 7587 7612 9015 112  2523 7088 6813 602  537  1528 3595 4422 3713 4758 4207 6744 4739 8616 5267 1206 5777 3582 6313 6462 6787 48   7265 1662 7721 3918 8149 6310 8621 7190 9169 8066 317  8830 953  796  1627 3148 2383 5804 3181 8572 3931 766  4783 2042 5591 3442 6397 4918 7297 6514 8171 8042 9029 
4235 5928 3115 2112 5453 5580 7667 5130 1183 7008 4975 8988 65   5104 5985 2816 1575 1408 1337 8670 1661 180  1843 7238 7935 9112 621  7370 1971 748  3081 2254 2627 1974 2815 5348 6963 6850 8397 8468 801  3088 4581 152  81   1066 1257 1978 3647 4584 3961 5694 4487 7626 5029 234  5539 2358 6031 5046 6533 7836 7067 654  7447 2766 7939 5262 8407 6738 8909 7624 61   8474 619  32   1291 1916 2017 4388 2753 7148 3557 214  4349 1366 5179 2746 6029 4178 6857 5674 7703 7262 8627 8894 
6912 1435 4608 4459 1980 6601 1560 8701 7830 3703 8118 7775 1536 329  7216 8505 7424 1365 2432 1517 4240 1781 5436 1921 8344 6723 5510 1431 9130 2553 1652 3729 3020 2743 2214 2899 6140 7599 7648 9039 80   2529 7184 6849 632  543  1534 2019 2438 3715 4776 4223 6792 4747 8646 5263 1212 5789 3684 6319 6492 6797 162  7271 1686 7729 3954 8153 6322 8633 7202 9155 8072 331  8834 967  844  1637 3188 2389 5812 3187 8612 3943 778  4787 2062 5623 3446 6421 4934 7307 6518 8179 8054 9041 
5075 6072 2945 3264 5551 5700 7777 4590 1519 8360 5243 9126 35   4048 6615 3328 2205 1496 3885 3496 1071 1900 1841 6498 1991 4040 651  7640 2001 836  2955 2272 4251 3820 2827 2424 2977 6908 8355 8476 867  3152 4689 154  15   1096 1263 1990 2859 2834 3973 5730 4499 7638 5033 276  5545 2364 6041 5052 6535 7902 7073 678  7453 2778 7957 5286 8411 6754 8913 7634 67   8488 641  44   1297 1922 2027 4412 2767 7156 3559 218  4357 1382 5189 2762 6037 4198 6863 5686 7717 7274 8629 8902 
6732 1235 1848 4465 1056 6643 1920 8729 5720 7497 3520 7301 1776 335  6992 8085 7936 2415 2552 6195 4472 2499 7220 1927 8244 2077 5590 1311 9170 2613 1564 3741 3050 5019 4580 2921 2568 3017 7676 9051 176  2547 7312 6921 638  573  1544 2031 2482 3687 3352 4237 6810 4763 8742 5269 1236 5803 3732 6331 6564 6799 36   7273 1698 7739 3966 8159 6346 8637 7198 9167 8074 337  8854 971  892  1657 3236 2393 5836 3191 8644 3947 794  4789 2066 5639 3466 6427 4946 7309 6542 8191 8098 9043 
5425 6264 3055 1008 5681 6660 7843 4920 1421 4400 7371 2200 91   4656 553  4352 3675 1672 4305 3712 315  5512 4473 1720 1967 264  2173 7070 2013 850  3129 2260 4323 3796 5691 5350 2981 2862 3091 8410 873  3184 4707 170  21   1070 1293 2006 2901 2830 3957 3526 4501 7710 5057 294  5543 2388 6049 5058 6539 7908 7081 762  7463 2802 7961 5298 8413 6758 8915 7658 71   8494 631  50   1301 1948 2029 4418 2777 7204 3571 226  4363 1402 5197 2798 6043 4222 6869 5702 7723 7286 8641 8914 
7524 1495 2688 4433 5040 6851 3360 8987 8040 3577 5440 2457 3680 343  1650 763  7436 2625 2584 6405 4664 2175 6344 7581 2990 2117 390  2231 400  2607 1612 3753 3068 5061 4598 6351 6164 3031 3048 3139 208  2637 7376 6957 646  579  1558 2049 2486 3693 3358 4197 3658 4757 8790 5287 1278 5809 3756 6341 6606 6805 24   7277 1758 7745 4038 8173 6366 8639 7206 9179 8078 347  8858 977  908  1663 3244 2399 5884 3203 8716 3967 802  4793 2078 5641 3482 6449 4954 7321 6598 8209 8102 9049 
5635 6528 3245 2268 5863 6300 8041 5460 3179 8970 5341 2720 4389 4640 581  2070 1003 1976 4515 3608 525  5576 3975 7304 8673 4070 2177 696  2321 860  3111 2324 4371 3860 5697 5290 6981 6940 3097 3162 3199 3376 4869 182  27   1090 1299 2008 2913 2882 3963 3530 4341 3790 5053 342  5549 2466 6059 5094 6541 7932 7087 786  7465 2874 7967 5322 8417 6766 8917 7654 73   8498 643  52   1303 1964 2039 4436 2789 7244 3581 254  4373 1418 5209 2818 6047 4226 6871 5714 7727 7318 8647 8926 
7776 1505 5328 4495 1152 6919 3780 2057 1680 4477 4160 7623 4000 3927 5980 791  3450 1169 2728 7035 4712 2385 6392 5895 8296 7203 5750 2249 870  2429 1580 3783 3116 5109 4606 6357 6116 7611 7660 3143 3306 3241 7472 7083 658  591  1562 2073 2488 3711 3368 4227 3670 4467 3890 5293 1284 5815 3798 6347 6684 6809 30   7279 1842 7747 4062 8185 6376 8651 7222 9183 8086 349  8870 983  916  1667 3284 2411 5924 3209 8812 3989 818  4799 2098 5647 3494 6451 5006 7331 6602 8219 8114 9059 
5915 6696 3289 2352 5785 2604 8177 7980 2873 1260 5819 2080 3213 4940 6699 6760 1007 4980 1343 3784 735  5624 4005 7378 8025 9176 627  7210 2329 1110 2491 2312 4395 3836 5709 5372 6969 6950 8421 8420 3223 3390 3317 184  33   1102 1317 2014 2931 2914 3977 3538 4353 3794 4659 4042 5561 2502 6065 5172 6557 7974 7091 822  7471 2922 7969 5442 8441 6770 8921 7682 79   8504 647  68   1307 1996 2053 4468 2791 7292 3583 262  4391 1438 5227 2846 6053 4258 6883 5722 7741 7342 8663 8962 
8352 1615 4872 4505 924  6695 3906 9061 4620 3757 3150 8107 3800 5313 6460 7749 7820 1177 6450 1513 4736 2325 6424 5925 8398 7209 5530 1353 2500 2443 1290 2561 3104 5073 4660 6369 6148 7641 7684 9087 272  3263 3624 3365 664  597  1570 2103 2494 3737 4794 4247 3674 4479 3914 4827 4210 5833 3804 6349 6714 6817 54   7289 1866 7751 4098 8189 6378 8653 7256 9193 8090 353  8872 991  932  1669 3292 2417 5932 3217 8828 4001 838  4801 2102 5651 3506 6469 5042 7333 6614 8221 8146 9067 
6125 7176 3145 8008 5795 2664 7645 4956 3211 6930 6137 9100 5049 4960 6831 7400 7917 8500 1349 8470 6201 5474 4365 7462 8055 9128 663  7490 2067 928  2501 1554 2629 3892 5727 5356 6987 6958 8439 8492 909  3568 3295 3774 3415 1106 1329 2054 2949 2930 3979 5736 4511 3806 4677 4066 5007 4366 6071 5196 6559 8076 7093 834  7483 2946 7979 5466 8453 6774 8927 7662 83   8530 653  76   1319 2012 2063 4492 2797 7324 3593 274  4397 1454 5231 2854 6067 4262 6899 5758 7753 7346 8669 8966 
7956 1595 2184 4625 1176 6715 3822 8635 5964 4693 6160 8721 3640 5643 3920 1287 8200 8463 1600 4797 4720 6633 6536 6165 8456 7857 5810 1419 320  2619 1628 2567 1770 2747 4628 6441 6176 7635 7688 9093 304  2763 7408 3379 3942 3455 1576 2127 2504 3743 4806 4249 6798 4765 3922 4839 4234 5259 4514 6371 6756 6821 42   7291 1878 7763 4146 8197 6386 8657 7258 9197 8104 359  8878 997  956  1693 3308 2423 5948 3221 8852 4003 842  4813 2122 5653 3518 6473 5062 7349 6626 8231 8158 9091 
6475 7296 3335 7938 5875 2508 7685 4998 575  7236 6253 7700 2907 7000 8073 2380 2871 8600 9177 2000 1197 1300 4599 7544 8145 784  741  7630 2091 868  2985 2332 2611 1992 2839 5380 7059 7004 8445 8588 927  3632 4923 190  3419 4074 3523 2056 2973 2936 3983 5778 4529 7878 5045 4072 5079 4376 5541 4670 6583 8082 7097 894  7493 2994 7981 5514 8459 6794 8935 7674 89   8534 659  92   1321 2036 2069 4516 2801 7388 3607 278  4409 1466 5233 2858 6073 4274 6907 5774 7757 7354 8677 8986 
8448 1625 2856 4565 1224 6685 3936 8695 6132 2645 8136 8303 3080 6669 2240 1881 4340 3663 1040 693  4880 2541 7900 7791 8536 8181 5830 1443 8768 2085 1666 3765 3124 2759 2190 2923 6220 7683 7708 9099 368  2799 7664 7173 670  3473 4218 3599 2506 3747 3370 4267 6858 4769 8802 5299 4238 5277 4526 5793 4870 6839 66   7295 1902 7765 4206 8201 6398 8661 7282 9211 8110 367  8886 1009 964  1697 3316 2437 5956 3229 8884 4007 862  4817 2126 5657 3554 6481 5078 7351 6638 8233 8182 9103 
7105 7752 3355 1344 5885 2652 7705 5082 725  7068 5275 9114 299  8120 8151 3220 3159 5950 4617 1840 1323 1700 5229 1640 8757 4120 777  7720 2037 884  3165 2336 4401 3940 2863 2418 2983 6980 8451 8596 963  3664 5013 230  39   1112 3545 4326 3653 2954 3981 3544 4531 7890 5063 306  5567 4378 5583 4696 6033 5014 7099 906  7495 3018 7985 5574 8465 6802 8939 7678 97   8538 661  98   1327 2084 2081 4604 2803 7442 3613 298  4421 1478 5237 2866 6079 4282 6911 5794 7759 7382 8681 9014 
8712 1645 5508 4615 1368 6755 3978 8815 6174 2675 8148 7825 1782 437  4900 1989 3850 3933 6860 5247 5000 2583 7300 7659 3160 8667 5890 1407 8896 2235 1694 3813 3140 5133 4636 2929 2616 3043 7712 9105 464  2817 7792 7281 682  633  1582 3601 4470 3749 3374 4265 6834 4771 8862 5305 1308 5837 4552 5799 4898 6297 5174 7303 1986 7769 4254 8203 6394 8659 7270 9201 8122 373  8898 1013 1004 1699 3356 2441 5972 3251 8948 4013 866  4831 2138 5659 3566 6491 5086 7369 6646 8237 8186 9109 
7175 7656 3395 3648 5467 2784 7805 5244 605  7038 5575 9144 85   4698 629  1540 3393 5390 4563 8540 5841 2300 4977 1870 8967 4250 759  7670 2109 968  3219 2350 4407 3916 5745 5396 2987 2838 3095 8608 981  3728 5043 232  51   1118 1347 2074 3661 4602 3985 5754 4535 7944 5065 348  5579 2532 6077 4706 6051 5018 6621 5362 7501 3054 7991 5622 8471 6806 8947 7690 101  8552 673  116  1361 2092 2083 4612 2819 7444 3617 302  4423 1486 5261 2878 6089 4286 6917 5806 7789 7394 8689 9026 
8892 1715 5808 4585 1248 6745 3996 8755 6318 2725 8262 7399 1968 355  6672 799  5180 4131 7420 5301 5360 2709 8300 7839 3190 8343 5960 1479 4096 2265 1696 3759 3196 5157 4676 6453 6244 3065 3066 3149 496  2853 7856 7299 686  669  1586 2157 2510 3763 4818 4285 6846 4777 8808 5311 1314 5855 3972 6377 4904 6333 5176 6891 5614 7771 4314 8207 6410 8683 7278 49   8126 379  8906 1019 1028 1709 3362 2447 5996 3253 8956 4019 878  4861 2174 5669 3574 6521 5098 7393 6658 8243 8198 9127 
7525 7722 3451 2496 5495 2574 7847 5256 775  7084 5675 9204 77   4784 565  8592 989  6370 4653 560  6039 2900 5439 1880 8991 4130 783  7750 2121 988  3171 2356 4431 3950 5757 5404 7005 7018 3107 3210 3227 3824 5067 238  57   1130 1371 2086 2991 2938 3997 5784 4537 7986 5069 372  5585 2676 6085 5268 6587 5030 6639 5384 7167 5822 7997 5646 8473 6818 8945 7698 103  8558 677  124  1367 2164 2087 4652 2833 7468 3623 314  4441 1502 5273 2894 6091 4306 6947 5818 7793 7402 8693 9034 
8928 1855 5904 4543 1404 6785 4056 8785 6204 2825 8268 7693 780  371  6966 755  588  1189 8050 5499 5680 2793 8450 7803 2170 8829 6040 1491 160  2667 1660 3801 3146 5151 4708 6465 6304 7701 7742 3151 3336 3265 7984 7389 710  681  1592 2181 2522 3755 4902 4279 6870 4781 8814 5315 1356 5873 4014 6383 6822 6847 5198 6927 5626 7563 5986 8213 6414 8665 7288 25   8138 383  8922 1021 1052 1721 3412 2459 6044 3257 8972 4021 886  4871 2182 5683 3578 6529 5102 7411 6662 8263 8222 9133 
7007 7992 3311 6000 5593 2904 7885 5346 845  7272 5537 360  119  1170 623  8688 955  1116 1363 1520 1449 2420 5607 2090 9027 4270 837  7790 2133 940  3201 2444 4503 3956 5763 5428 7077 7052 8481 8620 3233 3534 3305 248  69   1162 1383 2104 3027 2984 3991 5790 4541 7998 5071 414  5587 2682 6103 5274 6589 8124 7111 5402 7179 5842 7899 6142 8479 6824 8953 7718 107  8562 683  148  1373 2188 2089 4684 2837 7484 3631 326  4447 1514 5279 2902 6101 4322 6949 5834 7817 7418 8699 9038 
8640 2233 9180 4669 8580 6923 4092 8827 6324 3125 8364 7987 660  413  1710 803  612  1115 1908 1529 5840 2961 440  8001 3250 9153 6110 1533 200  2697 1690 3819 3164 5181 4756 6447 6250 7689 7748 9129 512  3269 3666 3383 712  687  1598 2199 2534 3777 3382 4291 6882 4811 8952 5317 1422 5891 4044 6385 6828 6835 102  7313 5630 7593 5990 8121 6430 8691 7298 9    8152 389  8934 1031 1058 1723 3428 2467 6092 3259 8978 4027 898  4877 2186 5689 3602 6547 5114 7417 6686 8269 8254 9137 
9163 6240 3619 7440 5719 5850 7889 5160 1813 7254 5725 3072 133  1350 649  2220 1027 1044 1255 2628 1673 3100 6027 2120 567  4280 861  7810 2139 950  3243 2366 4509 3980 5811 5420 7089 7028 8517 8650 1017 3856 3349 3834 3421 1178 1389 2110 3039 3002 4031 5874 4553 8022 5093 444  5597 2718 6107 5316 6593 8196 7115 942  7513 5846 7941 6146 8367 6830 8977 7730 109  8570 691  164  1381 2228 2099 4724 2843 7492 3637 334  4451 1522 5281 2906 6113 4358 6959 5854 7823 7438 8707 9046 
7200 2387 8100 4697 3060 6853 2040 8897 7040 3871 8436 7925 2064 427  1740 817  3540 1199 2028 1405 3636 1793 8900 7821 3230 441  6280 1581 140  2703 1708 3855 3172 5211 4780 6477 6260 7719 7756 9159 592  2883 8048 3385 4002 3487 1630 2217 2536 3785 5064 4295 6942 4819 9018 5321 1494 5899 4086 6395 6852 6859 78   7327 2022 7781 6008 8133 6446 8709 7294 121  8166 397  8936 1033 1076 1733 3436 2473 6124 3271 9004 4049 914  4889 2194 5693 3622 6551 5158 7433 6694 8273 8258 9151 
5929 6840 3689 6960 5621 6900 7931 5640 2009 8840 5887 576  95   4848 671  2250 1037 5070 1351 2844 1585 4716 1853 1330 891  4360 897  7880 2187 992  3237 2492 4521 4012 5781 5450 7101 7060 8493 8636 1083 4016 5121 266  3431 4134 3563 2134 3057 3014 4033 5838 4555 8034 5089 486  5599 2724 6109 5388 6595 8214 7117 978  7519 3126 7999 6152 8373 6838 8989 7734 113  8574 701  172  1399 2252 2111 4748 2851 7508 3643 346  4457 1538 5297 2918 6121 4406 6961 5878 7829 7454 8713 9094 
6480 2431 2880 4807 3840 7021 2280 9191 7480 8379 7360 8183 2106 365  7152 851  3630 1207 6540 1537 3708 1765 5652 1937 2590 1089 6230 1551 224  2355 1748 3939 3260 5217 4768 6501 6308 7707 7772 9141 656  2979 8144 7407 742  3503 4266 3611 2542 3781 4890 4303 6954 4829 9006 5327 1524 5893 4122 6401 6894 6865 114  7319 2082 7783 4362 8227 6454 8705 7302 169  8168 401  8938 1039 1084 1741 3452 2477 6172 3299 9068 4051 922  4903 2206 5701 3646 6553 5182 7451 6718 8287 8266 9157 
8281 8280 3553 7560 6061 7380 7973 6210 2107 5200 4851 2600 161  4944 635  8848 1073 5310 1379 8730 1687 4932 1865 6876 2033 4520 957  7910 2193 1012 3297 2516 4587 4018 5829 5536 7107 7076 8535 8672 1143 4112 5139 250  87   1166 3569 4344 3665 4632 4009 5886 4559 8046 5095 492  5603 2748 6115 5484 6605 8226 7123 1002 7531 3138 8003 5682 8483 6842 8981 7736 127  8582 709  188  1409 2276 2113 4772 2857 7516 3659 358  4463 1546 5303 2942 6131 4414 6967 5906 7841 7466 8719 9098 
7920 2639 4800 5083 8400 7163 1320 8911 7590 4067 6080 2079 4420 451  6832 6105 4732 1219 6570 1541 6320 1799 5868 1939 8388 2101 6290 1593 220  2679 1780 3993 3232 5205 4796 6495 6356 7761 7828 9195 688  3033 8336 7443 730  699  1606 3629 4482 3787 5010 4307 6990 4837 9042 5339 1572 5905 4164 6403 6924 6881 138  7339 2094 7787 4398 8249 6466 8711 7330 289  8174 409  8942 1049 1108 1747 3508 2503 6196 3301 9076 4057 926  4909 2218 5711 3662 6563 5186 7457 6722 8291 8278 9161 
1547 5940 3731 7680 6149 8820 8671 5610 2303 1200 6223 3040 4347 5800 9207 1568 7095 896  1357 8940 1691 300  1883 6948 1981 270  2189 7930 2163 1060 3333 2528 4539 4028 5817 5452 7185 7136 8559 8668 1179 4208 5193 286  93   1192 1401 2114 3667 4686 4039 5910 4571 8058 5105 516  5609 2796 6119 5526 6611 8292 7133 1038 7543 3246 8005 5718 8485 6854 8983 7738 131  8590 719  212  1423 2284 2129 4804 2861 7556 3671 362  4481 1574 5309 2962 6133 4426 6971 5914 7853 7478 8731 9122 
3960 2737 2160 4823 4140 7579 4200 9139 8250 4361 7290 8381 4180 4641 6560 2223 5684 7995 2618 1577 7760 1807 6012 1943 8604 2119 456  2263 260  2727 1850 3999 3212 5235 4828 6507 6358 7743 7774 9213 752  3123 8368 7461 754  717  1634 2229 2570 3791 5106 4309 7032 4835 9078 5345 1602 5909 4188 6407 7002 6887 174  7343 2118 7795 4434 8251 6472 8727 7322 361  8194 419  8958 1051 1124 1753 3524 2521 6212 3307 9092 4073 934  4919 2234 5717 3694 6569 5218 7459 6742 8293 8306 9173 
1729 6600 3857 8880 5831 7740 8437 7140 3887 1620 6413 840  377  5060 6783 6820 3519 616  8835 3542 6273 980  1891 7092 2005 378  2165 702  2359 1150 3363 2540 4551 4046 5835 5516 7221 7124 8565 8684 1233 4304 5283 290  111  1208 1437 2146 3063 3032 4037 5934 4573 8088 5111 522  5611 2826 6127 5532 6617 8298 7135 1074 7555 3282 8021 5802 8489 6856 8997 7766 137  8598 727  236  1427 2308 2131 4852 2879 7604 3673 382  4483 1594 5323 2966 6143 4442 6977 5926 7867 7522 8737 9134 
4320 2821 2640 4879 3300 7049 2760 1573 5670 4901 4410 8591 4830 481  6380 8127 8060 4437 2002 765  4648 6897 280  1957 8676 2105 462  2245 888  2449 1804 4011 3268 5295 4832 6513 6340 7797 7844 729  848  3141 8656 7551 776  723  1670 2253 2546 3799 5190 4313 7014 4841 9096 5353 1644 5911 4194 6415 7044 6893 186  7355 2154 7799 4458 8257 6470 8717 7306 529  8202 421  8974 1061 1132 1759 3532 2531 6236 3313 9124 4079 958  4931 2246 5737 3722 6571 5234 7477 6746 8297 8314 9181 
1001 8160 3913 8910 5957 7260 8029 6360 3509 2100 6647 1890 319  6510 689  7520 8547 8740 4743 3458 1275 5642 7191 1610 2041 384  2183 714  2315 1122 2495 2596 4605 4064 5871 5540 7239 7154 8601 8660 1251 4336 5337 296  123  1222 1461 2152 3093 3026 4043 5970 4579 8070 5123 558  5615 2868 6139 5556 6613 8334 7141 1086 7571 3342 8023 5826 8491 6862 9003 7768 139  8606 733  242  1429 2348 2137 4868 2887 7628 3677 386  4493 1618 5333 2974 6151 4474 6983 5938 7873 7534 8741 9166 
5400 2717 3240 4921 3900 7259 2970 637  8370 4961 5600 8833 2730 473  420  869  8480 3969 880  5589 4774 2655 6578 8037 2870 2123 510  2257 918  2435 1302 2581 3296 5271 4820 6519 6364 7809 7780 63   944  3177 8752 7677 782  753  1688 2271 2626 3805 5214 4319 7062 4843 9102 5357 1668 5917 4236 6431 7116 6901 246  7357 2202 7801 4506 8267 6478 8735 7334 841  8206 431  8984 1063 1172 1777 3548 2539 6268 3319 9148 4091 974  4933 2258 5741 3734 6577 5242 7481 6778 8311 8318 9187 
1309 9000 3773 1440 6083 8460 8099 6270 2023 4050 6877 3570 253  7770 667  2430 1043 9020 5103 2320 6327 5656 4335 7546 9063 4690 2197 690  2353 1128 2507 1590 2641 4108 5883 5548 7257 7172 8589 8692 1341 4432 5391 310  129  1246 1473 2158 3099 3034 4045 6018 4577 8094 5129 564  5617 2892 6145 5598 6623 8406 7145 1146 7597 3378 8027 5862 8495 6872 9005 7746 149  8614 739  244  1433 2372 2141 4892 2897 7652 3691 394  4507 1622 5347 2978 6163 4478 6991 5942 7877 7538 8747 9182 
4680 2849 3120 4991 4500 7189 3000 833  7410 4753 8000 8957 5250 493  9030 871  3660 1211 1360 819  6640 6903 6622 6225 8554 2601 6490 2279 930  2453 1326 2569 1794 2761 4844 6549 6350 7833 7850 99   976  3231 8912 7713 790  771  1702 2283 2630 3809 5238 4315 7074 4849 9174 5359 1734 5921 4302 6433 7146 6905 222  7361 2238 7807 4542 8261 6482 8749 7338 961  8210 433  8994 1069 1228 1783 3628 2543 6284 3323 9172 4093 982  4937 2302 5743 3742 6581 5266 7487 6782 8317 8354 9199 
1463 7020 4081 1800 6097 7650 8113 4290 2597 6800 9009 3200 323  2310 697  2580 1057 5340 1387 2480 1617 3700 7137 7552 8175 1936 903  7960 2363 1218 2515 1566 2651 1998 2845 5564 7263 7180 8607 8708 1359 4496 5409 322  141  1256 1497 2162 3117 3058 4055 6024 4589 8106 5141 666  5629 2934 6155 5604 6629 8412 7147 1158 7601 3414 8033 5898 8497 6874 9017 7782 151  8618 743  268  1439 2396 2143 4916 2903 7724 3697 398  4513 1642 5351 2986 6173 4486 6997 5998 7879 7558 8753 9194 
5760 3059 4080 5159 4860 7337 3510 931  8320 6237 6400 3003 4600 527  630  893  3690 1241 6780 1561 7120 3087 640  8091 8576 225  1984 1599 308  2455 1416 2573 1806 2771 2226 2935 6368 7869 7868 45   1072 3303 9008 7731 806  789  1730 2307 2648 3811 5226 4321 7170 4847 9192 5363 1746 5933 4308 6437 7188 6913 258  7363 2274 7811 4566 8279 6488 8751 7352 1369 8218 439  8998 1087 1244 1787 3644 2549 6316 3329 9188 4099 998  4943 2306 5749 3746 6599 5294 7489 6814 8329 8402 9203 
1771 7800 4123 2340 6251 1080 8239 6630 2527 9200 5733 3400 5187 5500 703  2460 1067 5490 1391 8850 1703 4100 6069 2360 1053 4624 195  5056 1245 1036 2509 1608 2669 2010 2867 2442 2993 7196 8643 8722 1413 4528 5463 328  159  1258 1509 2168 3147 3064 4061 6042 4601 8130 5131 636  5627 3006 6157 5634 6631 8508 7153 1182 7609 3426 8035 5946 8503 6878 9019 7786 157  8626 751  284  1447 2404 2153 4924 2909 7732 3701 422  4517 1646 5381 2998 6197 4502 7001 6002 7883 7586 8761 9206 
6120 3157 5520 5117 4950 7429 3480 539  8520 4949 1760 3591 3740 5859 6500 889  3870 1243 7050 1589 8080 3339 520  8109 3010 1521 2368 645  352  2445 1862 2587 1830 2773 2262 2933 2622 3047 7852 75   1136 3357 9104 7767 808  807  1738 2319 2662 3827 5334 4331 7134 4853 9210 5371 1788 5935 4338 6439 7212 6931 282  7367 2298 7813 4614 8285 6494 8743 7358 1681 8230 443  9002 1091 1252 1789 3676 2551 6332 3331 16   4111 1006 4951 2326 5779 3754 6607 5314 7499 6826 8353 8422 9209 
2093 9120 4147 2400 6293 8800 8449 6750 2891 7500 6419 2860 5481 5920 7161 7540 1081 5550 1393 9060 1711 3380 6111 2440 1377 4370 987  5312 1335 1078 3345 2656 2653 2046 2855 2472 2995 2886 3101 8732 1467 4688 5517 344  177  1270 1527 2198 3153 3070 4063 6102 4595 8154 5137 708  5633 3012 6161 5706 6635 8622 7157 1194 7613 3462 8045 5982 8507 6886 9023 7802 163  8630 757  292  1451 2428 2161 4948 2917 7796 3709 446  4519 1654 5387 3022 6199 4534 7013 6022 7901 7594 8779 4    
5280 3367 4560 5291 5100 7511 3720 847  8760 5047 900  8477 4840 6279 6880 8211 8140 1247 7110 1591 8240 3381 680  8217 3290 6561 6520 1647 364  2505 1876 3945 3404 2779 2322 2941 2706 3053 3090 3161 1168 3411 9136 7893 814  813  1742 2361 2666 3817 5352 4333 7194 4855 144  5377 1812 5941 4404 6443 7218 6937 318  7373 2334 7819 4638 8299 6522 8759 7366 1849 8234 449  9022 1093 1268 1801 3698 2557 6388 3343 6    4127 1018 4957 2342 5783 3758 6619 5318 7507 6866 8363 8434 1    
2261 3600 4277 2700 6391 8550 8323 7080 2989 7600 6713 480  203  6200 6993 7150 8883 5120 1397 9090 1727 4300 6363 2210 1539 4510 969  8030 2241 1148 3399 2668 4665 4114 2869 2478 3005 2958 3113 3198 3205 4802 5547 370  183  1298 1563 2216 3183 3074 4069 6168 4607 8142 5143 726  5645 3084 6167 5748 6641 8628 7165 1266 7615 3522 8047 6054 8509 6904 9031 7798 167  8634 761  316  1453 2452 2179 4996 2927 7804 3719 454  4523 1658 5393 3046 6203 4538 7019 6038 7907 7606 8783 2    
