9072 9295 4284 3445 7938 6035 2912 7425 6188 9405 8288 7695 1232 6075 5168 3465 3328 9135 1408 1995 3608 5865 3752 8265 5698 1215 7544 3975 8968 7575 5056 705  1274 3111 2668 4215 4064 5523 5452 6837 7060 8169 8608 729  2224 2883 1156 7083 826  519  1738 1959 2626 3639 3502 4979 144  5497 1788 6019 4476 6541 7428 7117 534  7615 2922 8119 5718 8603 6702 9017 7634 9409 8494 521  9290 1187 1532 1907 3988 2683 6676 3467 34   4253 1138 5087 2458 5903 3946 6791 5422 7649 7054 8573 8578 
3575 9408 1625 2856 4895 1248 6985 4256 4455 6664 5265 9184 2925 3248 7605 7888 7875 6292 945  2392 4515 4264 7125 4774 585  6622 2385 8294 5475 448  1875 532  1965 1988 3723 3404 4965 4828 6183 6340 7491 7748 8895 9308 1179 5872 5043 418  81   1304 1227 2168 2811 3058 4479 3896 5221 708  5767 3084 6319 5892 6835 9012 7357 1662 7859 4314 8371 6310 8759 7198 9267 8074 229  8858 853  508  1549 2708 2293 5284 3061 8212 3853 526  4673 1766 5519 3166 6343 4682 7219 6238 8111 7822 8999 
6048 6875 4704 3515 1344 6095 2952 8195 6272 6435 9016 2475 1904 5445 5264 9225 9328 2835 1496 3045 3496 6105 3976 8385 5992 1275 7546 4005 9086 7725 5312 795  1292 3081 2684 4239 4108 5595 5536 6873 7124 8241 8596 45   2384 2979 1444 7173 830  537  1742 1977 2630 3651 3512 4981 324  5509 1812 6023 4518 6557 7542 7133 582  7619 2946 8129 5802 8611 6738 9019 7654 3    8498 523  9294 1193 1556 1913 4036 2687 6772 3469 38   4259 1142 5099 2462 5923 3958 6793 5426 7669 7058 8581 8594 
4675 3024 1705 3864 5015 1368 6755 4248 9095 6944 8415 7168 4275 3472 8325 7504 2295 7424 1365 2584 4935 4408 7215 5474 495  6808 2535 8344 5715 704  225  572  2055 1952 3741 3340 4983 4844 6213 6350 7503 7756 8877 9316 1251 5968 5067 410  21   1310 1257 2198 2823 3064 4497 3914 5245 726  5771 3114 6331 5958 6839 9054 7361 1686 7861 4362 8383 6346 8765 7202 9263 8078 233  8870 857  524  1553 2732 2297 5308 3067 8252 3863 538  4679 1774 5521 3194 6353 4694 7229 6242 8117 7834 9001 
6552 3025 4788 3485 8624 6205 2964 7945 5412 1445 7904 9315 1456 6525 5456 1755 9296 3135 2176 1155 3712 6195 5248 8745 6104 1305 7552 4335 9088 7785 5696 885  1312 3129 2740 4251 4148 5685 5564 6939 7136 8229 8620 63   2416 3033 2116 7281 856  543  1778 1983 2648 3669 3514 4985 192  5513 1818 6031 4548 6559 7572 7123 606  7627 2994 8131 5826 8605 6758 9023 7662 5    8504 541  9304 1201 1588 1931 4052 2689 6788 3491 46   4261 1154 5101 2474 5927 3974 6803 5438 7673 7066 8597 8654 
5225 4368 1955 3192 4945 1386 7015 4428 8785 6534 3775 9044 5175 3344 4095 7568 2565 4508 3915 2944 4995 4472 7395 5504 675  6952 2745 8456 5895 832  105  608  2085 1972 3729 3350 4953 4832 6231 6356 7521 7772 8931 9340 1233 6064 5121 424  15   1334 1263 2216 2841 3070 4533 3922 5249 732  5773 3156 6341 5988 6847 9084 7363 1698 7871 4398 8399 6322 8709 7222 9271 8086 239  8872 859  548  1559 2738 2309 5444 3079 8276 3877 542  4691 1814 5527 3202 6359 4702 7237 6274 8123 7838 9007 
8064 7225 2772 3565 2496 6235 2976 8015 5664 1525 7476 6575 2128 6975 5632 6825 2816 3315 7252 4785 1736 6345 4088 8835 6136 1395 7592 4365 9112 7935 6208 915  1316 3165 2716 4323 4150 5559 5540 6963 7076 8277 8636 99   2512 3123 3364 7299 854  573  1784 2019 2662 3687 3526 4989 4202 5515 1854 6041 4596 6583 7578 7135 618  7631 3018 8135 5862 8615 6766 9031 7658 11   8530 547  9318 1213 1604 1933 4076 2693 6796 3499 58   4271 1174 5107 2498 5939 3986 6823 5458 7681 7078 8599 8674 
5525 3696 1885 4158 5035 1404 6895 4392 8995 6612 3925 8526 8975 3536 6615 8272 8505 7936 3795 728  5535 2618 7965 5278 765  6968 2655 8398 5925 1088 135  644  2235 2044 3753 3424 5019 4820 6291 6364 7527 7780 8937 9376 1341 6128 5139 430  27   1336 1293 2222 2859 3074 4569 3926 5223 4366 5777 3174 6347 6036 6859 9132 7367 1758 7891 4434 8401 6366 8767 7206 9287 8090 241  8878 863  556  1567 2764 2311 5468 3083 8324 3881 554  4703 1822 5531 3214 6361 4714 7243 6326 8147 7846 9011 
5544 8125 5292 3625 4416 5705 3036 8155 5676 1475 7584 6725 2916 215  6032 7245 3872 1575 1664 4845 2002 6555 4424 9045 6118 1665 7672 4425 9128 8025 6464 1005 1352 3201 2756 4245 4114 5649 5548 6855 7154 8283 8650 117  2608 3141 3844 7389 872  579  1786 2031 2666 3693 3530 4997 4210 5403 4504 6059 4626 6587 7692 7141 642  7633 3054 8137 5898 8617 6770 9037 7674 7    8534 557  9322 1217 1636 1949 4084 2699 6836 3511 62   4273 1186 5113 2518 5953 3994 6827 5462 7687 7082 8609 8678 
6175 4536 2015 6216 5125 1632 6955 4512 9125 6636 4075 8658 9175 2754 535  7696 8925 7436 1785 2552 5805 2968 7755 5512 825  6902 2775 8536 6165 1216 165  736  2265 2048 3759 3476 5037 4850 6303 6368 7545 7774 8943 1024 1359 6224 5193 434  33   1358 1299 2230 2901 3082 4593 3928 5241 4376 5631 4654 6349 6066 6865 9162 7373 1842 7895 4458 8407 6376 8727 7256 9289 8104 257  8886 877  578  1571 2804 2333 5492 3089 8332 3889 562  4721 1838 5557 3218 6367 4742 7247 6334 8161 7858 9013 
7392 4225 5376 3655 3648 5845 3096 8255 5418 1675 7668 6775 336  235  5232 815  4864 2205 1672 3255 3848 6375 4186 2025 6232 1725 7714 4545 9176 8055 6592 1065 1364 3171 2780 4371 4172 5673 5572 6915 7172 8289 8660 147  2672 3177 5476 7407 874  591  1790 2049 2674 3711 3538 5001 4234 5433 4514 5853 4838 6589 7716 7145 654  7637 3126 8141 5946 8621 6794 9033 7678 13   8538 563  9334 1223 1676 1951 4124 2707 6884 3517 74   4283 1198 5119 2554 5981 3998 6829 5482 7691 7094 8623 8698 
7475 5712 2035 4872 5135 1656 6965 4554 9145 6678 4175 8664 9245 2928 565  7248 995  8228 2415 3016 5115 3304 7905 5434 315  7106 3015 8554 6225 1472 195  748  2355 2068 3783 3460 5073 4876 6285 6358 7539 7828 8979 9386 1413 6352 5283 442  87   1342 1317 2242 2913 3110 4629 3934 5251 4378 5637 4658 6051 4966 6881 9228 7379 1866 7897 4506 8411 6378 8773 7258 9299 8110 251  8898 881  596  1579 2836 2339 5524 3109 8348 3907 566  4723 1858 5563 3226 6373 4754 7253 6338 8167 7862 9029 
8316 9025 5796 3685 5568 6055 3132 8365 5688 1775 7686 6845 432  265  5136 835  9168 1205 1768 3885 3944 6765 4648 5625 6248 1845 7784 4575 9256 8145 6848 1095 1372 3219 2788 4401 4192 5691 5566 6945 7228 8313 8668 75   2768 3231 6724 7443 890  597  1798 2073 2678 3747 3544 5007 4238 5469 4526 5919 4856 6261 5090 7147 678  7651 3138 8143 5982 8633 6774 9047 7682 17   8552 569  9354 1229 1682 1973 4132 2711 6892 3527 82   4289 1202 5147 2558 5987 4006 6833 5498 7699 7114 8627 8714 
8075 7728 2125 4914 5185 1716 7055 4446 9185 6708 4205 8748 9325 3078 545  7536 1055 612  1355 2728 5145 4712 7995 5624 525  7144 3075 8576 6255 1856 255  812  2445 2108 3765 3484 5055 4964 6315 6412 7587 7844 8949 112  1467 6416 5337 470  39   1370 1329 2248 2931 3112 4647 3938 5255 4382 5667 4670 6081 4978 6429 5224 7387 1878 7903 4542 8413 6386 8777 7270 9301 8138 263  8906 883  604  1583 2876 2341 5596 3119 8356 3911 586  4729 1874 5569 3238 6379 4762 7283 6362 8171 7886 9041 
8736 935  6804 3875 4928 6355 3108 8305 5586 1825 7704 6925 528  295  5424 851  9264 1243 1044 1535 3784 6405 5032 8295 6344 1815 7808 4635 9272 8175 7232 1185 1376 3237 2812 4395 4214 5697 5588 6969 7180 8319 8672 153  2864 3303 7396 7461 902  633  1802 2103 2686 3777 3562 5017 1458 5533 4552 5937 4858 6267 5122 6717 5402 7655 3246 8149 6010 8067 6802 9053 7690 19   8558 571  9362 1231 1684 1979 4156 2713 6932 3529 86   4297 1214 5153 2566 6007 4022 6841 5506 7703 7118 8629 8726 
6325 6384 2255 6426 5365 1428 7085 4452 9265 6688 4325 8772 625  3216 611  6510 1079 4350 1379 1548 1685 4664 7455 5576 735  7192 3195 8584 6675 1984 285  868  2505 2144 3801 3488 5109 4972 6351 6422 7557 7850 8961 80   1503 6544 5391 472  51   1378 1347 2264 2949 3122 4659 3962 5263 738  5789 4696 6087 4982 6459 5222 6891 5608 7909 4566 8417 6394 8751 7288 9307 8122 269  8922 887  628  1597 2908 2347 5618 3121 8396 3917 614  4733 1882 5573 3242 6389 4766 7297 6374 8179 7894 9043 
8568 715  7308 3835 5832 6149 3348 8375 5724 1975 7788 7025 624  305  5488 869  1050 1241 6030 1537 2178 1829 4888 8715 6392 1425 7826 4815 9338 8475 6976 1245 1484 3243 2848 4407 4220 5727 5620 6951 7264 8337 8684 171  2896 3357 8836 7551 904  669  1810 2127 2690 3831 3586 5029 60   5539 1884 6049 4870 6297 5126 6729 5410 7113 5762 8153 6026 8079 6806 9055 7698 23   8562 577  9368 1237 1724 1987 4196 2719 6962 3533 94   4327 1226 5167 2578 6011 4034 6857 5534 7717 7142 8641 8746 
7865 2016 2185 5208 5291 8400 7667 4524 9205 6786 4475 8844 2401 3408 629  8120 1081 3850 1387 7470 1691 700  7011 5704 855  7112 3285 8602 6705 2368 345  836  2595 2132 3819 3550 5061 4988 6357 6532 7599 7852 8985 176  1557 6704 5409 488  57   1384 1371 2266 2973 3130 4677 3970 5257 774  5803 3222 6371 4990 6483 5230 6927 5570 7269 5882 7779 6398 8781 7282 9305 8126 271  8934 907  652  1601 2932 2351 5636 3137 8444 3919 622  4751 1894 5581 3254 6397 4778 7307 6382 8191 7934 9049 
7056 1045 7644 3895 5952 6409 8820 8569 5772 1805 7848 7075 648  329  1860 871  1120 2223 7420 1541 9090 1837 8450 8109 6314 1935 7832 4905 9344 8595 8128 1335 1504 3297 2852 4431 4232 5709 5612 6981 7196 8355 8692 207  3056 3411 40   7677 938  681  1826 2157 2696 3837 3590 5027 72   5543 1926 6065 4668 6593 5128 6753 5416 7131 5752 7563 6034 8097 6818 9057 7718 29   8570 587  9370 1249 1732 1993 4204 2729 6964 3539 106  4337 1234 5171 2582 6029 4054 6863 5554 7723 7162 8647 8782 
7975 3276 2365 7896 5335 1596 7843 3360 2057 6762 4525 8874 35   3504 623  2820 1111 5180 3393 2000 1703 980  7029 1640 9333 7238 3225 8632 6795 2624 375  884  2685 2204 3855 3572 5133 5012 6369 6524 7611 7868 9015 208  1587 6736 5463 494  69   1390 1383 2270 2991 3154 4701 3992 5267 804  5809 3228 6377 6108 6887 5246 6933 5614 7311 5902 7827 6410 8791 7294 9313 8152 277  8936 911  668  1607 2956 2357 5692 3163 8452 3923 626  4759 1906 5591 3274 6421 4786 7309 6406 8209 7978 9059 
4032 1265 7812 3905 5824 6215 3384 8723 5880 3509 7866 7301 816  335  5994 889  3660 1247 8050 4719 6320 6171 8900 8217 2870 5913 8024 5025 9352 8685 8192 1455 1508 3333 2842 4509 4228 5745 5644 7005 7268 8397 8722 243  3088 3447 56   7713 946  687  1816 2181 2698 3849 3592 5033 90   5549 1956 6071 4734 6595 7758 7153 5446 7143 5770 7593 6056 8121 6824 9069 7730 31   8574 593  9374 1259 1756 1997 4244 2731 6988 3541 118  4339 1238 5179 2594 6037 4058 6869 5578 7727 7166 8663 8794 
8525 3528 2375 6888 5375 1638 7205 4644 1859 7140 5687 7360 77   3726 635  7614 1057 4650 1391 1840 3339 3100 6909 1720 1053 4130 7569 8648 7065 2752 435  968  2703 2050 3939 3556 5151 5024 6441 6556 7635 7876 9021 272  1611 6896 5517 506  93   1394 1389 2278 3027 3170 4713 3982 5287 846  5815 3252 6383 6246 6893 9276 7397 5626 7323 5912 7851 6430 8797 7298 9327 8168 281  8938 919  692  1609 2972 2371 5708 3167 8516 3929 634  4783 1934 5623 3314 6427 4798 7321 6418 8219 8002 9067 
7488 1375 9324 3965 7104 6365 3402 8395 5628 3887 7980 7381 780  343  6256 865  288  1253 6060 1561 6640 5607 440  8253 3160 6723 5240 609  1936 8865 8384 1515 1612 3363 2884 4503 4268 5757 5660 6987 7316 8421 8732 261  3152 3501 70   7731 962  699  1832 2199 2702 3867 3598 5045 84   5545 1962 6077 4764 6605 7764 7157 762  7661 5786 7617 6058 8133 6830 9071 7736 37   8582 599  9398 1277 1772 1999 4252 2741 7012 3547 122  4349 1262 5189 2602 6043 4078 6871 5582 7741 7186 8669 8818 
6545 5184 2465 7182 5395 1836 7285 4312 9215 6776 6253 2100 187  1500 671  7824 1099 4740 1393 7620 1711 3380 7047 1870 9387 4030 189  6490 1113 3008 465  928  2715 2212 3813 3580 5157 5020 6447 6550 7641 7940 9039 304  1629 6928 5547 518  123  1406 1401 2282 3039 3176 4737 4024 5269 852  5833 3258 6385 6252 6901 9378 7391 1902 7913 5918 7863 6446 8801 7278 9329 8166 283  8942 929  716  1613 3004 2377 5716 3169 8524 3931 662  4787 1942 5639 3326 6449 4822 7331 6434 8221 8006 9091 
5616 7595 8832 3995 7872 6265 3366 8455 5742 2075 7884 7943 7350 437  4760 893  3690 1261 6150 1577 9150 1841 520  8487 3190 6399 5270 741  7370 1479 8768 1545 1564 3345 2828 4521 4292 5763 5668 7077 7276 8439 8708 279  3184 3573 88   7767 970  717  1834 2217 2710 3873 3614 5053 96   5561 2004 6085 4812 6611 7794 7165 786  7663 3282 8159 6062 8139 6842 9073 7734 41   8590 601  9402 1279 1796 2003 4276 2749 7036 3557 134  4357 1282 5197 2606 6047 4106 6883 5594 7753 7214 8677 8842 
7315 9216 1855 5808 4585 1824 7345 4662 325  6816 4775 8946 209  2730 667  7770 1121 4770 1397 7860 1717 2844 1957 1750 1377 4270 297  6520 1131 8510 1947 988  2697 2236 3945 3596 5181 5044 6453 6572 7683 7924 9087 368  1719 7024 5553 530  111  1414 1437 2290 3057 3178 4749 4010 5293 876  5837 3324 6395 6276 6905 48   7403 1986 7915 4614 8441 6454 8795 7302 9335 8174 293  8958 937  722  1619 3028 2381 5732 3181 8548 3943 674  4789 1954 5641 3334 6451 4834 7333 6442 8231 8014 9103 
7344 8225 8184 3535 8256 6305 3234 8515 5814 2225 7968 7325 1104 451  3990 899  1400 1271 6180 1589 9270 1843 4716 2077 2990 7209 5330 651  7640 1551 320  2289 1340 3399 2888 4539 4316 5781 5650 7059 7328 8445 8756 333  3376 3609 104  7893 986  723  1846 2229 2714 3891 3634 5057 108  5567 2034 6103 4842 6613 7836 7169 822  7679 3342 8173 6054 8639 6838 9077 7738 43   8598 607  64   1283 1828 2011 4348 2753 7108 3559 142  4363 1286 5209 2614 6053 4126 6899 5602 7757 7226 8681 8846 
5005 3456 2065 6156 4795 1944 7375 4692 175  6936 4805 8964 55   3584 689  8610 1133 4550 1403 7950 1727 2450 1961 6876 2189 4250 8649 6670 1161 8710 1971 580  2727 2140 3993 3610 5211 5050 6477 6566 7689 8032 9051 464  1737 7088 5571 536  129  1426 1461 2294 3063 3182 4791 4042 5299 948  5855 3372 6401 6282 6913 162  7405 2022 7939 4638 8453 6414 8809 7306 9353 8194 307  8974 941  724  1621 3044 2383 5756 3187 8564 3947 694  4793 1966 5647 3338 6469 4846 7349 6458 8233 8026 9109 
8208 8575 8856 3605 9024 6307 3552 8435 5856 2425 8004 7399 912  355  6096 901  1470 1273 6390 1591 240  1853 4932 2095 168  2323 5480 663  7490 1581 8896 2301 1420 3417 2950 4551 4324 5811 5728 7089 7340 8451 8780 363  3568 3681 110  7929 994  753  1864 2253 2726 3903 3638 5063 132  5579 2076 6107 4878 6617 7902 7171 834  7697 3378 8185 6078 8651 6856 9079 7746 47   8606 613  12   1289 1844 2017 4364 2767 7132 3571 146  4373 1294 5227 2638 6067 4138 6907 5606 7759 7234 8689 8882 
7735 9108 2135 6192 4865 2052 7385 4576 245  6996 4825 9126 85   3792 655  7952 1139 4980 1417 8010 1739 2988 1945 6948 2195 462  2479 6680 1173 8690 2001 620  2739 2020 3999 3604 5205 5054 6465 6604 7701 7942 9093 496  1773 7184 5679 568  141  1432 1473 2314 3093 3206 4803 4066 5305 954  5873 3396 6403 6354 6931 36   7409 2082 7957 4722 8459 6466 8813 7330 9347 8202 311  8984 947  764  1627 3076 2389 5788 3191 8572 3967 698  4799 1982 5651 3386 6473 4874 7351 6502 8237 8038 9127 
6336 9065 9048 3745 9152 6335 3588 8555 5976 2525 8052 7675 1134 365  5936 1485 1568 1313 6420 1603 810  1883 5004 2101 216  2305 918  2563 7630 1593 4096 2337 1450 3423 2890 4587 4384 5829 5746 7101 7348 8535 8788 369  3632 3771 128  7947 1010 771  1886 2271 2758 3909 3656 5065 126  5585 2148 6109 4908 6623 7908 7181 894  7709 3414 8189 6070 8157 6854 9083 7766 53   8614 617  18   1291 1852 2027 4372 2777 7148 3581 158  4391 1306 5231 2642 6073 4162 6911 5638 7789 7246 8693 8894 
8645 2376 2345 6768 5215 2088 7505 4824 275  6916 4925 8988 65   3984 685  8176 2805 3724 1411 8220 1751 3042 1967 7092 2197 594  2455 1302 2669 8890 2013 650  2751 2060 4011 3616 5217 5068 6495 6596 7707 7964 9099 512  1791 7312 5769 574  159  1442 1497 2318 3099 3208 4811 8802 5311 996  5891 3438 6407 6462 6937 24   7415 2094 7961 4782 8471 6470 8817 7322 9355 8206 313  8994 953  772  1637 3092 2393 5804 3203 8612 3989 706  4801 1994 5653 3394 6481 4882 7369 6506 8243 8042 9133 
4752 9275 9288 3815 2304 6391 3816 8585 5922 2575 8096 7775 1392 371  6288 895  1792 3375 8036 1633 3750 1891 5202 2105 264  2315 966  2545 1722 2831 140  2343 1460 3429 2924 4605 4396 5835 5764 7107 7372 8517 8764 387  3664 3789 130  7983 1016 789  1898 2283 2770 3921 3658 5069 150  5587 2166 6115 4986 6629 7932 7183 906  7711 3426 8197 6086 8187 6862 9089 7768 59   8618 619  20   1297 1868 2029 4388 2789 7156 3583 166  4397 1318 5233 2654 6079 4166 6917 5666 7793 7262 8699 8902 
2275 3672 2405 7452 5285 2208 7535 4836 425  6972 4975 9009 95   4048 679  8016 1115 3388 4185 896  1763 3204 1963 7164 2201 546  2453 1326 2701 2046 2941 740  2769 2150 4017 3626 5235 5084 6507 6620 7719 8020 9129 592  1899 7376 5787 584  177  1448 1509 2330 3117 3262 4819 8790 5317 1062 5893 3474 6415 6492 6941 30   7421 2118 7967 4854 8465 6472 8843 7334 9357 8210 317  8998 967  788  1657 3148 2399 5812 3209 8644 4001 718  4813 2018 5657 3398 6491 4894 7393 6514 8263 8054 9137 
7128 4375 9384 3955 4356 6461 3876 8533 6138 2645 8118 7825 1488 395  6448 905  252  1255 8092 4485 2072 1835 5364 2117 210  2329 930  2569 1770 2839 2424 3031 1550 3471 2948 4611 4444 5817 5792 7221 7364 8481 8804 423  3728 3879 136  8163 1022 807  1910 2307 2774 3957 3670 5071 204  5597 2172 6119 5028 6631 7974 7199 942  7715 3462 8201 6088 8193 6872 9097 7786 61   8626 631  28   1301 1916 2039 4412 2791 7204 3593 178  4409 1322 5237 2722 6089 4174 6947 5674 7817 7274 8707 8914 
2975 2808 2485 7632 5369 5100 7567 3000 931  6984 5243 9144 91   4272 695  8304 1135 768  1385 952  5655 2926 1985 7596 2227 570  2471 1290 2681 2130 2933 2838 3107 2180 4023 3620 5253 5092 6501 6692 7743 8084 9105 656  2007 7408 5823 590  183  1462 1527 2338 3147 3266 4821 4072 5315 1014 5899 3516 6431 6564 6943 42   7423 2154 7969 4866 8473 6478 8851 7338 9365 8218 331  9002 971  796  1663 3188 2411 5836 3217 8716 4003 734  4817 2026 5659 3418 6521 4918 7411 6518 8269 8098 9151 
6864 1225 1584 4085 1296 6479 8700 8687 6210 2891 5200 7693 990  413  6512 917  396  1267 1116 1555 2296 7155 4466 2119 270  2353 984  2567 1752 2863 2442 3005 3162 3223 2996 4623 4448 5883 5782 7185 7406 8493 8864 477  3824 3897 152  8199 1030 813  1912 2319 2776 3963 3674 5079 4246 5609 2286 6127 5046 6635 8076 7195 978  7721 3522 8203 6094 8223 6874 9101 7782 67   8630 641  32   1303 1922 2053 4418 2797 7244 3607 194  4421 1346 5261 2734 6091 4178 6949 5686 7823 7286 8713 8926 
3325 3432 2555 8112 5405 2142 7657 3480 539  8320 6237 8000 119  1650 697  2850 1141 5070 1441 1692 1735 3094 8235 5656 2231 696  2483 1410 2723 2136 2947 2862 3113 3486 3293 3650 5271 5140 6513 6644 7761 8134 9159 752  2043 7472 5877 598  201  1490 1563 2344 3153 3272 4827 4082 5259 4390 5909 3546 6433 6606 6953 54   7427 2202 7979 4926 8479 6482 8857 7352 9379 8230 337  9022 977  844  1667 3236 2417 5884 3221 8812 4007 746  4831 2038 5669 3442 6529 4934 7417 6542 8273 8102 9157 
8424 595  1872 4015 7616 6565 3444 8789 6360 2989 6800 7371 2200 427  2250 913  3870 1331 6450 1631 2196 1865 4522 9165 6328 2335 1026 2573 1794 2815 2538 3035 3186 3205 3834 3401 4450 5871 5828 7239 7412 8559 8860 507  3856 3951 154  8271 1034 831  1918 2361 2782 3981 3682 5091 4294 5493 4558 6139 5052 6641 8082 7201 1002 7729 3558 8207 6106 8247 6878 9107 7816 71   8634 643  44   1307 1948 2063 4436 2801 7292 3613 202  4423 1354 5273 2746 6101 4198 6959 5702 7829 7318 8719 8962 
8855 4104 2585 7224 5555 1932 7565 4956 2299 8370 5341 9280 5733 3740 703  8680 1157 5310 1457 8340 1757 3468 1969 5768 975  7208 2495 1416 2705 2214 2951 2958 3131 3498 3295 4152 3493 5216 6519 6716 7809 8150 9141 688  2061 7664 5931 602  213  1474 1569 2354 3183 3278 4835 4094 5277 4394 5703 4706 6437 6684 6973 66   7435 2238 7981 4938 8483 6488 8859 7358 9363 8234 347  9032 983  892  1669 3244 2423 5924 3229 8828 4013 758  4861 2042 5683 3446 6547 4946 7433 6598 8287 8114 9161 
3744 385  2448 4147 8512 6625 3612 8635 5916 3283 7500 7987 3040 5481 4840 6669 1540 1333 6540 1639 7120 1897 5436 2123 6536 2115 7912 2581 1806 2845 2478 3047 3198 3215 3894 3403 4374 3599 5860 7257 7450 8589 8908 531  4016 3987 170  8361 1048 843  1928 2391 2786 4083 3686 5089 4310 5541 4568 5961 4886 6649 8124 7217 1038 7739 3594 8213 6114 8653 6886 9111 7798 73   8638 647  50   1319 1964 2069 4468 2803 7324 3617 206  4441 1366 5279 2762 6113 4222 6961 5714 7841 7342 8731 8966 
1925 4968 2665 8232 5423 2232 7585 4998 475  7008 5491 900  161  4000 5187 6380 8721 5390 1469 8670 1769 3492 1981 8028 2215 7304 3525 8792 2735 2226 2959 2886 3127 3534 3305 4218 3497 4632 3683 6740 7797 8132 9195 848  2097 7792 5949 610  219  1498 1623 2378 3189 3286 4829 8808 5321 4402 5721 4718 6117 4994 6979 78   7441 2274 7985 4962 8485 6522 8873 7366 9383 8238 349  9062 991  908  1693 3284 2437 5932 3251 8852 4019 766  4871 2062 5689 3466 6551 4954 7451 6602 8291 8146 9173 
4896 455  2592 4199 7560 6721 3654 8695 5964 2675 8136 8107 1020 469  4960 6783 6760 2907 8260 1643 7760 1903 5652 2147 312  2359 8056 5085 9394 2855 2562 3043 3210 3227 3912 3409 4386 3601 4806 3787 7456 8565 8876 549  4112 4041 182  8427 1054 849  1930 2427 2792 4101 3688 5093 156  5599 4570 5979 4898 6333 5134 7223 1074 7745 3606 8227 6126 8657 6904 9113 7802 79   8642 653  52   1321 1996 2081 4492 2819 7388 3623 214  4447 1382 5281 2798 6121 4226 6967 5722 7853 7346 8737 8986 
2695 6264 2635 8694 5797 6720 7733 5088 575  7068 5275 9114 247  1530 707  5980 8547 8060 3933 2320 3381 3700 1991 8172 2219 690  2497 8806 7275 3392 2965 2982 3133 3576 3317 4170 3503 4674 3695 5238 3859 8164 9213 944  2151 7856 6057 632  249  1510 1641 2390 3207 3298 4837 8814 5327 1068 5911 4726 6159 5002 6537 5254 7439 2298 7991 4974 8489 6494 8871 7390 9389 8242 353  9058 997  916  1697 3292 2441 5948 3253 8884 4021 778  4877 2066 5693 3482 6553 5006 7457 6614 8293 8158 9181 
5472 805  2736 4345 1764 6851 2520 8987 6132 2725 8148 7925 1536 473  2430 959  7520 5103 9350 2331 8080 6027 640  2149 330  2363 1032 2587 784  8955 224  3065 3288 3233 3930 3419 4422 3611 4818 3791 5430 3959 8924 603  4208 4107 184  8433 1066 879  1946 2433 2794 4119 3704 5095 198  5603 2292 6145 4904 6339 5138 6801 5464 7747 3642 8249 6130 8259 6910 9119 7806 83   8662 659  68   1327 2012 2083 4516 2833 7442 3631 218  4451 1402 5297 2818 6131 4258 6971 5758 7867 7354 8741 9014 
3185 4224 2765 8496 5665 2394 8041 3780 2783 7072 5575 9156 115  3952 713  3180 1147 7150 1449 2480 3549 4300 7119 1880 2249 744  2489 1464 2743 3776 555  992  3139 3618 3337 4182 3505 4686 3713 5190 3869 5730 4037 976  2169 7984 6093 638  237  1526 1671 2398 3261 3302 4839 4102 5339 1098 5905 3582 6439 5014 6609 5258 6999 5630 7997 5034 8491 6526 8881 7374 9385 8248 359  9066 1009 932  1699 3308 2447 5956 3257 8948 4027 794  4889 2078 5701 3494 6563 5042 7459 6626 8297 8182 9187 
8976 665  3312 4277 864  6655 3822 9361 5460 3971 8262 8275 1776 415  6576 923  1960 3519 9400 2499 8240 6069 760  8307 3010 2369 1110 2599 1830 2869 308  1605 1628 3235 3942 3415 4482 3629 4890 3799 5454 3961 5886 4109 4304 4113 190  8469 1070 921  1958 2463 2806 4143 3706 5097 4298 5611 2316 6155 5058 6667 5144 6807 5470 7149 5798 8257 6142 8301 6946 9115 7818 89   8666 661  76   1361 2036 2087 4604 2837 7444 3637 226  4457 1418 5303 2846 6133 4262 6977 5774 7873 7382 8747 9026 
4025 4488 2755 8784 5453 2484 7625 5076 3179 8190 5819 9198 125  4144 731  2800 9207 5740 4131 2560 3717 4100 7137 2030 1539 4280 2491 1482 2747 2190 2977 1012 2781 2254 3341 4242 3523 4710 3707 5334 3865 5694 4039 6168 4183 8048 6147 646  267  1528 1689 2410 3273 3310 4841 4090 5331 4430 5917 3684 6443 6714 6989 5272 7017 5654 7341 5930 7899 6530 8879 7386 9395 8264 367  9070 1013 956  1709 3316 2459 5972 3259 8956 4049 802  4903 2098 5711 3506 6569 5062 7477 6638 8311 8186 9199 
3168 875  3564 4255 6084 6517 3828 8755 6144 4477 1680 8303 1782 445  6608 7293 2660 2673 8540 4797 8560 6111 680  8349 3250 7203 5510 2611 1896 2867 2490 3053 1580 3441 2980 3421 4470 3641 4902 3805 5478 3973 5910 4117 6474 4265 232  8523 1090 933  1970 2469 2810 4197 3730 5111 4318 5583 4582 6157 5094 6671 8196 7231 5486 7167 5816 7629 6146 8331 6974 9121 7842 97   8682 673  92   1367 2084 2089 4612 2843 7468 3643 254  4463 1438 5309 2854 6143 4274 6983 5794 7877 7394 8753 9034 
4165 4992 2875 6006 5605 2244 7705 4884 725  7038 6413 2940 299  4592 9075 8816 8019 5950 4059 2960 3843 4700 7227 2120 567  4360 231  6890 2759 2262 2981 2910 3143 2260 4029 3668 3551 4728 3715 5352 3893 5736 4043 6222 4187 6792 4319 664  291  1534 1707 2414 3279 3322 4843 8862 5345 4438 5739 4738 6445 6756 6995 102  7445 5662 7377 5944 7941 6538 8885 7414 9407 8270 373  9074 1019 964  1721 3356 2467 5996 3271 8972 4051 818  4909 2102 5717 3518 6571 5078 7481 6646 8317 8198 9203 
5148 1015 3888 4465 504  6665 3762 8729 5984 2825 8364 8591 7840 3861 6832 2145 3332 2691 8330 4959 8720 6201 280  8541 3230 7857 5560 777  7670 2881 2568 3071 3270 3239 3020 4671 4460 3647 5064 3809 5502 3977 5934 4115 6486 4267 6942 4385 1096 939  1978 2481 2822 4227 3736 5105 228  5615 4616 5991 4906 6683 8214 7235 1086 7751 5822 7647 6152 8367 6986 9123 7864 101  8696 677  98   1373 2092 2099 4652 2851 7484 3659 262  4481 1454 5323 2858 6151 4282 6991 5806 7879 7402 8761 9038 
4655 5304 2905 9396 5681 2436 7955 5112 775  7084 5675 9204 253  4480 5967 8848 3105 5684 4257 3280 4221 5780 7353 2170 1863 4510 273  6710 1269 8920 2983 3030 3149 3624 3349 3652 5289 5150 3737 5358 3883 5754 4045 6258 4189 6798 4321 7194 4429 1544 1713 2422 3291 3346 4847 8952 5353 1164 5921 4744 6189 5018 7003 114  7447 2334 7999 5954 7971 6554 8889 7426 9    8290 379  9082 1021 1004 1723 3362 2473 6044 3299 8978 4057 838  4919 2122 5737 3554 6577 5086 7487 6658 8329 8222 9209 
6624 1085 4176 4301 5040 6919 3906 8815 5852 8775 8932 8405 2064 481  5320 8073 2156 3705 9212 5031 9040 6321 920  8619 3290 8181 5750 783  7720 1599 160  3073 3294 3241 4002 3431 4484 5889 5908 3811 5496 3979 6018 4121 6504 4285 6954 4387 7398 4529 1990 2487 2824 4269 3766 5123 234  5617 2358 6161 4910 6387 5146 7241 1146 7763 3678 8251 6154 8373 6994 9131 7870 103  8686 683  116  1381 2164 2111 4684 2857 7492 3671 274  4483 1466 5333 2866 6163 4286 6997 5818 7883 7418 8779 9046 
4235 5928 2915 1008 5863 6300 8177 5082 845  7448 6885 3136 145  4656 737  3920 1989 6076 4125 1064 5661 5300 7191 2090 2349 4370 351  6790 1209 8930 2037 820  3151 3666 3353 4266 3521 5260 6549 6728 3899 5778 4055 6312 4193 6834 4333 7170 4439 7530 4571 2438 3309 3352 4849 9006 5357 1206 5933 3732 6457 5026 6621 5282 7453 2382 8003 5118 8495 6562 8899 7422 49   8282 383  9106 1031 1028 1733 3412 2477 6092 3301 9004 4073 842  4931 2126 5741 3566 6581 5098 7489 6662 8353 8254 9221 
6912 1295 4212 4495 672  7163 9240 9061 6174 3125 8372 3825 2288 493  4830 949  3220 2871 8428 4875 2408 6273 770  8901 3320 8343 5530 837  7790 1647 200  2373 1660 3247 4008 3427 4530 3649 5876 7263 7460 3983 6024 4135 6648 4279 6990 4393 7446 4531 7710 4613 2830 4281 3782 5129 294  5627 2364 6167 5172 6677 5162 6819 5494 7765 3702 8261 6184 8391 7006 9143 7874 107  8702 691  124  1399 2188 2113 4724 2861 7508 3673 278  4493 1478 5347 2878 6173 4306 7001 5834 7901 7438 8783 9094 
5075 5016 3115 1728 5695 2464 8671 4200 2873 7236 5725 7744 4725 4784 779  9030 1159 6020 4329 1288 6045 3416 7533 2210 2511 4520 429  6920 1221 8990 2067 850  2829 2272 3365 4296 3563 4758 3743 6748 7869 8180 4061 6342 4195 6846 4331 7230 4469 7518 4577 8034 4687 3358 4855 9018 5359 1212 5935 3756 6455 6822 7009 5288 7023 5672 8005 5142 8497 6568 8891 7430 121  8286 389  9110 1033 1052 1741 3428 2503 6124 3307 9068 4079 862  4933 2138 5743 3574 6599 5102 7499 6686 8363 8258 9227 
6732 1435 4464 4355 756  6695 3808 9139 4620 3757 8436 8183 2992 5985 6656 943  1820 3069 9310 5247 2632 7095 4984 8991 3430 8667 5810 897  7750 1659 220  2379 1652 3405 3038 3439 4584 3635 5106 3817 7514 8601 8950 4141 6594 4295 7014 4399 7458 4535 7878 4627 8130 4741 8466 5131 306  5629 2388 6179 5196 6697 8226 7249 5518 7179 5842 8267 6170 8403 7010 9147 7882 109  8706 701  148  1409 2228 2129 4748 2879 7516 3677 298  4507 1486 5351 2894 6197 4322 7013 5854 7907 7454 8803 9098 
5425 6072 2795 7854 5735 2508 7685 5124 3211 6930 6647 6400 2457 5104 5355 8944 1683 6370 4437 3440 5841 3458 8625 5642 2997 4690 459  7030 1239 9010 2109 860  2847 2312 4035 3692 3545 4746 3755 5394 3901 8188 9219 1072 4213 6858 4343 7242 4453 7566 4579 8046 4699 8328 4853 9042 5363 1236 5941 3798 6463 6828 7031 138  7463 5690 7401 5962 7977 6574 8903 7432 25   8302 397  9118 1039 1058 1747 3436 2521 6172 3313 9076 4091 866  4937 2174 5749 3578 6607 5114 7507 6694 8369 8266 9239 
7524 1105 6468 4615 792  6601 3978 8875 6204 4693 5670 8381 3200 4641 6992 5775 5408 3267 9380 5301 8750 6417 5192 3645 6424 8829 5590 861  7810 1653 260  2397 1694 3435 3052 4665 4532 3653 5214 3827 5538 3985 8954 639  4336 4291 7032 4405 7464 4541 7890 4631 8142 4747 8430 5141 276  5633 2466 6169 5268 6707 8292 7255 1158 7769 5846 7653 6182 8409 7016 9149 7898 113  8718 709  164  1423 2252 2131 4772 2887 7556 3691 302  4513 1502 5381 2902 6199 4358 7019 5878 7919 7466 8807 9122 
5635 6696 3055 8778 5785 2664 7645 5096 925  7272 6137 3150 319  4600 6699 8432 8085 9248 4563 3760 6003 5900 7581 5848 1035 7336 513  7130 1281 9080 2091 950  2889 2324 4047 3718 5295 5194 3749 5370 3937 5784 4063 1168 2259 8144 4351 7266 4471 7602 4589 8058 4705 8346 4859 9078 5371 1278 5947 3804 6467 6852 7033 174  7465 2406 8021 5966 7989 6584 8907 7474 169  8312 401  9138 1049 1076 1753 3452 2531 6196 3319 9092 4093 878  4943 2182 5779 3602 6619 5158 7517 6718 8377 8278 9241 
7776 1235 1512 4505 924  6715 3936 8845 6318 3175 8268 8833 8960 5643 5920 7917 4352 3675 2024 2583 800  6327 1000 8631 6784 2175 8162 969  7880 1677 350  2403 1666 3477 3068 4683 4556 5907 5978 3839 5562 3991 5970 4151 4432 4149 230  4411 7482 4537 7944 4633 8154 4757 8478 5137 342  5645 2502 6181 5274 6731 8298 7261 1182 7771 3714 8279 6190 8457 7042 9155 7906 127  8728 719  172  1427 2276 2137 4804 2897 7604 3697 314  4517 1514 5387 2906 6203 4406 7027 5906 7927 7478 8819 9134 
5915 6528 2945 8008 5795 2574 7805 5244 605  7098 5825 9234 341  3640 6831 6460 8883 9196 2625 3128 4263 6050 7659 2360 3321 7378 3555 8866 1311 9130 2133 940  2937 2336 4053 3772 5307 5252 6567 6752 3935 5838 4069 6330 4207 8336 6219 658  4499 7608 4595 8088 4709 8358 4873 9096 5383 1284 5951 3972 6485 6894 7037 222  7471 2514 8023 5154 8503 6586 8909 7486 289  8326 409  9142 1051 1084 1759 3508 2539 6212 3323 9124 4099 886  4951 2186 5783 3622 6637 5182 7523 6722 8387 8306 9257 
8352 1495 1848 4625 936  6685 3996 8701 6324 3275 8442 8425 1968 517  7000 8613 7820 819  2432 4305 3968 6363 1160 8757 3410 9153 8246 5325 2704 1767 340  2409 1690 3507 3050 4731 4540 5901 6004 7287 7502 4009 6102 4163 6666 4303 238  8577 1102 4555 7986 4645 8178 4763 8490 5143 348  5663 2532 6185 5316 6739 8334 7265 1194 7781 3786 8285 6186 8659 6906 9167 7914 131  8734 727  188  1429 2284 2141 4852 2903 7628 3701 326  4519 1522 5393 2918 6211 4414 7039 5914 7933 7522 8821 9166 
6125 7296 3145 8904 5875 2652 7777 3510 847  7254 5975 9306 133  1740 767  2240 1287 8480 1617 3224 5565 4736 7791 2440 3483 4750 561  8918 7335 3904 2121 1060 2877 2332 4071 3796 5319 5290 6531 6764 7815 8204 4087 6402 4223 6810 4367 670  303  1558 4601 8094 4711 8376 4867 9192 5377 1308 5959 4014 6487 6924 7045 186  7483 2454 8027 5178 8507 6546 8915 7494 361  8338 419  9146 1061 1108 1777 3524 2543 6236 3329 9148 4111 898  4957 2194 5791 3646 6653 5186 7529 6742 8389 8314 9277 
7956 1505 4608 4433 1152 6745 4056 8897 6630 3479 8514 8477 1170 497  2460 979  2380 3159 5120 2541 4216 7035 5336 8673 3560 441  5890 957  4624 9375 352  2451 1696 3495 3104 4695 4564 5973 6052 7305 7532 8607 8980 4181 6690 4307 7074 4417 1112 951  2006 4667 8310 4769 8502 5149 372  5671 2676 6187 5388 6743 8406 7271 1266 7783 3846 8299 6194 8665 6918 9169 7918 137  8738 733  212  1433 2308 2143 4868 2909 7652 3709 334  4523 1538 5399 2942 6217 4426 7043 5926 7937 7534 8831 9182 
6475 7176 3245 2268 5885 2604 7885 5256 1127 8250 5537 360  203  1710 721  3330 1177 6580 4617 4240 4473 4862 7665 5896 3807 4730 357  7160 1353 4288 615  1036 2865 2356 4065 3836 5373 5332 6573 6812 7845 8224 9231 1136 4247 6870 4369 7314 4487 1562 1731 2456 4717 8382 4883 9102 5389 1314 5963 4044 6493 7002 7051 246  7493 2526 8033 5262 8509 6558 8917 7496 529  8342 421  9154 1063 1124 1783 3532 2549 6268 3331 9172 4127 914  4967 2206 5801 3662 6659 5218 7537 6746 8419 8318 9281 
8448 1615 2184 4565 1092 6785 3948 8905 6372 3577 7600 8771 1140 511  2550 973  4020 1339 8470 5499 1100 6489 5368 9345 6578 2601 5830 903  7930 1743 416  1635 1708 3531 3116 4755 4588 5943 6028 7317 7564 8643 8992 657  4496 4309 7062 4415 7506 4553 2008 2517 2834 4765 8616 5155 414  5677 2682 6191 5484 6749 8412 7273 1338 7787 3858 8309 6198 8683 6978 9179 7922 139  8744 739  236  1439 2348 2153 4892 2917 7724 3719 346  4547 1546 5407 2962 6221 4442 7057 5938 7949 7538 8837 9194 
7105 7722 3335 9282 5945 2646 8165 5166 1075 7326 5887 480  217  1950 749  3450 1169 5340 1501 4720 4557 6100 7803 6016 1125 7384 399  6970 1407 9160 2139 1078 2895 2366 4077 3892 5343 5324 6585 6844 7833 8236 9255 1264 2313 8368 4379 7368 4501 7626 4607 2486 3327 3368 4885 9174 5411 1356 5965 4086 6497 7044 7061 258  7495 2586 8035 5286 8519 6582 8921 7498 841  8362 431  9158 1069 1132 1787 3548 2551 6284 3343 9188 4129 922  4969 2218 5807 3694 6661 5234 7541 6778 8423 8354 9283 
8712 1645 5328 4715 1056 6815 4004 9085 6396 3425 8532 8869 1350 527  2580 1003 4230 1337 6570 1649 1280 6579 910  8811 6734 2325 8216 987  7960 1749 364  1695 1748 3537 3124 4773 4580 6021 6068 7329 7550 8679 8996 747  4528 4167 248  4427 7512 4559 7998 4661 2872 4287 3794 5161 444  5699 2718 6193 5526 6751 8508 7277 1362 7795 3882 8315 6206 8705 7026 9193 7926 149  8754 743  242  1447 2372 2161 4916 2927 7732 3727 358  4549 1574 5413 2966 6229 4474 7069 5942 7951 7558 8839 9206 
7175 7656 3395 2112 5495 2904 8215 5236 1175 7416 6025 9312 259  2070 763  3630 1189 5490 1477 8850 1781 6700 7821 2470 4293 7462 3735 8888 1431 9170 2187 1148 2943 2350 4137 3820 5379 5344 6591 6850 7881 8284 9273 1250 2367 8656 6309 682  4511 7638 4609 8070 4727 3370 4857 4118 5401 1422 5969 4122 6499 7116 7063 282  7501 2598 8045 5298 8531 6616 8927 7510 961  8366 433  9178 1087 1172 1789 3628 2557 6316 3347 9236 4133 926  4973 2234 5813 3722 6673 5242 7547 6782 8429 8402 9293 
8892 1715 5508 4445 1188 6643 4128 9035 6408 3475 8484 8675 2106 551  2790 989  3500 1343 6780 1651 180  1909 1190 891  3770 1089 8296 5415 8464 1809 380  2553 1780 3567 3140 4767 4628 5955 6112 7347 7580 8697 9028 711  4688 4203 250  8703 1106 4573 8022 4681 8274 4771 3790 5127 4328 5707 2724 6209 5532 6757 8622 7279 1374 7799 3918 8321 6202 8499 7046 9183 7928 151  8762 751  244  1451 2396 2179 4924 2939 7796 3733 362  4561 1594 5417 2974 6247 4478 7079 5998 7963 7586 8849 9242 
7525 7752 3289 3264 5551 5220 7847 5346 1025 7332 6275 9348 155  4816 781  4900 1881 6860 1507 8730 1793 3636 2021 2590 4779 4810 483  9064 7515 4544 2163 1180 2919 2444 4161 3860 5397 5356 6603 6868 7887 8308 9285 1328 2421 8752 6381 686  309  1570 4619 8106 4735 8418 4891 4142 5349 4454 5971 4164 6503 7146 7067 318  7513 2634 8047 5322 8545 6632 8913 7526 1369 8374 439  9186 1091 1228 1801 3644 2579 6332 3359 9244 4139 934  4987 2246 5821 3734 6679 5266 7549 6814 8431 8422 9311 
8928 1595 2688 4745 1224 6853 9300 8827 6432 3703 8544 8725 2256 485  6642 1007 4060 3627 1600 1661 300  1921 5868 2159 3710 3249 5960 999  5776 405  544  2607 1850 3597 3164 4833 4598 6015 6116 7365 7588 8655 9052 801  4802 4311 266  8739 1118 993  2014 4685 8322 4777 8646 5165 4334 5601 4610 6227 5556 6767 8628 7289 1398 7801 3954 8327 6214 8511 7048 9197 7946 157  8758 757  268  1453 2404 2203 4948 2953 7804 3739 382  4567 1618 5419 2978 6257 4486 7103 6002 7993 7594 8861 9274 
7007 7992 3355 2352 5995 2784 7889 3720 1183 8360 6223 9372 185  4698 745  8528 2277 6650 4653 4880 1799 3708 2005 8244 2257 4930 621  7070 1419 4672 645  1184 2967 2492 4089 3916 5385 5348 6645 6908 7911 8404 9291 1552 2439 8912 6471 710  321  1576 1761 2482 4739 8472 4897 9222 5429 4456 5793 4792 6505 7188 7073 354  7519 2658 8051 5442 8549 6590 8939 7528 1681 8378 443  9190 1093 1244 1811 3676 2591 6388 3361 9332 4153 958  4993 2258 5827 3742 6689 5294 7559 6826 8443 8434 9319 
8640 2233 5904 4807 1176 6935 4092 8911 6750 3871 9200 8957 2576 505  6672 955  2548 3663 560  5577 1700 1919 6012 2155 378  2413 6040 1023 7910 1833 392  1905 1804 3585 3146 4809 4636 6063 6148 7383 7612 8733 9050 867  4912 4383 286  8793 1130 1011 2054 2559 2882 4781 8742 5173 486  5713 4630 5997 4922 6769 8724 7291 1434 7807 3966 8333 6226 8529 7064 9201 7958 163  8770 761  284  1459 2428 2207 4996 2957 7892 3761 386  4583 1622 5431 2986 6263 4502 7109 6022 8009 7606 8863 9278 
9163 6240 3451 6000 6061 2898 8245 5382 1421 8520 6419 540  323  4944 755  8586 1145 4732 4743 5000 4599 7100 2033 8388 2245 702  2501 7210 1443 9320 2193 1196 2955 2516 4155 3956 5421 5350 6657 6940 7923 8350 9303 1424 2493 9008 6543 712  327  1582 1779 2488 3351 3382 4907 9210 5447 1494 5977 4790 6207 5030 7081 366  7531 2694 8057 5466 8551 6610 8947 7562 1849 8386 449  9202 1097 1252 1823 3698 2593 6404 3371 9356 4157 974  4999 2302 5839 3746 6691 5314 7561 6866 8447 8438 9323 
9360 2387 9120 4403 2700 7579 4116 8965 6588 4067 960  8959 7700 533  6966 965  468  1285 616  5589 1300 6633 1240 2167 384  2395 1122 2603 7990 1869 460  2619 1862 3615 3172 4887 4606 6123 6140 7359 7636 8769 9056 873  4976 4419 290  8847 1162 1041 2056 2571 2914 4299 3806 5177 492  5723 2748 6233 4936 6393 5174 7295 1446 7811 4038 8335 6234 8711 7086 9211 7954 167  8774 769  292  1471 2452 2213 5036 2963 7916 3767 394  4591 1642 5437 2998 6269 4534 7121 6038 8011 7642 8867 9286 
5929 6840 3619 5520 5467 5580 8437 5152 1325 7548 6713 600  377  2310 793  8592 1165 828  1405 1624 6039 7220 7839 2840 2263 714  2507 1554 2761 9230 2211 1150 3009 2528 4179 3940 5451 5380 6681 6950 7953 8380 9309 1616 2523 9104 6597 730  339  1586 1797 2494 3369 3374 4863 4168 5435 1524 5983 4188 6509 5038 6639 5302 7543 2742 8063 5514 8557 6618 8935 7554 2209 8390 457  9208 1103 1268 1831 3716 2609 6428 3373 9364 4159 982  5003 2306 5843 3754 6701 5318 7573 6898 8461 8458 9337 
7200 2431 2880 4459 3060 6923 8550 1573 6496 3725 8556 9251 840  559  5250 1027 588  1315 1332 1565 2744 6903 1330 9027 3880 2407 1128 2605 1938 2893 476  2613 1892 3621 3212 4893 4708 6129 6164 7413 7648 8763 9116 927  5008 4491 296  8919 1166 1047 2074 2577 2930 4317 3818 5163 4342 5729 2796 6239 5598 6773 5176 6843 5522 7813 4062 8339 6254 8717 7096 9217 7962 173  8776 773  316  1481 2468 2221 5108 2969 7948 3769 398  4597 1646 5441 3022 6271 4538 7127 6046 8017 7646 8887 9298 
8281 8280 3553 6960 5621 5700 7931 4440 3751 7434 6425 3072 391  3080 799  420  1199 882  1415 1908 1745 3542 8091 2530 4941 4970 2509 1518 2773 2322 2987 1204 2985 2596 4173 3950 5487 5372 6735 6956 7959 8410 9321 1712 2529 9136 6627 742  381  1592 1803 2504 3387 3406 4881 4154 5361 4462 5989 4194 6511 7212 7087 5306 7041 5678 8065 5574 8561 6634 8945 7574 2809 8392 461  9214 1109 1324 1847 3748 2617 6436 3389 9388 4177 998  5009 2326 5849 3758 6703 5326 7577 6914 8467 8462 9341 
7920 2639 4800 4697 3420 7021 1080 9191 7080 4901 8652 8825 2544 589  6090 1037 4260 1357 1452 1585 2412 1895 5432 9063 3910 1521 6230 2623 1914 2885 2616 3077 1876 3657 3196 4899 4660 6099 6176 7449 7660 8799 9140 909  5072 4527 310  8973 1178 1059 2086 2589 2936 4341 3830 5169 4330 5613 4634 6245 5604 6787 8766 7303 5528 7197 5858 8341 6262 8553 7102 9223 7966 179  8786 787  332  1483 2476 2237 5116 2971 7972 3779 422  4603 1654 5443 3046 6277 4546 7129 6074 8039 7666 8893 9302 
1547 5940 3689 7680 5593 5850 7973 4920 1519 8760 6877 576  205  4848 803  630  1219 5550 1513 2028 1765 3852 2041 2680 5751 5080 627  7240 2771 2328 2993 3048 3155 2656 4191 3980 5457 5404 6693 6958 8007 8416 9339 1648 2547 9232 6651 754  393  1598 1821 2506 3453 3422 4911 4184 5367 4490 5799 4808 6515 7218 7091 426  7555 5726 7419 5974 8013 6674 8953 7570 3481 8394 463  9218 1117 1348 1861 3764 2621 6452 3391 9404 4201 1006 5011 2342 5851 3778 6709 5342 7583 6922 8501 8482 9343 
6480 2737 8580 4669 1980 7049 8800 9269 6270 4361 3520 8993 2832 515  7152 1067 4340 1349 7050 1673 2556 1915 6228 2171 4040 4761 6110 1029 8030 2899 2622 3085 3306 3263 3232 4917 4676 6135 6244 7437 7676 8805 9164 963  5296 4581 322  9081 1192 1077 2104 2631 2938 4353 3832 5183 4346 5619 4642 6009 4942 6799 8796 7319 1506 7831 5864 7671 6266 8571 7090 9229 7970 181  8798 797  338  1487 2524 2239 5132 2999 7988 3793 446  4621 1658 5449 3062 6287 4562 7151 6082 8053 7694 8923 9314 
1001 9000 3857 7440 5719 6660 8099 4590 1813 8840 3591 1760 287  5022 785  8688 1207 5820 1517 8940 1807 3924 2045 8604 2279 5110 759  7250 1491 9250 3007 3066 3193 3738 3377 4012 5505 5396 6747 6980 8043 8468 9369 1744 2637 9392 6687 776  411  1606 1839 2510 3459 3434 4915 9246 5455 4498 5847 4814 6243 5048 7093 402  7597 2766 8071 5986 8031 6682 8977 7576 3721 8408 467  9224 1123 1388 1867 3788 2633 6476 3407 16   4211 1018 5021 2362 5857 3802 6719 5354 7589 6926 8513 8486 9349 
4320 2717 9180 4823 3300 7189 1320 9331 7040 8379 4160 3213 2860 553  7216 985  684  1351 7110 1679 450  1927 6348 2165 408  2419 6280 1107 8170 1917 490  3091 3318 3265 4074 3443 4756 6141 6220 7467 7684 8841 9220 1017 5392 4689 328  9117 1208 1101 2110 2643 2954 4359 3838 5191 516  5731 4646 6033 4952 6411 5198 7313 1542 7819 4098 8345 6278 8583 7126 9235 7976 191  8810 809  356  1489 2564 2243 5156 3001 7996 3797 454  4637 1678 5471 3086 6299 4574 7159 6098 8059 7702 8929 9326 
1309 3600 3731 8880 5831 6900 8029 4290 2009 4400 7497 2080 4347 4180 6279 8704 1195 972  1529 9060 1817 4068 2051 8676 2285 798  2519 7310 1533 400  2241 1220 3161 3768 3379 4326 3569 5420 6771 7004 8103 8476 9381 2032 2763 100  6759 782  417  1630 1851 2522 3489 3448 4913 9330 5459 1572 5993 4826 6249 5066 6663 5338 7571 2778 8077 5622 8567 6698 8983 7582 4489 8414 479  9226 1129 1396 1871 3812 2647 6484 3413 6    4217 1042 5023 2374 5861 3814 6733 5366 7591 6934 8521 8506 9371 
4680 2849 2160 4879 3840 7259 1560 9367 7320 4753 6080 4851 3400 5859 5500 8127 5888 1345 1476 1687 1900 1937 6444 2173 456  2435 1218 2627 8440 1887 500  2667 1888 3269 4026 3455 4494 3667 6250 7473 7688 8787 9260 981  5552 4707 344  9171 1222 1119 2114 2649 2984 4377 3854 5201 522  5747 2826 6259 4958 6423 5206 6861 5542 7835 4146 8347 6286 8637 7138 9233 7982 193  8822 811  388  1493 2572 2251 5164 3011 8012 3803 458  4639 1706 5477 3098 6301 4586 7177 6122 8069 7706 8933 9346 
1463 7020 3773 1440 5957 7260 8113 5160 2023 8970 6727 2600 2079 4420 6993 6500 9261 1144 1465 2124 1819 4332 2047 9036 2291 858  2515 1566 2779 2500 2247 1210 3021 2540 3383 4278 3587 4776 3763 7018 8115 8492 9393 1808 2799 196  6813 790  447  1634 1857 2534 3513 3454 4927 9336 5461 1602 5999 4236 6523 5074 6711 5362 7053 5734 8083 5646 8579 6706 8989 7598 5041 8426 487  9238 1151 1412 1873 3868 2657 6508 3433 8    4219 1046 5039 2386 5867 3826 6737 5374 7603 6938 8527 8518 9377 
5400 3059 3120 4921 3900 7429 1920 9317 7410 4949 5440 7623 3680 4389 5800 7161 7540 1071 1976 1655 2628 1939 6498 2177 390  2429 1242 2615 1992 2911 550  2679 1924 3633 3260 3437 4602 3661 5010 3829 7708 8823 9268 1083 5584 4869 370  9189 1246 1137 2134 2661 3002 4413 3842 5195 558  5753 2868 6281 5634 6797 5210 6879 5546 7233 5866 8357 6294 8735 7122 9247 8018 197  8824 821  404  1499 2588 2267 5188 3019 8044 3821 466  4643 1714 5479 3106 6311 4594 7187 6134 8081 7726 8941 9358 
1729 6600 4123 8910 6251 7380 8239 5130 2107 720  6811 2720 3003 4640 5313 6560 8211 8600 1701 3256 1795 4572 2059 9252 2317 750  2513 1608 2785 2346 3017 1276 3051 2620 4209 4028 3589 4794 3781 5406 3941 8420 9399 2096 2817 256  6849 806  453  1670 1893 2536 3543 3464 4939 9342 5465 1644 6001 4302 6527 7284 7097 5384 7071 5710 7431 5990 8587 6654 8981 7610 5329 8446 491  9254 1153 1436 1877 3884 2659 6548 3449 10   4229 1082 5051 2402 5869 3862 6761 5378 7607 6982 8537 8522 9391 
3960 2821 2640 4991 4500 7337 2040 9373 7480 5047 7290 9359 3800 3927 6200 8151 8200 693  1040 2709 4136 1943 6516 2183 510  2443 1230 2629 1974 2923 2670 3097 1940 3699 3268 4947 4768 3665 5226 3841 5592 3997 9284 1143 5648 4923 374  9279 1256 1149 2146 2721 3014 4443 3874 5207 564  5755 2892 6283 5706 6805 8838 7327 5558 7251 5870 7737 6296 8743 7158 9253 7994 199  8826 823  412  1511 2612 2269 5204 3023 8068 3823 478  4649 1718 5483 3118 6317 4618 7193 6158 8087 7754 8951 9382 
2093 8160 3913 1800 6083 7650 8323 5610 2303 1200 6929 660  301  4940 7749 6880 9177 8500 1827 5360 4977 7300 2071 120  2321 870  2533 1590 2813 2418 3013 3090 3173 2650 4233 4018 5511 5428 3785 5448 3949 5790 4097 2192 2853 484  6921 808  489  1688 1923 2542 3561 3470 4963 9390 5473 1668 6005 4308 6533 7356 7099 438  7601 5738 7509 6008 8049 6712 9005 7618 6241 8454 499  9258 1163 1468 1879 3908 2663 6628 3457 14   4231 1094 5059 2426 5879 3866 6763 5386 7621 6998 8539 8542 9397 
5280 3367 3240 5083 4860 7469 2280 637  7590 5239 6160 221  1380 581  5060 8463 8140 1197 880  2793 2300 6741 1430 2191 552  2449 1254 2653 1998 2921 2706 3101 3336 3277 3296 4929 4780 6153 6304 3845 5658 4031 6042 4145 5744 5013 376  9297 1258 1167 2152 2733 3026 4449 3886 5213 636  5759 2934 6289 5748 6809 8868 7339 1578 7837 5894 7773 6298 8661 7174 9237 8062 211  8830 827  428  1523 2636 2273 5212 3037 8108 3833 482  4651 1726 5501 3134 6323 4622 7207 6166 8089 7762 8963 9406 
2261 8100 4081 2400 6097 7740 8393 5640 2527 1620 7267 4410 403  2220 791  7400 3969 9020 1911 5680 5229 7900 8001 2750 2327 888  2537 1674 2807 2370 3029 3102 3199 3774 3385 4046 5529 5450 6777 7052 3953 5874 4105 6438 4237 676  6957 814  471  1702 1929 2546 3579 3478 4955 9366 5485 1734 6013 4338 6535 7362 7111 474  7609 2802 8095 6014 8061 6730 8997 7622 6889 8474 503  9262 1171 1492 1889 3932 2671 6652 3461 22   4241 1114 5077 2434 5881 3898 6779 5398 7639 7022 8543 8546 9403 
5760 3157 4080 5159 4140 7511 2760 9401 7830 4961 1260 143  1890 583  2610 1043 6820 1323 1360 2961 2420 6867 1480 8967 4070 2461 1272 2641 2010 2929 2712 3095 3354 3287 4134 3473 4796 6177 6260 7479 7712 4033 6162 4169 6744 4313 406  9351 1270 1191 2158 2757 3032 4461 3878 5219 666  5761 3006 6295 5766 6817 8916 7343 1614 7849 4206 8351 6302 8691 7178 9249 8066 227  8834 829  436  1531 2644 2281 5228 3041 8116 3847 502  4657 1754 5503 3142 6329 4666 7211 6178 8093 7778 8969 4    
1771 7800 4543 2340 6293 8460 8449 5720 2597 4050 7139 5600 407  3570 817  3540 1211 8740 1953 5840 5439 8300 8037 2920 5427 5170 2561 1704 2827 2472 2995 3144 3197 3810 3397 4344 3595 5516 6789 7028 8205 8588 4103 6456 4249 6882 4381 824  501  1730 1941 2570 3603 3490 4971 4190 5489 1746 6017 4404 6539 7404 7115 498  7613 2874 8105 5682 8593 6754 9003 7624 7921 8488 509  9266 1181 1516 1901 3964 2677 6668 3463 26   4243 1126 5081 2446 5897 3902 6781 5414 7643 7034 8563 8566 1    
6120 3311 4560 5117 4950 7553 2970 833  8040 5203 7280 5049 9100 649  6440 1073 4380 1363 1520 3087 2900 6897 1610 9243 4120 6561 6290 2651 2058 2935 2814 3103 3390 3281 4110 3487 4578 3679 6308 7485 7742 8853 9292 4171 6726 4315 7134 4435 1298 1203 2162 2787 3034 4467 3890 5199 4354 5765 3012 6313 5844 6821 8982 7355 1626 7855 4254 8359 6306 8749 7190 9259 8072 223  8854 839  452  1543 2692 2287 5276 3049 8156 3851 514  4663 1762 5507 3158 6337 4678 7213 6218 8101 7814 8971 2    
