3696 8125 5376 3445 8624 8775 4256 6435 6664 2475 7904 4725 2992 8505 6448 7623 4600 3003 7520 7161 4720 3087 1000 7659 4130 5751 6230 741  7910 1551 320  2211 500  3081 2350 4251 3820 5649 5290 6873 6748 8115 8132 9321 272  2043 6704 5823 442  123  1342 1401 2230 3057 3130 4821 4010 5361 4438 5919 4838 6333 5144 6861 5570 7377 5966 7941 6226 8223 6562 8871 7486 9527 8338 281  9154 929  692  1619 3004 2383 5732 3191 8564 3989 586  4813 1882 5659 3254 6529 4786 7433 6418 8291 8006 9181 
5525 3024 1705 4872 4745 2464 5265 6272 9315 7072 3465 9568 5985 5456 1575 7696 2079 5800 4389 9400 693  3700 6171 1750 9063 5270 297  7130 1161 9010 1947 140  2409 1220 3729 3116 5019 4580 6231 6028 7485 7456 8799 8860 507  3056 3897 6724 8163 874  717  1790 2217 2686 3903 3598 5149 4298 5619 4642 6087 4990 6621 5302 7131 5816 7653 6094 8067 6398 8511 7010 9229 7914 31   8738 599  9554 1279 1772 2011 4276 2767 7108 3581 82   4397 1214 5237 2578 6091 4054 6959 5578 7841 7186 8737 8842 
9072 3025 5796 3485 1728 6035 4312 7695 5236 5175 3536 5775 4784 8925 6656 945  8944 3213 7540 8127 4880 3339 1160 7803 4186 5913 6232 777  7930 1593 1088 2241 580  3129 2356 4323 3860 5673 5344 6855 6752 8169 8150 9369 304  2061 6736 5877 470  129  1358 1437 2248 3063 3154 4827 4024 5367 4454 5937 4856 6339 5146 6879 5608 7401 5974 7969 6254 8247 6574 8889 7496 9529 8342 283  9158 937  716  1621 3028 2389 5756 3203 8572 4001 614  4817 1894 5669 3274 6547 4798 7451 6434 8293 8014 9187 
3575 4536 1885 1848 4945 1248 6935 4004 4275 6776 6075 3952 7875 5632 2205 8272 1995 5408 5313 9440 819  4100 6201 2030 9333 5278 1725 7304 1173 9080 2001 220  2553 1210 3741 3140 5037 4598 6285 6004 7491 7460 8823 8864 531  3088 3951 7396 8199 890  723  1798 2229 2690 3909 3614 5155 4318 5631 4646 6117 4994 6639 5338 7143 5822 7671 6106 8079 6410 8529 7016 9233 7918 41   8744 601  9562 1283 1796 2017 4348 2777 7132 3583 86   4409 1226 5261 2582 6101 4058 6961 5582 7853 7214 8741 8846 
6048 4225 6468 3515 2112 5845 2784 8165 5984 2925 8096 5355 4048 9135 6992 5733 9328 3255 7424 8211 5000 3381 1240 7821 4280 6399 6248 3225 8162 1581 1216 2247 550  3171 2444 4401 3892 5685 5332 6915 6764 8229 8180 9381 208  2097 6896 5931 472  141  1370 1461 2264 3093 3170 4839 4042 5383 4456 5951 4858 6387 5162 6891 5614 7419 5986 7971 6262 8259 6584 8907 7498 9535 8362 293  9178 941  722  1627 3044 2393 5788 3209 8612 4003 622  4831 1906 5683 3314 6551 4822 7457 6442 8297 8026 9199 
4675 6384 1955 4158 5015 1368 6895 3996 8995 6688 4095 3344 6825 6256 8085 8432 2415 4352 4305 9472 1071 4300 6273 2170 9243 5336 1845 7238 5025 9128 9495 416  2619 1340 3759 3124 5055 4588 6291 6052 7503 7502 8841 8908 549  3152 3987 8836 8271 902  753  1802 2253 2696 3921 3634 5161 306  5663 2292 6185 5002 6663 5362 7149 5842 7715 6142 8097 6430 8553 7042 9235 7922 43   8754 607  9582 1289 1828 2027 4364 2789 7148 3593 94   4421 1234 5273 2594 6113 4078 6967 5594 7867 7226 8747 8882 
6552 7225 6804 3565 2496 5885 2952 8015 5256 245  7744 6615 5104 9555 7888 1155 9424 3795 7936 5145 1664 3717 1430 8037 4216 825  6328 3285 8294 7515 1472 885  1292 3201 2516 4371 3916 5691 5350 6939 6812 8205 8164 9393 368  2151 6928 5949 488  159  1384 1473 2266 3099 3176 4857 4066 5401 1212 5963 3516 6467 5174 6927 5626 7423 1374 7981 6266 8301 6586 8913 7526 9543 8366 307  9186 947  724  1637 3076 2399 5804 3217 8644 4007 626  4861 1934 5689 3326 6553 4834 7459 6458 8311 8038 9203 
5225 4368 2035 6426 4895 1224 6955 4092 9035 6372 2675 2288 7245 6512 7371 8704 2457 4864 4485 9248 6195 2392 6327 2870 9603 5474 1815 7336 5085 9112 9525 364  2505 1952 3765 3146 5061 4628 6303 6068 7521 7514 8877 8876 603  3184 4041 40   8361 904  771  1810 2271 2698 3957 3638 5163 4310 5677 2316 6181 4908 6697 5384 7167 5846 7729 2598 8213 6446 8571 7046 9237 7928 37   8758 613  64   1291 1844 2029 4372 2791 7156 3607 106  4423 1238 5279 2602 6121 4106 6971 5602 7873 7234 8753 8894 
8064 9025 7308 3685 3264 5995 2898 8245 5082 575  7326 5575 5168 2835 7216 1365 2816 3885 8228 5535 1496 6405 3128 7839 4250 6723 6344 3525 8296 7335 1856 915  1316 3165 2366 4395 3956 5697 5356 6945 6844 8241 8188 9399 464  2169 7024 6057 494  177  1378 1497 2270 3117 3178 4863 4072 5403 4462 5959 3546 6485 6276 7003 5630 7431 5990 7991 3882 8489 6590 8989 7510 9553 8374 311  9190 953  764  1657 3092 2411 5812 3221 8716 4013 634  4871 1942 5693 3334 6563 4846 7477 6502 8317 8042 9209 
6175 5712 2015 6216 5035 1404 6985 4056 9085 6174 2725 8532 8405 6032 3675 8816 2625 5888 4515 1144 6345 2432 7995 3416 891  5330 189  7384 5415 9176 405  392  2595 1972 3813 3164 5073 4606 6315 6112 7527 7532 8853 8924 639  3376 4107 56   8427 938  789  1816 2283 2702 3963 3656 5165 4328 5637 4654 6187 4986 6707 7716 7217 5858 7737 6130 8227 5286 8749 6978 9247 7946 47   8762 617  12   1297 1852 2039 4388 2797 7204 3613 118  4441 1262 5281 2606 6131 4126 6977 5606 7877 7246 8761 8902 
5544 1235 9324 3625 4416 6055 2964 8155 5346 725  7416 5675 9372 95   7568 1785 3328 3915 7436 5565 1672 7035 3256 8835 4424 7209 6280 759  8344 7575 1984 1005 1352 3243 2492 4503 3940 5709 5348 6963 6850 8277 8204 9417 496  2259 7088 6093 506  183  1390 1509 2278 3147 3182 4881 4082 5411 4490 5961 4870 6487 6282 7009 9054 7435 6008 7977 6278 8491 6582 9005 7494 9557 8378 313  9202 967  772  1663 3148 2417 5836 3229 8812 4019 662  4877 1954 5701 3338 6569 4874 7481 6506 8329 8054 9221 
7475 2016 2125 5208 5125 1632 6965 4128 9095 6318 2825 8544 8425 1392 395  8528 3045 6292 4935 1408 6375 2552 8235 3542 5625 5368 273  7240 1209 9272 1875 476  2607 1420 3783 3196 5109 4636 6351 6140 7539 7550 8931 8950 657  3568 4113 70   8433 946  807  1826 2307 2710 3981 3658 5169 4330 5667 4658 6159 5014 6731 7758 7231 366  7739 6146 8121 6466 8759 7026 9253 7926 53   8770 619  18   1301 1868 2053 4412 2801 7244 3617 122  4447 1282 5297 2614 6133 4138 6983 5638 7879 7262 8779 8914 
7392 1105 7812 3655 3648 6095 2976 8195 5166 605  7434 5725 9438 115  3504 721  3872 4185 9196 5655 1736 7215 2618 9045 4408 975  6392 783  7960 1599 2368 1065 1372 3219 2528 4407 3950 5727 5372 6951 6868 8283 8224 9423 512  2313 7184 6147 518  201  1394 1527 2282 3153 3206 4911 4090 5429 4498 5965 4886 6393 5176 7031 9084 7439 1398 7985 6286 8331 6610 9017 7528 9563 8386 317  9208 971  788  1667 3188 2423 5884 3251 8828 4021 674  4889 1966 5711 3386 6571 4882 7487 6514 8353 8098 9227 
8075 7728 2255 7182 5135 1386 7015 4116 8965 6396 3125 8556 8675 1456 415  6096 955  2548 4995 9212 6555 2408 8265 3784 3645 5432 1935 7378 1221 9160 2013 532  2613 1460 3801 3212 5133 4660 6357 6116 7545 7564 8895 8954 711  3632 4149 88   8469 962  813  1832 2319 2714 4083 3670 5173 342  5699 2358 6191 5018 6711 5402 7235 402  7745 2634 8249 6454 8583 7048 9249 7954 59   8774 631  20   1303 1916 2063 4418 2803 7292 3623 134  4451 1286 5303 2638 6143 4162 6991 5666 7883 7274 8783 8926 
8316 1615 7644 3875 4928 6205 3096 8215 5382 775  7476 5825 9464 9075 3584 745  8586 1145 5684 5805 1624 7755 2968 9165 4466 855  6314 3555 8398 1647 2624 1095 1364 3237 2540 4431 3980 5757 5380 6969 6908 8289 8236 9429 592  2367 7312 6219 530  213  1406 1563 2290 3183 3208 4897 9342 5435 1236 5969 3582 6493 5198 6933 5654 7441 1434 7997 3918 8495 6616 8997 7562 9561 8390 331  9214 977  796  1669 3236 2437 5924 3253 8852 4027 694  4903 1982 5717 3394 6577 4894 7489 6518 8363 8102 9239 
9425 2772 2185 6006 5185 1596 7055 4248 9125 6408 3175 8652 8725 1904 1485 6608 965  396  1315 616  7125 2744 7395 3752 585  5504 2115 7462 5325 9256 225  544  2667 1450 3819 3172 5151 4676 6369 6148 7587 7580 8937 8992 747  3664 4167 104  8523 970  831  1834 2361 2726 4101 3674 5183 348  5707 2364 6193 5028 6743 5410 7179 5864 7747 2658 8251 5298 8765 7064 9259 7958 61   8776 641  28   1307 1922 2069 4436 2819 7324 3631 142  4457 1294 5309 2642 6151 4166 6997 5674 7901 7286 8803 8962 
8568 1495 1512 3895 5568 6215 3108 8255 5412 845  7548 5975 9486 125  4144 2565 8848 1165 882  1465 1768 7965 2926 9435 4648 1035 6424 3735 8456 7725 2752 1185 1376 3297 2596 4509 4018 5745 5396 6981 6940 8313 8284 9447 656  2421 7376 6309 536  219  1414 1569 2294 3189 3262 4913 9366 5447 1278 5971 3684 6497 6354 7037 5662 7445 1446 7999 3954 8497 6618 9019 7554 9565 8392 337  9218 983  844  1693 3244 2441 5932 3257 8884 4049 698  4909 1994 5737 3398 6581 4918 7499 6542 8369 8114 9241 
6325 3528 2365 7896 5291 1428 7085 4392 9145 6432 3275 8658 8771 1488 445  6832 3135 3332 1345 1692 1685 2002 8625 3458 495  5512 2175 7544 5475 9338 135  572  2679 1550 3939 3260 5157 4708 6447 6164 7557 7588 8961 8980 801  3728 4203 110  8577 986  843  1846 2391 2758 4119 3682 5177 414  5713 2388 6209 5046 6739 7764 7241 426  7751 2694 8257 5322 8767 7086 9263 7962 67   8786 643  32   1319 1948 2081 4468 2833 7388 3637 146  4463 1306 5323 2654 6163 4174 7001 5686 7907 7318 8807 8966 
8736 935  2184 3905 5832 6235 3036 8365 5676 925  7584 6025 9516 145  3726 755  9296 3705 6076 1535 2556 1765 3094 8745 4472 1125 6536 3975 8536 7785 3008 1245 1484 3333 2620 4521 4012 5781 5420 6987 6950 8319 8308 9453 688  2439 7408 6381 568  237  1426 1623 2314 3207 3266 4915 9462 5455 1284 5977 3732 6499 6462 7033 9132 7447 1506 8003 3966 8503 6632 9023 7570 9569 8394 347  9224 991  892  1697 3284 2447 5948 3259 8948 4051 706  4919 2018 5741 3418 6599 4934 7507 6598 8377 8146 9257 
7975 3276 2375 6888 5335 1638 7285 4428 9205 6534 3425 8664 8825 1536 485  6288 985  3388 4875 896  1703 3204 1915 3848 315  5434 2325 7546 5715 9344 105  608  2685 1988 3993 3232 5181 4768 6441 6176 7599 7612 8949 8996 867  3824 4311 128  8703 994  849  1864 2427 2770 4143 3686 5191 372  5723 2466 6227 5052 6749 7794 7249 438  7763 2742 8261 5442 8773 7090 9267 7970 71   8798 647  44   1321 1964 2083 4492 2837 7442 3643 158  4481 1318 5333 2722 6173 4178 7013 5702 7919 7342 8819 8986 
9576 1265 2688 3835 5952 6365 3132 8305 5664 1025 7668 6275 9492 155  3792 749  8592 1195 7252 5865 2072 1795 5202 2045 4664 1215 6578 4005 8554 7935 3392 1335 1504 3345 2656 4539 4028 5763 5404 7005 6956 8337 8350 9483 752  2493 7472 6471 574  249  1432 1641 2318 3261 3272 4907 9390 5459 1308 5983 3756 6503 6492 7045 9162 7453 1578 8005 4038 8507 6654 9031 7574 9571 8408 349  9226 997  908  1699 3292 2459 5956 3271 8956 4057 718  4931 2026 5743 3442 6607 4946 7517 6602 8387 8158 9277 
7865 4284 2405 7224 5365 1656 7205 4446 9185 6588 3475 8748 8975 1776 497  3690 973  468  1355 728  6765 2584 1937 7092 2165 5576 2385 7552 5895 9352 165  644  2697 2044 3855 3268 5205 4756 6453 6244 7611 7636 8943 9028 873  3856 4383 130  8739 1010 879  1886 2433 2774 4197 3688 5201 444  5729 2502 6233 5058 6751 7836 7255 474  7765 2766 8267 5466 8777 7096 9271 7966 73   8810 653  50   1327 1996 2087 4516 2843 7444 3659 166  4483 1322 5347 2734 6197 4198 7019 5714 7927 7346 8821 9014 
7056 715  2856 3965 7616 6305 3348 8375 5418 1175 7686 6425 9548 205  3984 763  4260 1211 1044 1555 1976 7455 3496 2051 216  2257 6622 4335 8576 8025 3776 1455 1564 3363 2668 4551 4046 5811 5428 7059 6958 8355 8416 9465 848  2523 7664 6543 584  267  1442 1671 2330 3273 3278 4927 9510 5461 1314 5989 3798 6505 6564 7051 9228 7463 1542 8021 4062 8509 6634 9003 7576 9573 8414 353  9238 1009 916  1709 3308 2467 5972 3299 8972 4073 734  4933 2038 5749 3446 6619 4954 7523 6614 8389 8182 9281 
8525 4704 2585 8232 5375 1824 7345 4452 9215 6636 3725 8772 9175 1782 505  6576 1027 5500 1379 1908 1711 2728 8295 3944 2171 510  2407 7592 5925 9394 195  736  2715 2048 3945 3296 5211 4780 6477 6220 7641 7648 8979 9056 909  4016 4419 136  8793 1016 921  1898 2463 2776 4227 3704 5207 486  5731 2532 6239 5094 6757 7902 7261 498  7769 2778 8279 5514 8791 7102 9287 7976 79   8822 659  52   1361 2012 2089 4604 2851 7468 3671 178  4493 1346 5351 2746 6199 4222 7027 5722 7933 7354 8831 9026 
4032 1045 3864 3995 5824 6355 3234 8395 5628 1075 7704 6575 9588 185  4272 781  2380 2691 8140 1561 3750 1841 3224 9345 4712 2279 750  2501 8584 8055 3904 1515 1508 3399 2716 4587 4064 5817 5450 7077 6980 8397 8380 9519 944  2529 7792 6597 590  291  1448 1689 2338 3279 3286 4939 9528 5465 1356 5993 3804 6511 6606 7061 9276 7465 1614 8023 4098 8519 6674 9033 7582 9577 8426 359  9254 1013 932  1721 3316 2473 5996 3301 8978 4079 746  4937 2042 5779 3466 6637 5006 7529 6626 8419 8186 9283 
9295 5292 2465 8008 6885 2912 7375 4512 9265 6612 3775 8844 8869 1968 511  3800 9477 5920 4641 9460 1717 3492 1939 3968 525  5624 2419 1242 2603 9416 255  812  2703 1580 3999 3340 5217 4796 6507 6250 7683 7660 9021 9050 927  4112 4491 152  8847 1022 933  1910 2469 2782 4269 3706 5195 492  5747 2676 6245 5172 6767 7908 7265 534  7771 2802 8285 5574 8795 7126 9301 7982 83   8824 673  68   1367 2036 2099 4612 2857 7484 3673 194  4507 1354 5381 2762 6203 4226 7039 5758 7937 7382 8837 9034 
9408 1375 3192 4255 8512 7425 5096 8455 5688 1325 7788 6713 1020 203  2790 791  4640 3927 8200 7917 5360 1837 5364 2047 4736 1275 6734 2515 1566 2735 4288 1545 1612 3417 2650 4623 4108 5829 5516 7089 7018 8421 8404 9531 976  2547 7856 6627 598  303  1462 1707 2344 3291 3298 4955 9534 5473 1422 5999 3972 6509 6684 7063 9378 7471 1626 8027 4146 8531 6682 9047 7610 9589 8446 367  9258 1019 956  1723 3356 2477 6044 3307 9004 4091 758  4943 2062 5783 3482 6653 5042 7537 6638 8423 8198 9293 
6875 4788 2635 8778 5395 3808 9405 6188 9455 6708 3925 8874 9359 1760 553  3740 3591 5980 5859 9500 1323 4700 1943 7164 2173 5642 2655 7672 2605 1938 2863 748  2727 1660 4011 3424 5235 4828 6465 6304 7635 7676 8985 9052 963  4208 4527 154  8919 1030 939  1912 2481 2786 4281 3736 5213 516  5753 2682 6259 5196 6769 7932 7273 582  7781 2874 8299 5622 8797 7122 9289 8018 89   8826 661  76   1373 2084 2111 4652 2861 7492 3677 202  4513 1366 5387 2798 6211 4258 7043 5774 7949 7394 8839 9038 
7488 1595 4914 4495 7104 6479 5152 4455 6916 1445 7848 6725 9594 217  2820 793  4840 5481 7150 8883 5680 3549 1480 2059 120  2291 6784 4365 8602 2759 2190 2977 620  3423 2684 4605 4114 5835 5452 7101 7004 8439 8476 9591 1072 2637 7984 6651 602  321  1474 1713 2354 3309 3302 4963 9546 5485 1494 6001 4014 6515 6714 7067 9414 7483 1662 8035 4206 8545 6698 9037 7598 9593 8454 373  9262 1021 964  1733 3362 2503 6092 3313 9068 4093 766  4951 2066 5791 3494 6659 5062 7541 6646 8429 8222 9311 
6545 8892 2875 7854 5405 1836 7505 6496 8415 7448 4075 8932 8993 1950 581  3870 1037 6200 6783 5120 1197 5300 6363 2990 2177 390  2413 7784 6165 9512 2867 2568 3047 1690 4023 3404 5271 4832 6495 6308 7689 7684 9015 9116 981  4304 4581 170  8973 1034 951  1918 2487 2792 4287 3730 5219 522  5755 2718 6281 5268 6773 7974 7271 606  7783 2922 8309 5646 8801 7138 9299 7994 97   8830 677  92   1381 2092 2113 4684 2879 7508 3691 206  4517 1382 5393 2818 6217 4262 7057 5794 7951 7402 8849 9046 
5616 7105 6696 4085 7872 6265 3366 8515 6944 3825 8288 6975 7168 391  2850 799  2660 2871 8060 8547 5840 3843 1640 7791 4360 2317 870  2507 8632 8145 4544 2959 2910 3131 2740 4611 4148 5871 5536 7107 7028 8445 8468 9579 1136 2763 8048 6687 610  309  1490 1731 2378 3327 3310 4971 4094 5489 1524 6005 4044 6523 6756 7073 9444 7493 1686 8033 4254 8549 6702 9053 7618 9599 8474 379  9266 1031 1004 1741 3412 2521 6124 3319 9076 4099 778  4957 2078 5801 3506 6661 5078 7547 6658 8431 8254 9319 
7315 8928 1645 4464 4795 1716 7385 4554 9503 7084 6525 9016 7605 2128 559  8610 1067 5950 4059 1600 1449 5780 6417 3160 9387 5480 2429 1230 2611 9592 285  868  3053 3270 3233 3350 5289 4820 6501 6260 7701 7688 9039 9140 1017 4336 4689 182  9081 1048 993  1928 2517 2794 4299 3766 5199 4342 5761 2724 6283 5274 6787 8076 7277 618  7787 2946 8315 5682 8809 7158 9305 8066 101  8834 683  98   1399 2164 2129 4724 2887 7516 3697 214  4519 1402 5399 2846 6221 4274 7069 5806 7963 7418 8861 9094 
7344 7175 7176 3395 8256 6335 3384 8435 5724 1475 8372 5445 3136 9225 5264 803  3500 3069 7420 4617 6320 4221 1720 8001 4370 7203 6290 2509 1590 2771 4672 1605 1628 3133 3576 3317 4150 5883 5540 7221 7052 8451 8410 729  1168 2799 8144 6759 632  327  1498 1761 2390 3351 3322 4979 4102 5433 4504 6013 4086 6527 6822 7081 9564 7495 1698 8045 4314 8551 6706 9055 7622 9    8488 383  9290 1033 1028 1747 3428 2531 6172 3323 9092 4111 794  4967 2098 5807 3518 6673 5086 7549 6662 8443 8258 9323 
5005 5184 1715 4608 4865 1944 7535 4524 9415 6786 4175 9044 8325 2576 2145 7504 1287 6020 4131 9380 4959 5900 6489 3190 9513 5510 231  7250 2623 1974 2869 884  2751 1780 3239 3930 3409 4850 6513 6340 7707 7708 9051 9164 1083 4432 4707 184  9117 1054 1011 1930 2559 2806 4317 3782 5221 4334 5703 4670 6289 5316 6797 8082 7279 642  7795 2994 8321 5718 8843 7174 9307 8062 103  8854 691  116  1409 2188 2131 4748 2897 7556 3701 218  4523 1418 5407 2854 6229 4282 7079 5818 7993 7438 8863 9098 
8208 7525 7296 3535 9024 6391 3552 8585 5742 1525 7866 6775 1232 1755 4592 2805 1568 3159 8050 4653 6640 4263 1870 8253 4510 7857 6520 837  7990 2761 2328 2981 650  3429 2756 3337 4218 3487 5548 7257 7060 8481 8420 9597 1250 2817 8336 6813 638  339  1510 1779 2398 3369 3346 4981 144  5497 4514 5979 4898 6533 6828 7087 48   7501 1758 8047 4362 8557 6712 9057 7624 25   8494 389  9294 1039 1052 1753 3436 2539 6196 3329 9124 4127 802  4969 2102 5813 3554 6679 5098 7559 6686 8447 8266 9337 
7735 8448 1855 5328 5215 2052 7565 4576 9443 6936 4205 8946 9245 3248 2295 7952 3315 3724 4257 9310 5247 6100 6741 3230 567  5560 351  7210 1311 9170 2893 2616 3071 1940 4029 3460 3403 4494 3611 6350 7719 7712 9087 9220 1143 4496 4869 190  9171 1066 1041 1946 2571 2810 4341 3790 5249 558  5759 4696 6189 5026 6799 8124 7289 654  7799 3018 8327 5802 8813 7178 9313 8072 107  8858 701  124  1423 2228 2137 4772 2903 7604 3709 226  4547 1438 5413 2858 6247 4286 7103 5834 8009 7454 8867 9122 
9504 7595 7656 3605 9152 6601 3762 8555 5772 1675 7884 6845 3072 215  5488 3105 1792 4125 8036 4719 7120 4473 1880 8091 4520 8181 6490 897  8030 1653 5056 2983 3030 3139 2780 4683 4192 3497 4746 3737 7076 8493 8492 63   1264 2853 8368 6849 646  381  1526 1797 2410 3387 3352 4989 4142 5509 1572 6017 4904 6411 5206 7091 162  7513 1842 8051 4398 8561 6730 9069 7634 49   8504 397  9304 1049 1058 1759 3452 2543 6212 3331 9148 4129 818  4973 2122 5821 3566 6689 5102 7561 6694 8461 8278 9341 
8645 8712 2065 5508 5285 2088 7567 4644 9485 6816 4325 8964 9251 2106 515  8176 3375 4508 4785 952  5499 6050 6579 2590 9537 5530 459  7370 1239 9130 2037 260  3073 3288 3241 3476 5253 4844 3629 5190 3811 7742 9099 9260 1179 4528 4923 230  9189 1070 1047 1958 2577 2822 4353 3794 5223 4346 5765 2748 6295 5038 6717 5416 7291 678  7801 3054 8333 5826 8851 7190 9327 8074 109  8870 709  148  1427 2252 2141 4804 2909 7628 3719 254  4549 1454 5417 2866 6257 4306 7109 5854 8011 7466 8887 9134 
6336 8225 7722 3745 2304 6461 9300 8437 5814 1825 7968 6727 1140 259  4656 785  2156 4845 8428 6045 2024 4557 2090 8109 4270 8343 6670 861  8170 1659 5312 2289 740  3143 3618 3295 4172 5889 5566 3743 5448 3935 8588 99   1328 2883 8656 6921 658  393  1528 1803 2414 3453 3358 4985 4118 5469 4526 6019 4122 6535 5222 6999 5672 7519 1866 8057 4434 8567 6738 9071 7654 169  8498 401  9318 1051 1076 1777 3508 2549 6236 3343 9172 4133 838  4987 2126 5827 3574 6691 5114 7573 6718 8467 8306 9343 
2275 9108 2135 5808 5369 5220 7579 6720 9581 6678 4475 9126 9457 1860 583  6642 995  4732 5115 1064 7155 2944 6867 3250 1377 5590 357  7640 1269 9230 2091 380  2739 1850 3247 3942 3415 4876 6531 6358 3827 5736 3985 9268 1233 4688 5013 232  9279 1090 1059 1970 2589 2824 4359 3806 5241 4354 5721 4718 6313 5388 6805 5446 7197 5866 7807 3126 8335 5862 8857 7198 9329 8078 113  8872 719  164  1429 2276 2143 4852 2917 7652 3727 262  4561 1466 5419 2878 6263 4322 7121 5878 8017 7478 8893 9166 
4752 8575 7752 3815 4356 6517 1080 8671 2520 3179 8004 6811 1170 287  3330 817  8688 1205 8092 6105 2176 7665 3608 8631 4730 8667 6680 903  8440 1743 5696 2301 820  3471 2812 3305 4242 3505 5564 7185 7124 3937 6018 4105 1424 2979 8752 6957 664  411  1534 1821 2422 3459 3368 4997 4154 5493 4552 5991 4906 6539 6852 7093 5678 7509 6010 8063 4458 8579 6754 9073 7658 121  8530 409  9322 1061 1084 1783 3524 2551 6268 3347 9188 4139 842  4993 2138 5839 3578 6701 5158 7577 6722 8501 8314 9349 
2975 9216 2345 5904 5495 2208 7657 9240 2873 5880 4693 6400 9559 2070 589  2800 1073 588  1385 1288 7095 3016 8715 4136 1053 5656 429  7720 1281 9250 2067 340  2769 2020 4017 3488 3419 4482 3635 6356 7743 7748 4031 6402 4187 4802 5043 238  9297 1102 1077 1978 2631 2830 4377 3818 5245 4366 5739 4706 6207 5048 6809 8196 7295 5882 7773 6152 8339 5898 8873 7202 9335 8086 127  8878 727  172  1433 2284 2153 4868 2927 7724 3733 274  4567 1478 5431 2894 6269 4358 7127 5906 8039 7522 8923 9182 
6864 9065 8184 3955 6084 6625 3402 9061 3360 3211 4620 6877 4410 403  3080 8073 3850 1219 1116 1565 2296 7905 3712 9585 4522 1305 6808 957  8510 1677 6208 2337 850  3441 2788 4665 4214 3523 4776 3695 7136 8517 8596 4115 6744 4279 8912 7083 670  417  1544 1839 2438 3489 3370 5001 4168 5515 4558 5997 4910 6423 5210 7097 36   7543 6014 7989 6296 8587 6766 9077 7662 289  8538 419  9334 1063 1108 1787 3532 2557 6284 3359 9236 4153 862  4999 2174 5843 3602 6703 5182 7583 6742 8513 8318 9371 
3325 2376 2485 6156 5423 1932 7585 4824 1573 7140 4901 6160 221  7700 6669 3920 1989 6380 1387 2028 1727 2632 8385 4088 675  5698 2535 7808 1353 9320 2109 350  2781 2050 4047 3484 5295 4964 3641 5226 3817 7756 9105 9284 4183 6954 4333 248  9351 1096 1101 1990 2643 2834 4413 3830 5251 564  5767 4726 6243 5030 6729 5464 7303 762  7811 6154 8133 6470 8637 7222 9347 8090 131  8886 733  188  1439 2308 2161 4892 2939 7732 3739 278  4583 1486 5437 2902 6271 4406 7129 5914 8053 7534 8929 9194 
7128 9275 7992 4015 1764 6409 3612 8635 5586 3509 1680 6929 5600 5967 6440 8151 4060 3519 8260 1577 7760 5589 3304 2025 4774 1425 6902 4425 8648 1749 6464 2343 860  3477 2828 4671 4228 5907 5572 3715 5454 3949 8608 45   1552 4285 7242 4405 682  447  1558 1851 2456 3513 3374 5007 4184 5513 1602 6023 4922 6429 5224 7017 5690 7531 1878 8065 6298 8367 6758 9079 7674 361  8534 421  9354 1069 1124 1789 3548 2579 6316 3361 9244 4157 866  5003 2182 5849 3622 6709 5186 7589 6746 8521 8354 9377 
3185 3456 2555 6192 5555 2232 7625 4662 9515 6762 4961 9520 3861 4480 5643 2240 1683 6370 4437 560  5577 2450 6633 3976 765  5704 2745 7714 6225 784  345  928  2829 2060 4071 3550 5307 5020 6519 6364 3829 5778 4033 9292 1251 4912 4343 7506 4501 1112 1119 2006 2649 2872 4443 3832 5255 636  5771 2796 6319 5066 6753 5470 7233 5870 7813 3138 8341 6472 8661 7256 9353 8104 137  8898 739  212  1447 2348 2179 4916 2953 7796 3761 298  4591 1502 5441 2906 6277 4414 7151 5926 8059 7538 8933 9206 
8976 4375 8832 4199 1296 6565 3444 8723 5916 1775 8136 7267 7840 5049 7000 8613 4340 3267 8480 4743 8080 5661 910  8217 4888 1665 6952 4545 8792 8175 6592 1635 1652 3531 2842 4731 4220 5901 5588 7263 7172 3941 6024 4109 1616 3033 9008 4415 7878 4571 1562 1857 2482 3543 3382 5017 324  5533 1644 6031 4164 6541 5230 7023 5710 7563 6026 8071 4506 8593 6770 9083 7678 529  8552 431  9362 1087 1132 1801 3628 2591 6332 3371 9332 4159 878  5009 2186 5851 3646 6719 5218 7591 6778 8527 8402 9391 
4025 2808 2755 8694 5605 2142 7645 4692 9595 6972 4525 8988 143  5320 6831 4900 1881 6500 6699 1040 1617 6700 6897 3010 1539 5768 2775 7826 6255 1936 375  836  2847 2108 4035 3556 5319 4972 6549 6368 7797 7772 4037 6438 4189 4976 5121 266  4499 8046 4627 2008 2661 2882 4449 3838 5257 666  5773 2826 6331 5484 6817 5486 7251 5894 7779 6170 8347 5946 8879 7206 9355 8122 139  8906 743  236  1451 2372 2203 4924 2957 7804 3767 302  4597 1514 5443 2918 6287 4426 7159 5938 8069 7558 8941 9242 
8424 1225 8856 4345 504  6655 3588 8695 5856 1805 8052 6925 576  407  4760 9207 4550 3663 7820 9261 8240 4599 2120 8307 4690 8829 6968 4575 8806 8475 6848 1695 1666 3405 2848 4695 4232 5943 5612 7239 7154 8535 8636 4117 6792 4291 9136 7173 686  4573 8154 4699 2486 3561 3406 5027 192  5539 1668 6041 4188 6557 6894 7099 5726 7555 6034 8013 6302 8603 6774 9089 7682 841  8558 433  9368 1091 1172 1811 3644 2593 6388 3373 9356 4177 886  5011 2194 5857 3662 6733 5234 7603 6782 8537 8422 9397 
8855 3672 2765 6768 5665 2394 7667 4836 9541 6984 4361 9144 9325 2064 611  1120 2277 6460 6993 880  1701 7100 6903 3290 1863 5810 513  7832 6705 2704 435  968  2865 2068 4053 3572 5343 4988 6567 6412 7761 7828 9093 9316 4193 6990 4351 250  9441 1106 4619 8358 4747 2930 4461 3842 5263 708  5777 2868 6341 5526 6821 8214 7313 786  7831 6182 8139 6478 8881 7258 9357 8110 149  8922 751  242  1453 2396 2207 4948 2963 7892 3769 314  4603 1522 5449 2942 6299 4442 7177 5942 8081 7586 8951 9274 
3744 385  9048 4403 864  6665 3654 8755 5976 1975 8118 7025 2916 235  4698 851  4940 4347 8500 8463 8560 4977 2440 8349 4750 9153 6710 969  8866 8595 6976 1905 1694 3435 2852 4755 4268 5955 5644 7305 7196 8559 8620 117  1648 4303 7266 4427 710  453  1570 4709 8478 4819 3422 5029 1458 5543 1734 6049 4194 6559 6924 7111 24   7571 1902 8077 6310 8373 6794 9097 7690 961  8562 439  9370 1093 1228 1823 3676 2609 6404 3389 9364 4201 898  5021 2206 5861 3694 6737 5242 7607 6814 8539 8434 9403 
1925 4104 2905 7452 5467 2484 7733 4956 275  7008 4753 9204 9475 2544 535  6672 1043 6560 5187 1360 1827 7220 6909 3320 2349 5750 399  7670 1407 4624 465  988  2889 2132 4065 3596 5373 5012 6585 6422 7815 7774 9129 9340 1341 5008 4367 7512 4511 1130 1137 2014 4757 8790 4853 9102 5267 726  5789 2892 6347 5532 6835 8226 7319 822  7819 3246 8351 6488 8691 7270 9363 8126 151  8934 757  244  1459 2404 2213 4996 2969 7916 3779 326  4621 1538 5471 2962 6301 4474 7187 5998 8087 7594 8963 9278 
4896 455  9288 4355 1152 6643 9540 8789 5964 2075 8262 7075 336  295  4816 815  9168 1241 8600 9177 8720 5229 2210 8487 4810 441  6890 987  8690 1767 7232 1965 1696 3495 2884 4773 4316 5973 5668 7287 7228 8565 8668 147  1712 3123 9104 4417 7710 4577 1576 1893 2488 4829 8952 5033 60   5549 1746 6059 4236 6583 7002 7115 42   7597 1986 8083 4542 8605 6802 9107 7718 1369 8570 443  9374 1097 1244 1831 3698 2617 6428 3391 9388 4211 914  5023 2218 5867 3722 6761 5266 7621 6826 8543 8438 9413 
2695 4968 2665 8904 5681 5580 7777 4920 1859 7038 4775 9114 9575 2256 545  6966 1055 684  1391 2000 1911 7300 7011 3410 3321 5830 483  7310 1431 9430 2121 992  2877 2144 4077 3580 5379 5024 6573 6532 7809 7844 9159 9308 1359 5072 5067 286  4529 8058 4631 2054 2721 2914 4855 9174 5287 732  5803 2934 6349 5556 6839 8292 7327 834  7835 3282 8345 5982 8885 7278 9365 8138 157  8936 761  268  1471 2428 2221 5036 2971 7948 3793 334  4637 1546 5477 2966 6311 4478 7193 6002 8089 7606 8969 9286 
5472 595  1584 4465 672  6721 1920 8687 7320 2303 8268 7325 432  265  4848 835  9264 1243 7050 1589 9040 5439 2360 8541 4930 1521 6920 999  8710 1869 8128 2055 1748 3507 2888 4767 4292 6015 5728 7317 7180 8589 8650 153  1744 3141 9232 7281 712  4579 8178 4705 2494 3579 3434 5045 72   5545 1788 6065 4302 6587 7044 7117 30   7601 2022 8095 4566 8611 6806 9101 7698 1681 8574 449  9398 1103 1252 1847 3716 2621 6436 3407 9404 4217 922  5039 2234 5869 3734 6763 5294 7639 6866 8563 8458 9419 
4165 3432 2945 9282 5735 2436 7843 5130 539  8840 4949 9234 9583 2754 565  7152 1057 5820 1393 8940 1739 7900 7029 3430 2511 5848 609  7750 1419 9490 2133 1012 2895 2204 4137 3604 5385 5044 6603 6524 7869 7780 9141 9376 1413 5296 5139 290  9459 1118 4633 8376 4763 2936 4467 3854 5269 738  5809 3006 6371 5598 6847 8298 7339 894  7837 3342 8357 6054 8891 7282 9379 8152 163  8938 769  284  1481 2452 2237 5108 2999 7972 3797 346  4639 1574 5479 2974 6317 4486 7207 6022 8093 7642 8971 9298 
3168 665  9384 4565 756  6695 3816 8701 7410 2597 9200 7301 1350 301  4944 865  9456 1247 7110 1591 8750 5841 1190 8811 4970 1089 6970 1029 8920 1809 8192 2085 1708 3537 2890 4809 4324 6021 5620 7347 7264 8601 8660 171  1808 3177 9392 7299 730  471  1586 4711 8490 4837 3448 5053 84   5561 1812 6071 4308 6589 7116 7123 54   7609 2082 8105 4614 8615 6818 9111 7730 1849 8582 457  9402 1109 1268 1861 3748 2633 6452 3413 9428 4219 926  5051 2246 5879 3742 6779 5314 7643 6898 8573 8462 9421 
4655 4224 2795 1008 5695 2508 7705 5076 833  8970 5047 360  2401 2200 623  7248 1079 6030 1397 9060 1751 8300 7047 3710 2997 5890 621  7790 1443 9560 2139 1036 2937 2140 4089 3610 5397 5050 6591 6550 7833 7850 9213 9412 1467 5392 5193 296  9549 1162 1149 2056 4769 8802 4859 9192 5293 774  5815 3012 6377 5604 6859 8334 7343 906  7849 3378 8359 6078 8899 7288 9383 8166 167  8942 773  292  1483 2468 2239 5116 3001 7988 3803 358  4643 1594 5483 2978 6323 4502 7211 6038 8101 7646 8999 9302 
5148 805  2448 4433 1176 6715 3822 8815 6138 2527 960  7381 1380 329  3180 869  4350 1253 7470 1603 180  1843 770  8619 4984 2601 6790 1023 8890 1833 8384 2235 1862 3567 2924 4833 4384 6063 5650 7329 7268 8607 8672 75   2032 3231 9488 7389 742  489  1582 1923 2504 4835 9018 5057 90   5567 1818 6077 4338 6593 7146 7133 66   7613 2094 8119 4638 8617 6824 9113 7734 2209 8590 461  9410 1117 1324 1867 3764 2647 6476 3433 9484 4229 934  5059 2258 5881 3746 6781 5318 7649 6914 8581 8482 9431 
5075 4488 3055 2268 5785 2604 7685 4884 9545 6996 5239 1260 187  2220 649  9030 1081 6060 1403 9090 1757 3468 1957 3560 3483 5896 663  7490 1479 9590 2187 1078 2943 2150 4161 3616 5421 5054 6681 6556 7845 7868 9195 9386 1503 5552 5283 310  9567 1166 1167 2074 2733 2938 4867 9210 5299 804  5833 3084 6383 5634 6865 8406 7355 942  7855 3414 8371 6114 8903 7294 9385 8168 173  8958 787  316  1487 2476 2243 5132 3011 7996 3821 362  4649 1618 5501 2986 6329 4534 7213 6046 8111 7666 9001 9314 
6624 875  2592 4505 792  6745 3906 8845 5852 2225 8148 7943 7350 437  5250 871  4380 1261 7620 1631 300  1883 5436 2071 4862 1395 7112 1107 8888 1887 8768 2265 1804 3621 2948 4887 4396 6129 5660 7383 7316 8643 8684 207  2096 3303 9584 7407 754  501  1592 1929 2506 3603 3464 5063 96   5579 1854 6085 4404 6595 7188 7135 78   7615 2118 8129 4722 8621 6830 9119 7736 2809 8598 463  9418 1123 1348 1871 3788 2657 6484 3449 9508 4231 958  5077 2302 5897 3754 6791 5326 7669 6922 8597 8486 9433 
4235 4992 2915 2352 5795 2244 7885 4998 325  7068 4825 9156 209  2730 629  420  1111 6150 1411 9150 1763 3636 1945 7596 2183 5992 3015 7912 6675 5776 555  1148 2955 2212 4155 3626 5451 5068 6693 6566 7881 7852 9219 9452 1557 5584 5337 322  81   1178 1191 2086 2757 2954 4479 3874 5305 846  5837 3114 6385 5706 6881 8412 7357 978  7859 3426 8383 6126 8909 7298 9395 8174 179  8974 797  332  1489 2524 2251 5156 3019 8012 3823 382  4651 1622 5503 2998 6337 4538 7219 6074 8117 7694 9007 9326 
6912 1015 1872 4625 924  6785 3828 8875 5922 2425 8364 7675 624  451  4830 893  4650 1267 7860 1633 450  1853 5652 2077 168  2285 7106 4635 8918 8685 8896 2355 1876 3585 2996 4899 4444 6099 5746 7359 7276 8655 8692 243  2192 3357 100  7443 776  519  1598 1941 2510 3639 3454 5065 108  5585 1884 6103 4476 6605 7212 7141 102  7619 2154 8131 4782 8633 6838 9115 7738 3481 8606 467  9422 1129 1388 1873 3812 2659 6508 3457 9524 4241 974  5081 2306 5903 3758 6793 5342 7673 6926 8599 8506 9437 
5425 5016 3115 7632 5875 2574 7805 5088 425  7098 4805 9184 625  2832 671  630  1121 6180 1417 9270 1769 3708 1961 8028 2189 546  2435 8024 6795 8464 615  1184 2967 2272 4191 3620 5457 5084 6645 6572 7887 7924 9231 9436 1587 5648 5391 328  15   1192 1203 2104 2787 2984 4497 3878 5311 852  5855 3156 6395 5748 6887 8508 7363 1002 7861 3462 8399 6186 8915 7302 9389 8194 181  8984 809  338  1493 2564 2267 5164 3023 8044 3833 386  4657 1642 5507 3022 6343 4546 7229 6082 8123 7702 9011 9346 
6732 1085 2736 4445 936  6685 3876 8729 6144 2525 8436 7775 528  305  5022 901  4740 1271 7950 1639 700  1891 5868 2095 312  2305 888  2513 8968 8865 9536 2373 940  3597 2950 4893 4448 6123 5764 7365 7328 8679 8708 261  2224 3411 196  7461 782  537  1606 1959 2522 3651 3470 5069 126  5587 1926 6107 4518 6611 7218 7145 114  7627 2202 8135 4854 8639 6842 9121 7746 3721 8614 479  9426 1151 1396 1877 3868 2663 6548 3461 9532 4243 982  5087 2326 5923 3778 6803 5354 7681 6934 8609 8518 9439 
5635 5304 3245 8112 5593 2664 7889 4590 637  7236 4925 9198 65   3078 635  7536 1133 6390 1441 9420 1781 3852 1963 8172 2191 552  2443 1254 2615 9604 645  1196 2919 2236 4179 3650 5487 5092 6657 6596 7911 7940 9273 9476 1611 5744 5409 344  21   1208 1227 2110 2811 3002 4533 3886 5315 876  5873 3174 6401 5766 6893 8622 7361 1038 7871 3522 8401 6198 8917 7306 9407 8202 191  8994 811  356  1499 2572 2269 5188 3037 8068 3847 394  4663 1646 5519 3046 6353 4562 7237 6098 8147 7706 9013 9358 
7524 1295 3312 4543 2700 6851 1320 8827 7480 2891 8514 7825 648  335  5136 889  4770 1273 8010 1643 800  1897 6012 2101 270  2321 918  2537 1608 2773 4096 2397 950  3633 2980 4929 4450 6153 5792 7413 7340 8697 8722 279  2384 3447 256  7551 790  543  1630 1977 2534 3669 3478 5071 156  5597 1956 6109 4548 6613 7284 7147 138  7631 2238 8137 4866 8651 6854 9123 7766 4489 8618 487  9434 1153 1412 1879 3884 2671 6628 3463 9556 4253 998  5099 2342 5927 3802 6823 5366 7687 6938 8623 8522 9461 
5915 6072 3145 8784 5621 5700 7973 5160 931  9570 5243 9306 35   2928 655  7614 1099 6420 1457 240  1793 3924 1967 8244 2197 570  2449 1272 2627 1992 2885 1204 3009 2180 4173 3652 5523 5140 6747 6620 7923 7876 9255 9506 1629 5872 5463 370  27   1222 1257 2114 2823 3014 4569 3890 5321 948  5891 3222 6403 5844 6901 8628 7367 1074 7891 3558 8407 6234 8921 7322 9411 8206 193  8998 821  388  1511 2588 2273 5204 3041 8108 3851 398  4673 1654 5521 3062 6359 4574 7243 6122 8161 7726 9029 9382 
7776 1435 3564 4459 3060 6853 1560 8897 7590 2989 3520 7399 816  343  5232 895  9552 1313 8220 1649 980  1903 6348 2105 264  2323 984  2519 1674 2779 2346 2987 1060 3699 3020 4947 4460 6141 5782 7437 7348 8733 8732 363  2416 3501 484  7677 806  573  1634 1983 2536 3687 3490 5079 4190 5599 1962 6115 4596 6617 7356 7153 174  7633 2274 8141 4926 8653 6856 9131 7768 5041 8626 491  9448 1163 1436 1889 3908 2677 6652 3467 9572 4259 1006 5101 2362 5939 3814 6827 5374 7691 6982 8627 8542 9463 
6125 5928 3335 8496 5551 6660 7847 5610 1183 720  5341 480  77   2250 667  7824 1115 612  1469 810  1807 4068 1969 8388 2195 594  2455 1302 2629 1998 2899 2622 3077 2254 4233 3668 5511 5150 6771 6604 7959 7942 9285 1024 1719 5968 5517 374  57   1246 1263 2134 2841 3026 4593 3896 5259 4376 5893 3228 6407 5892 6905 8724 7373 1086 7895 3594 8411 6294 8927 7330 9427 8210 197  9002 823  404  1523 2612 2281 5212 3049 8116 3853 422  4679 1658 5527 3086 6361 4586 7247 6134 8167 7754 9041 9406 
7956 1505 3888 4585 1056 6923 2040 8911 7830 3283 4160 7693 1500 371  3400 899  9558 1255 1332 1651 1100 1909 6228 2117 378  2315 966  2533 1704 2785 2424 2993 3048 3149 3038 4917 4484 6177 5828 7467 7412 8763 8756 333  2512 3573 676  7713 808  579  1670 2019 2542 3693 3502 5089 4202 5541 4568 6119 4626 6623 7362 7157 186  7637 2298 8143 4938 8657 6862 9143 7782 5329 8630 499  9454 1171 1468 1901 3932 2683 6668 3469 9596 4261 1018 5107 2374 5953 3826 6829 5378 7699 6998 8629 8546 9467 
6475 6264 3311 9396 5705 2652 7931 5640 847  1200 5203 540  91   2430 679  4000 1139 768  1405 2124 1799 4332 1981 8604 2201 696  2453 1290 2641 2046 2911 2670 3091 3294 3205 3692 5505 5194 6735 6644 8043 7964 9291 9550 1737 6064 5547 376  33   1256 1293 2146 2859 3032 4629 3914 5277 4378 5793 4738 6415 5958 6913 8766 7379 1146 7897 3606 8413 6306 8935 7334 9445 8218 199  9022 827  412  1531 2636 2287 5228 3061 8156 3863 446  4691 1678 5531 3098 6367 4594 7253 6158 8171 7762 9043 9442 
8352 1625 4176 4615 1188 6755 3936 8987 8040 3479 5440 7987 1530 413  3450 913  4960 1331 1476 1585 2628 1835 6444 2119 210  2327 930  2561 1722 2813 2370 3007 3066 3151 3624 3349 4532 6135 5876 7473 7372 8769 8764 369  2608 3609 1156 7731 824  591  1688 2031 2546 3711 3512 5091 4210 5583 4570 6009 4936 6629 7404 7165 222  7651 2334 8149 4962 8659 6872 9147 7786 6241 8634 503  9470 1181 1492 1907 3964 2687 6676 3491 16   4271 1042 5113 2386 5981 3862 6833 5386 7703 7022 8641 8566 9473 
7007 6528 3355 7938 5945 2904 7945 5112 1127 1620 5537 600  133  2460 689  1050 1157 6450 1477 2178 1735 4572 1985 8676 2227 690  2471 1410 2651 2010 2921 2706 3065 3306 3215 4002 3431 5216 6777 6692 7953 8020 9309 9580 1773 6128 5553 406  39   1258 1299 2152 2901 3034 4647 3922 5317 4382 5799 4744 6249 5074 6931 8796 7387 1158 7903 3642 8417 6366 8939 7352 9449 8230 211  9032 829  428  1543 2644 2293 5276 3067 8212 3877 454  4703 1706 5557 3106 6373 4618 7283 6166 8179 7778 9049 9446 
8640 2387 4212 4715 1092 6815 3978 8785 6204 3577 6080 8107 1740 427  3540 923  4980 1337 8340 1673 2844 1865 6498 2123 384  2329 1026 2563 1752 2807 2418 2995 3102 3155 3666 3353 4266 3521 5860 7449 7364 8787 8780 387  2672 3681 1444 7767 814  597  1702 2049 2570 3747 3514 5093 150  5603 4582 6033 4942 6459 5246 7169 246  7655 2382 8153 4974 8665 6878 9149 7802 7921 8638 509  9474 1187 1516 1913 3988 2689 6772 3499 6    4273 1046 5119 2402 5987 3866 6841 5398 7717 7034 8647 8578 9479 
9163 6240 3553 1344 5797 2646 7955 5244 175  7254 5687 7280 253  2550 703  1400 1147 6540 1501 1840 1819 4716 1991 9036 2215 702  2461 1326 2653 2130 2923 2712 3085 3318 3235 4008 3421 4530 3647 6716 8007 8032 9303 80   1791 6224 5571 410  51   1270 1317 2158 2913 3058 4659 3926 5327 954  5899 4790 6261 5090 6801 5518 7391 1182 7909 3678 8441 6378 8945 7338 9451 8234 223  9058 839  436  1549 2692 2297 5284 3079 8252 3881 458  4721 1714 5563 3118 6379 4622 7297 6178 8191 7814 9059 9458 
9360 2737 3600 4807 7560 6919 3948 8905 6324 2575 8442 8303 8960 473  6090 943  5070 1333 8330 4797 1280 1919 6876 2147 408  2335 1032 2545 1794 2827 2472 3005 3144 3161 3738 3341 4278 3551 4758 3755 7406 8805 8788 423  2768 3771 2116 7893 826  633  1730 2073 2626 3777 3526 5095 132  5609 2004 6127 4952 6483 5254 7041 5734 7663 2406 8159 5034 8683 6874 9155 7798 6889 8642 521  9478 1193 1532 1931 4036 2693 6788 3511 8    4283 1082 5147 2426 6007 3898 6857 5414 7723 7054 8663 8594 9491 
5929 6840 3619 6960 5863 5040 8041 5124 475  7272 4975 9312 247  3570 713  1470 1159 6570 1507 1520 1953 8450 2021 9252 2219 744  2479 1416 2669 2058 2929 2814 3095 3336 3263 4026 3437 4584 3649 5214 3845 8084 9339 112  1899 6352 5679 418  69   1298 1329 2162 2931 3064 4677 3928 5339 996  5905 3252 6431 5122 6807 5494 7269 5902 7913 3702 8453 6414 8947 7358 9481 8238 227  9062 853  452  1553 2708 2309 5308 3083 8276 3889 466  4723 1718 5569 3134 6389 4666 7307 6218 8209 7822 9067 9466 
7200 2431 8100 4697 3420 7337 8400 9139 6132 2645 8484 7925 1104 481  8120 949  5060 1339 8540 5031 1700 5607 2470 2149 330  2353 1122 2569 1770 2831 2442 3013 3162 3173 3768 3365 4296 3545 4794 3749 5478 3953 8804 477  2864 3789 3364 7929 830  669  1738 2103 2630 3831 3530 5097 4234 5611 2034 6139 4668 6631 5258 7053 5738 7593 6056 8173 5118 8705 6886 9167 7806 9409 8662 523  9482 1201 1556 1933 4052 2699 6796 3517 10   4289 1094 5153 2434 6011 3902 6863 5422 7727 7058 8669 8654 9497 
8281 8280 3689 5520 5831 5850 8569 6300 2057 7332 5275 9348 55   3216 697  1540 2223 6580 4329 2320 2331 440  7119 3770 2231 714  2483 1464 2681 2136 2933 2838 3097 3354 3265 4074 3427 4578 3653 5238 3841 5754 4043 176  2007 6416 5769 424  87   1304 1347 2168 2949 3070 4701 3934 5331 4390 5909 3258 6433 5988 6937 5522 7311 5912 7827 6184 8459 6482 8709 7366 9469 8242 229  9066 857  508  1559 2732 2311 5444 3089 8324 3907 478  4729 1726 5573 3142 6397 4678 7309 6238 8219 7834 9091 9502 
7920 2639 2880 4823 1980 7021 2760 9367 3780 3751 8526 8275 912  355  5424 989  5180 3393 8470 5301 1300 6003 2680 8673 5032 2369 1110 2567 1830 2839 2490 3017 3090 3197 3774 3377 4326 3569 4806 3763 5496 3959 6042 4121 2896 3879 3844 7947 854  681  1742 2127 2648 3837 3538 5105 4238 5601 4610 6157 4734 6635 7428 7171 5752 7617 6058 8031 6322 8391 6904 9169 7816 3    8666 541  9494 1213 1588 1949 4076 2707 6836 3527 14   4297 1114 5167 2446 6029 3946 6869 5426 7741 7066 8677 8674 9511 
1547 5940 3731 7440 5719 6900 8029 5720 5491 5460 5819 9432 85   3472 685  8016 1177 6650 4563 2560 2499 8900 7137 3880 3807 5960 2489 1518 2701 2214 2941 2862 3101 3390 3269 4110 3439 4602 3661 5352 3839 5784 4039 6456 4195 6544 5787 430  93   1310 1371 2198 2973 3074 4713 3938 5345 4394 5847 4792 6437 6036 6941 8838 7397 5918 7851 6190 8157 6494 8727 7390 9487 8248 233  9070 859  524  1567 2738 2333 5468 3109 8332 3911 482  4733 1754 5581 3158 6421 4682 7321 6242 8221 7838 9103 9518 
6480 2821 4800 4669 3300 7049 2970 9331 8250 6137 8190 8381 1134 365  5936 905  252  1343 8740 9471 1900 6027 2530 8757 5080 3249 7070 2573 1806 2815 2478 3029 3186 3193 3810 3379 4374 3563 4818 3781 5502 3961 6102 4135 6798 4295 5476 7983 856  687  1778 2157 2662 3849 3544 5111 198  5615 4616 6051 4958 6641 7542 7181 282  7679 6070 8049 6346 8403 6910 9179 7818 5    8682 547  9496 1217 1604 1951 4084 2711 6884 3529 22   4327 1126 5171 2458 6037 3958 6871 5438 7753 7078 8681 8678 9521 
1001 8160 3773 7680 5957 7260 8099 6210 1421 4050 6413 2100 299  3408 695  8304 1135 828  1513 2480 2541 520  7191 4030 4293 6016 561  7630 2743 2226 2935 2958 3107 3486 3277 4134 3443 4632 3665 5334 3859 5790 4061 6474 4207 7032 4369 434  111  1334 1383 2216 2991 3082 4737 3962 5353 1014 5911 4808 6267 5126 6943 8868 7403 1194 7939 6194 8187 6526 8751 7414 9505 8264 239  9074 863  548  1571 2764 2339 5492 3119 8348 3917 502  4751 1762 5591 3166 6427 4694 7331 6274 8231 7846 9109 9566 
4320 2717 2160 4879 3840 7163 3000 9191 8360 3703 7290 8591 840  493  5994 917  288  1285 1452 1679 2900 6039 1330 8901 5110 4761 7030 1131 8930 2881 2538 3031 3210 3223 3834 3383 4344 3587 4902 3785 5538 3973 6162 4141 6810 4307 7314 4429 872  699  1784 2181 2666 3867 3562 5123 204  5617 2076 6145 4966 6537 5272 7183 258  7661 2454 8185 6376 8409 6946 9183 7864 7    8686 557  9498 1223 1636 1973 4124 2713 6892 3533 26   4337 1138 5179 2462 6043 3974 6883 5458 7757 7082 8689 8698 9533 
1309 9000 3857 8580 6251 7380 8113 6360 1519 4400 5887 780  319  3640 731  4020 1141 972  1415 2196 1817 280  7227 4040 4779 6040 651  7810 1533 400  2947 2886 3113 3534 3281 4152 3455 4674 3679 5358 3865 5838 4045 6486 4213 7014 4379 7518 4531 1336 1389 2222 3027 3110 4749 3970 5357 1062 5917 3324 6439 5128 6819 5528 7405 1266 7915 3714 8465 6538 8781 7426 9489 8270 241  9082 877  556  1579 2804 2341 5524 3121 8356 3919 514  4759 1766 5623 3194 6449 4702 7333 6326 8233 7858 9127 9574 
4680 2849 3120 4921 3900 7259 3480 9269 8520 3757 7360 8183 1710 517  6510 979  5310 1349 1548 1655 2988 1921 1610 8991 5170 6561 7144 1113 8990 1917 160  3043 3198 3199 3894 3385 4386 3589 4890 3787 5562 3977 6168 4145 6834 4309 7368 4435 7944 4589 1786 2199 2674 3873 3586 5127 4294 5627 2148 6155 4764 6649 5282 7071 5762 7709 2514 8189 5142 8711 6974 9197 7870 11   8696 563  9514 1229 1676 1979 4132 2719 6932 3539 34   4339 1142 5189 2474 6047 3986 6899 5462 7759 7094 8693 8714 9539 
1463 7020 4081 1440 6061 7740 8177 8820 2299 9450 6253 660  119  2580 737  1820 1189 6760 1517 2412 1745 4932 2033 3910 4941 6104 3075 8216 1491 2500 2163 460  3103 3498 3287 4182 3473 4686 3667 5370 3869 5874 4055 6504 4223 7062 4381 7602 4535 8088 4645 2242 3039 3112 4791 3982 5349 4402 5933 3372 6443 6066 6953 5546 7323 5944 7957 3786 8471 6522 8953 7374 9493 8282 251  9106 881  578  1583 2836 2347 5596 3137 8396 3923 526  4783 1774 5639 3202 6451 4714 7349 6334 8237 7862 9133 9578 
5400 3059 3240 4991 4500 7189 2280 9361 4200 3887 6930 8957 1650 469  3660 1003 5340 1351 8670 1661 3042 1895 6516 2167 5240 7569 7208 4815 9064 1971 200  2379 1150 3227 3912 3397 4422 3595 5064 3791 5592 3979 6222 4151 6858 4313 7398 4439 7986 4595 8274 4717 2678 3891 3590 5129 4246 5613 4630 6161 4812 6667 7572 7195 5786 7629 6062 8201 5154 8717 6906 9193 7842 13   8702 569  9526 1231 1682 1987 4156 2729 6962 3541 38   4349 1154 5197 2498 6053 3994 6907 5482 7789 7114 8699 8726 9547 
1729 6600 3913 8880 6083 7650 8239 6630 2783 7980 6647 2940 323  2610 707  4180 1169 6780 1529 2960 1829 5004 2005 9468 2249 6118 3195 8056 7065 448  2193 490  3021 2260 3293 4170 3493 4728 3683 5430 3883 5886 4069 6648 4237 7074 4385 7566 4541 8106 4661 8382 4765 3122 4803 3992 5359 4430 5853 4814 6445 6108 6973 8916 7409 5930 7863 6202 8473 6530 8977 7386 9509 8286 257  9110 883  596  1597 2876 2351 5618 3163 8444 3929 538  4787 1814 5641 3214 6469 4742 7351 6338 8243 7886 9137 9586 
3960 3367 2640 5083 4860 7469 3510 9317 8320 4477 5670 8833 9100 527  3630 959  5490 1357 8730 1687 2300 1927 6948 2155 456  2363 7192 4905 9086 8955 224  2403 1180 3657 3050 3401 4470 3599 5010 3799 5658 3983 6312 4163 6846 4315 7446 4469 7890 4601 8310 4727 8502 4841 3592 5131 228  5629 4634 6081 4978 6671 7578 7199 318  7697 6088 8061 6386 8457 6986 9211 7874 17   8706 571  9530 1237 1684 1993 4196 2731 6964 3547 46   4357 1174 5209 2518 6067 3998 6911 5498 7793 7118 8707 8746 9551 
2093 9120 4277 8910 6097 8460 8323 6750 1813 5200 7139 3150 341  3990 767  4230 1199 6860 1537 3280 2709 640  2041 9522 2245 798  2491 8246 7275 704  705  1274 3051 2312 4239 3718 3503 4710 3707 5406 3899 5910 4063 6594 4247 7134 4393 7530 4537 8070 4667 8418 4777 8808 4873 9222 5363 1068 5921 4826 6297 5134 6979 8982 7415 1338 7961 6206 8193 6554 8817 7430 9501 8290 263  9118 887  604  1601 2908 2357 5636 3167 8452 3931 542  4789 1822 5647 3218 6473 4754 7369 6362 8263 7894 9151 9598 
5280 3451 4560 5117 4140 7511 3720 9373 8370 3871 8000 8959 1890 533  7770 1007 5550 1363 8850 1691 2420 6069 2750 2159 462  2395 1218 2587 9088 9375 308  2445 1888 3615 3052 4965 4556 3601 5106 3805 5694 3997 6330 4169 6870 4319 7458 4453 7998 4607 8322 4735 8616 4843 9078 5137 234  5633 2166 6167 4982 6609 5288 7201 354  7711 2526 8197 6394 8499 6994 9201 7882 19   8718 577  9538 1249 1724 1997 4204 2741 6988 3557 58   4363 1186 5227 2554 6073 4006 6917 5506 7817 7142 8713 8782 9587 
2261 7800 4301 1800 6149 8550 8393 7080 2009 6800 9009 3040 377  2310 779  1960 1207 6820 1541 3440 2583 760  7533 4070 2263 858  2495 1554 2705 832  795  1276 2985 2324 4209 3796 5529 5260 3713 5394 3893 5934 4087 6690 4249 7170 4387 7608 4553 8094 4681 8466 4771 8862 4883 9246 5371 1098 5935 3396 6455 5138 6843 5542 7421 1362 7967 3846 8483 6568 8859 7432 9507 8302 269  9138 907  628  1607 2932 2371 5692 3169 8516 3943 554  4793 1838 5651 3226 6481 4762 7393 6374 8269 7934 9157 9602 
5760 3157 6000 5159 5100 7553 4440 9401 8760 3971 9280 6237 2720 551  8680 8721 5390 3933 9020 3969 3100 6111 2840 8967 5192 2359 1128 2581 1896 2845 352  2451 1924 3723 3068 4983 4540 6183 5908 3809 5730 3991 6258 4171 6882 4321 7464 4471 8022 4609 8328 4739 8646 4849 9042 5141 276  5645 2172 6169 4842 6677 5306 7113 5770 7721 2586 8203 5178 8735 7006 9217 7898 23   8728 587  9542 1259 1732 1999 4244 2749 7012 3559 62   4373 1198 5231 2558 6079 4022 6947 5534 7823 7162 8719 8794 9601 
1771 9180 4123 2340 6293 8800 8449 6270 2023 7500 6223 2080 4851 3200 7293 3220 2907 6880 6279 3760 2793 680  7353 4120 5427 6110 2497 1482 2723 2262 2965 1312 3111 2332 4215 3772 5559 5252 6789 6728 3901 5970 4097 6666 4265 7194 4399 7626 4555 8142 4685 8472 4781 9006 4885 9336 5377 1164 5941 3438 6457 6246 6989 5558 7341 5954 7979 3858 8479 6546 8981 7422 9517 8312 271  9142 911  652  1609 2956 2377 5708 3181 8524 3947 562  4799 1858 5653 3238 6491 4766 7411 6382 8273 7978 9161 4    
6120 3289 4080 5453 4950 7429 4290 9499 9480 4067 900  8477 2600 7497 3680 8019 5740 3627 9350 5103 3380 6321 2920 9027 5248 8649 7160 2599 1914 2855 2562 3035 1892 3753 3104 4953 4564 6213 5978 7479 7450 4009 6342 4181 6942 4331 7482 4487 8034 4613 8346 4741 8742 4847 9096 5143 294  5671 2286 6179 4878 6683 7692 7223 5798 7647 6086 8207 5262 8743 6918 9223 7906 29   8734 593  9544 1277 1756 2003 4252 2753 7036 3571 74   4391 1202 5233 2566 6089 4034 6949 5554 7829 7166 8731 8818 1    
2233 9600 4147 2400 6307 8700 8533 7040 2107 7600 6419 990  161  2860 8379 4420 2673 7400 7749 4240 2961 920  7581 4264 735  6136 627  7880 2747 2322 2951 2982 3127 2336 4245 3836 5595 5324 6837 6740 8103 8134 4103 6726 4267 7230 4411 7638 4559 8130 4687 8430 4811 8814 4891 9330 5389 1206 5947 3474 6463 6252 6995 9012 7427 5962 7899 6214 8485 6558 8983 7474 9523 8326 277  9146 919  668  1613 2972 2381 5716 3187 8548 3967 566  4801 1874 5657 3242 6521 4778 7417 6406 8287 8002 9173 2    
