8064 9775 2772 3335 8008 6885 2912 7425 6188 9315 7448 3825 9568 3465 3952 6615 8944 1575 9196 5145 3712 8715 4862 1935 7112 5895 8866 105  1856 1515 572  2985 2204 4395 3892 5871 5450 7329 7180 8769 8756 279  2768 3879 40   8361 994  771  1912 2271 2794 3845 4152 4379 6018 4891 8178 5465 486  6031 3156 6605 6492 7195 66   7751 2634 8299 5614 7041 6398 8511 7288 9523 8168 79   8974 661  9794 1373 1844 2113 4388 2887 7244 3701 82   4547 1226 5417 2594 6263 4106 7127 5606 8053 7262 8933 8926 
3575 3024 1615 1848 4715 2464 7695 5096 4455 6664 5265 9016 6525 3536 5775 6256 8085 5408 2415 2552 7455 4408 525  6136 3735 7912 8025 9614 615  6848 2235 1372 3753 3052 5205 4708 6531 6358 7923 7876 9381 9716 1791 6928 5931 530  177  1448 1497 2378 3099 3322 4105 5064 4631 7170 5201 9462 5765 1734 6371 4812 6931 8214 7439 1194 8021 4146 8557 6014 7851 6824 9223 7734 9793 8598 359  9422 1019 724  1733 3092 2521 5836 3323 8828 4127 614  4973 1906 5827 3326 6701 4846 7583 6506 8521 8098 9391 
9072 6875 5292 3445 2268 5945 3808 9405 6272 8775 8096 6075 9724 4725 4784 5985 9776 2205 1144 5565 3784 9345 5336 2115 7192 5715 8888 135  1984 1545 608  3051 2212 4509 3916 5817 5452 7305 7196 8787 8780 333  2864 3951 56   8433 1010 789  1918 2283 2806 3849 3674 4381 6042 4897 8310 5473 492  6041 3222 6611 6564 7199 102  7763 2658 8309 5622 8813 6410 8529 7294 9529 8174 83   8984 677  64   1381 1852 2129 4412 2897 7292 3709 86   4549 1234 5419 2602 6269 4126 7129 5638 8059 7274 8941 8962 
4675 4368 1595 2856 4615 756  6955 5152 6435 6944 2925 9044 6975 2288 5355 6448 8505 5888 2625 2584 7665 4472 735  6232 3975 8024 8055 9656 645  6976 2265 1484 3765 3068 5211 4660 6549 6356 7845 7924 9393 9772 1899 6896 5949 536  159  1462 1509 2390 3117 3346 4115 5106 4633 7194 5191 9366 5767 1746 6377 4842 6937 8226 7441 1266 8023 4206 8561 6026 7863 6830 9229 7736 9771 8606 367  9426 1021 764  1741 3148 2531 5884 3329 8852 4129 622  4987 1934 5839 3334 6703 4874 7589 6514 8527 8102 9397 
6048 3025 4788 3355 2352 5885 2394 8215 6496 8415 8288 5175 7168 9675 4048 7875 9328 3675 1408 6195 3848 8835 5368 2175 7144 5925 8918 165  2368 1605 644  3081 2254 4503 3940 5883 5516 7347 7228 8805 8788 363  2896 3897 70   8427 1016 807  1928 2307 2810 3839 4182 4385 6162 4907 8322 5485 516  6049 3228 6613 6606 7201 138  7765 2694 8315 5626 7053 6430 8553 7298 9527 8194 89   8994 673  12   1399 1868 2131 4418 2903 7324 3719 94   4561 1238 5431 2606 6271 4138 7151 5666 8069 7286 8951 8966 
5225 4536 1625 3192 4745 1152 6985 3876 9085 6916 2475 9184 8325 2128 3315 6992 8925 6292 3045 2728 7965 3542 855  6104 4005 8056 8145 9688 705  7232 2355 1504 3783 3050 5217 4756 6585 6364 7953 8032 9417 9796 2007 7024 6057 568  183  1474 1527 2398 3147 3352 4117 5214 4645 7242 5195 9528 5771 1788 6383 4878 6941 8292 7445 1338 8027 4254 8567 6034 7899 6838 9233 7738 9777 8614 373  9434 1031 772  1747 3188 2539 5924 3331 8884 4133 626  4993 1942 5843 3338 6709 4882 7591 6518 8537 8114 9403 
6552 7225 5376 3485 7938 5995 2604 8255 5082 575  7904 5445 3136 1485 4144 3375 9424 945  1496 6279 3944 9585 5278 2325 7208 6165 8968 195  2624 1635 736  3021 2260 4431 3860 5889 5536 7359 7264 8799 8804 369  3056 3987 88   8469 1022 813  1930 2319 2822 3865 4218 4387 6102 4915 8274 5489 558  6059 3174 6617 6684 7217 114  7769 2766 8321 5630 7071 6446 8571 7306 9535 8206 97   8998 683  18   1409 1916 2137 4436 2909 7388 3727 106  4567 1262 5437 2614 6277 4162 7159 5674 8081 7318 8963 8986 
6325 6384 1705 3864 4895 1092 7015 3948 9095 6174 2675 9464 9075 2576 2565 6656 9135 7436 3255 3256 7995 4088 825  6118 4365 8162 8175 9752 885  8128 2373 1450 3759 3104 5253 4768 6573 6368 7959 7940 9399 1024 2043 7184 6093 574  201  1490 1563 2410 3153 3358 4121 5010 4661 7266 5207 9390 5773 1812 6385 4908 6943 8298 7447 1362 8033 4314 8579 6056 7941 6842 9235 7746 9797 8618 379  9448 1033 788  1753 3236 2543 5932 3343 8948 4139 634  4999 1954 5849 3386 6719 4894 7603 6542 8539 8146 9413 
8568 8125 5796 3515 8784 6035 2574 8245 5112 605  7254 5575 1456 2295 4592 3795 9728 1785 1672 6405 3968 9435 5432 2385 7238 6225 9064 255  2752 1659 580  3111 2236 4521 3950 5901 5540 7383 7316 8823 8860 387  3088 4107 104  8523 1030 831  1946 2361 2824 3859 4170 4393 6168 4913 8328 5497 522  6065 3252 6623 6714 7223 174  7771 2742 8327 5646 8851 6454 8583 7322 9553 8202 101  9002 691  20   1423 1922 2141 4468 2917 7442 3733 118  4583 1282 5441 2638 6287 4166 7177 5686 8087 7342 8969 9014 
6175 3696 1885 4158 4945 792  6895 3996 8995 6318 2725 8484 7925 3248 2805 6832 4185 7424 3885 2944 7755 3976 1035 6248 4335 8216 8475 784  795  8192 2379 1460 3801 3116 5271 4780 6591 6412 8007 7942 9423 80   2061 7088 6147 584  213  1498 1569 2414 3183 3368 4141 5190 4667 7230 5213 9510 5777 1818 6395 4986 6953 8334 7463 1374 8035 4362 8587 6054 8947 6856 9237 7766 9799 8626 383  9454 1039 796  1759 3244 2549 5948 3347 8956 4153 662  5003 1966 5851 3394 6733 4918 7607 6598 8543 8158 9419 
5544 4225 6468 3565 8624 6095 2664 8015 5244 175  7272 5675 9348 65   4816 3705 8848 4875 2024 6783 4264 9735 5504 2535 7304 6255 9086 285  3008 1677 620  3129 2272 4539 3956 5907 5548 7365 7268 8841 8864 423  3152 4041 110  8577 1034 843  1958 2391 2830 3867 3682 4399 6222 4927 8358 5513 564  6071 3258 6629 6756 7231 186  7783 2778 8333 5654 8857 6378 9077 7330 9543 8210 103  9022 701  28   1427 1948 2143 4492 2927 7444 3739 122  4591 1286 5443 2642 6299 4174 7187 5702 8089 7346 8971 9026 
5525 7728 2015 4872 5015 924  7055 4056 9125 6204 2825 8514 8275 912  335  7216 4485 2156 6045 3608 7905 4186 1125 6314 4425 8246 8595 9758 915  8384 2397 1508 3813 3124 5235 4828 6645 6422 8043 7964 9429 176  2097 7312 6219 590  219  1510 1623 2422 3189 3370 4119 3842 4681 7314 5219 9534 5809 1854 6401 5028 6973 8406 7453 1398 8045 4398 8593 6062 8977 6774 9247 7768 9    8630 389  9470 1049 844  1777 3284 2551 5956 3359 8972 4157 674  5009 1982 5857 3398 6737 4934 7621 6602 8563 8182 9421 
7392 9025 6804 3655 9396 6205 2646 8305 5124 725  7326 5725 9372 35   3726 685  9296 5535 8092 7125 2408 2025 5434 2655 7336 6675 9088 297  3392 1695 812  3165 2312 4551 4012 5943 5564 7413 7276 8853 8908 477  3184 4149 128  8703 1048 849  1970 2427 2834 3869 3686 4299 3938 4955 8346 5515 636  6085 3324 6631 6822 7235 222  7781 2802 8335 5662 7113 6466 9079 7302 9557 8218 107  9032 709  32   1429 1964 2153 4516 2939 7468 3761 134  4597 1294 5449 2654 6301 4178 7193 5714 8093 7354 8999 9034 
7475 5712 2035 4914 5035 1056 7085 4116 9145 6396 3125 8526 8405 1392 355  5994 905  3388 6345 616  8235 4424 1215 6328 4545 8294 8685 2704 1005 8768 2403 1564 3819 3140 5289 4796 6603 6550 8103 8020 9447 112  2151 7408 6309 598  237  1526 1641 2438 3207 3374 4135 3854 4461 4094 5245 9546 5789 1884 6403 5046 6979 8412 7465 1434 8047 4434 8603 6058 7971 6854 9253 7782 25   8634 397  9474 1051 892  1783 3292 2557 5972 3361 8978 4159 694  5011 1994 5861 3418 6761 4946 7639 6614 8573 8186 9431 
8316 1235 7308 3685 1344 6235 2898 8375 5166 775  7332 5825 9432 85   3792 695  7824 1135 8036 7155 2618 5625 5474 2745 7378 6705 9112 231  3776 1743 650  3171 2332 4623 3980 6021 5566 7437 7328 8877 8876 507  3376 4113 130  8739 1054 879  1978 2433 2872 3873 3688 4317 3962 4647 4234 5509 666  6077 3372 6635 6828 7241 246  7787 2874 8339 5672 7131 6470 8637 7352 9563 8234 109  9058 719  44   1433 1996 2161 4604 2953 7484 3767 142  4603 1306 5471 2722 6311 4198 7207 5722 8101 7382 9001 9038 
8075 9744 1955 5208 5125 1176 7205 3978 9185 6372 3175 8532 8425 1134 365  6288 955  9456 1255 1064 8385 4466 1395 6392 4575 8398 8865 4624 1029 9320 2409 1550 3939 3164 5307 4820 6657 6532 8115 8084 9453 272  2169 7376 6381 602  249  1528 1671 2456 3261 3382 4143 3874 4467 4102 4803 4366 5803 1926 6407 5052 6989 8508 7471 1506 8051 4458 8605 6086 7977 6862 9249 7786 49   8642 401  9478 1061 908  1787 3308 2579 5996 3371 9004 4177 698  5021 2018 5867 3442 6763 4954 7643 6626 8581 8198 9433 
8736 935  7644 3625 9648 6215 2784 8155 5256 245  7416 5975 9438 95   3984 745  8016 1145 588  1385 2632 3645 5512 2775 7384 6795 9128 345  3904 1749 740  3201 2324 4587 4018 5973 5612 7449 7348 8895 8954 531  3568 4167 136  8793 1066 921  1990 2463 2882 3891 3704 4341 3970 4659 4246 4911 4454 6107 3396 6641 6852 7249 258  7795 2922 8341 5678 7143 6472 8661 7334 9561 8230 113  9062 727  50   1439 2012 2179 4612 2957 7492 3769 146  4621 1318 5477 2734 6317 4222 7211 5758 8111 7394 9007 9046 
7975 2016 2125 6006 5185 1248 6965 4092 9205 6324 3275 8544 8675 1488 395  6576 965  9552 1285 972  1555 4522 1305 6344 4635 8296 8955 1936 1065 8896 2451 1580 3993 3172 5295 4832 6681 6524 8205 8132 9465 208  2259 7472 6471 610  267  1534 1689 2482 3273 3406 4145 3878 4479 4118 4821 4354 5097 4568 6415 5058 6995 8622 7483 1446 8057 4506 8611 6070 7989 6872 9259 7798 121  8638 409  9482 1063 916  1789 3316 2591 6044 3373 9068 4201 706  5023 2026 5869 3446 6779 5006 7649 6638 8597 8222 9437 
9576 715  7812 3895 1728 5845 2904 8365 5346 845  7434 6025 9486 115  4272 755  8304 1165 612  1405 1548 1735 5576 3015 7462 7065 9176 273  4288 1767 748  3219 2336 4605 4028 5955 5572 7467 7364 8931 8924 549  3632 4311 152  8847 1070 933  2006 2469 2914 3883 4242 4405 3982 4677 4294 4971 4456 5259 4658 6649 6894 7255 282  7799 2946 8345 5682 8873 6478 8691 7358 9565 8238 127  9066 733  52   1447 2036 2203 4652 2963 7508 3779 158  4637 1322 5479 2746 6323 4226 7213 5774 8117 7402 9011 9094 
7865 3528 2185 6216 5135 1188 7285 4128 9215 6408 3425 8556 8725 1536 415  6642 985  9558 1315 1044 1565 2196 1835 6424 4815 8344 9375 5776 1095 9536 2445 1612 3855 3146 5319 4844 6693 6556 8229 8134 9483 304  2313 7792 6543 632  291  1544 1707 2486 3279 3422 4163 5226 4685 4142 4827 4376 5127 4570 5433 4808 7003 8628 7493 1542 8063 4542 8615 6078 8953 6878 9263 7802 169  8662 419  9494 1069 932  1801 3356 2593 6092 3389 9076 4211 718  5039 2038 5879 3466 6781 5042 7669 6646 8599 8254 9439 
7056 1045 9324 3835 2112 6055 2952 8395 5236 925  7476 6275 9492 125  4656 781  8586 1169 684  1415 1692 1745 2988 1915 7544 7275 9256 357  4544 1809 836  3243 2356 4611 4046 6015 5588 7473 7340 8937 8950 603  3664 4203 154  8919 1090 939  2008 2481 2930 3893 4266 4411 6258 4939 4298 4989 4462 5277 4670 5619 4906 7261 366  7801 2994 8347 5718 8879 6414 9083 7338 9569 8248 131  9070 739  68   1451 2084 2207 4684 2969 7516 3793 166  4639 1346 5483 2762 6329 4258 7219 5794 8123 7418 9013 9098 
8525 3276 2255 6426 5365 1224 7345 4248 9455 6432 3475 8652 8825 1776 445  6672 995  288  1337 1116 1585 2412 1853 3636 1969 8456 9495 8464 1107 9490 2553 1652 3945 3196 5343 4876 6735 6566 8277 8150 9519 368  2367 7664 6597 638  303  1558 1713 2488 3291 3448 4151 5238 4687 7368 5221 4378 5163 4582 5469 4814 5793 4990 7501 1578 8065 4566 8617 6088 8981 6886 9271 7806 289  8666 421  9496 1087 956  1811 3362 2609 6124 3391 9092 4217 734  5051 2042 5881 3482 6791 5062 7673 6658 8609 8258 9461 
4032 1265 1512 3875 2496 6265 2976 8435 5382 1025 7548 6425 9516 145  4848 785  8592 1177 6180 1477 1908 1763 300  1927 4332 2005 9272 351  7720 1869 820  3237 2492 4665 4064 6063 5644 7479 7372 8943 8980 639  3728 4383 170  8973 1096 951  2014 2487 2936 3899 4278 4415 6312 4963 8376 5539 4490 5331 4696 5631 4910 5979 5074 7807 3018 8351 5690 7149 6488 8709 7390 9571 8242 137  9074 743  76   1453 2092 2213 4724 2971 7556 3797 178  4643 1354 5501 2798 6337 4262 7229 5806 8147 7438 9029 9122 
9295 4284 2365 6888 5335 1368 7375 4392 9265 6534 3725 8658 8869 1782 485  6966 1003 4340 1343 7540 1649 2960 1883 3468 1981 5364 2105 9604 1131 9430 2607 1666 3999 3212 5373 4850 6747 6572 8169 8164 9531 464  2421 7856 6627 646  309  1562 1731 2494 3309 3434 4169 5334 4705 7398 5249 9618 5833 4610 5493 4826 5799 4994 6087 5174 8071 4614 8621 6094 8013 6874 9267 7816 361  8682 431  9498 1091 964  1823 3412 2617 6172 3407 9124 4219 746  5059 2062 5897 3494 6793 5078 7681 6662 8623 8266 9463 
9408 1375 2184 3905 3264 6305 3036 8455 5412 1075 7584 6419 660  161  4698 791  4600 1683 6500 5313 9500 9471 1280 1937 4572 2045 6348 2165 4672 1833 850  3333 2350 4671 4108 6099 5620 7491 7412 8961 8992 657  3824 4491 182  9081 1102 993  2054 2517 2938 3901 4296 4427 6342 4979 8382 5543 708  6103 4706 5637 4922 5991 5090 6261 5258 8357 5710 7167 6482 8727 7366 9573 8264 139  9082 751  92   1459 2164 2221 4748 2999 7604 3803 194  4649 1366 5503 2818 6343 4274 7237 5818 8161 7454 9041 9134 
9425 4704 2375 7224 5395 1386 7505 4004 9545 6588 3775 8664 8957 1530 533  3660 1007 4550 3519 8200 8463 3440 2499 7300 1991 5436 2149 7092 2215 9664 2613 1660 4011 3232 5379 4964 6771 6596 8241 8180 9579 512  2439 8048 6651 658  321  1570 1761 2504 3327 3454 4171 5352 4699 7446 5251 9624 5815 1956 6431 4856 5847 5002 6117 5176 6411 5410 6801 6106 8031 6904 9287 7864 529  8686 433  9514 1093 1004 1831 3428 2621 6196 3413 9148 4229 758  5077 2066 5903 3506 6803 5086 7687 6686 8627 8278 9467 
9504 1105 9702 3965 3648 6355 3096 8555 5418 1175 7668 6575 9588 203  2550 803  4900 1881 6580 4437 9460 5103 1300 5229 1880 2071 6444 2191 8388 2305 868  3363 2444 4683 4148 6123 5650 7503 7406 8949 8996 711  3856 4419 184  9117 1106 1011 2056 2559 2954 3903 3706 4417 6330 4997 8418 5533 732  6109 3438 6667 4936 5997 5122 6267 5272 6621 5726 7179 6494 8751 7414 9577 8270 149  9106 757  98   1471 2188 2237 4772 3001 7628 3821 202  4651 1382 5507 2846 6353 4282 7243 5834 8167 7466 9043 9166 
7735 8448 2405 7182 5375 1404 7385 4428 9515 6612 3925 8748 8975 1968 553  3690 1027 5180 3393 8260 5301 3280 2541 7900 7839 2870 2159 7164 2245 9522 2395 1628 4023 3260 5397 4972 6777 6604 8283 8188 9597 496  2493 7984 6687 664  327  1576 1779 2506 3351 3464 4181 5358 4709 7458 5255 9666 5837 1962 6433 5094 7009 5014 6159 5198 6423 5416 6807 6130 8049 6910 9289 7818 841  8696 439  9526 1097 1028 1847 3436 2633 6212 3433 9172 4231 766  5081 2078 5923 3518 6823 5098 7691 6694 8629 8306 9473 
6336 7105 7296 3995 4416 6335 2964 8585 5586 1325 7686 6647 9594 155  4944 793  420  1189 6650 4653 9620 693  1700 5439 1870 9633 4690 2197 8604 2315 216  2455 2366 4731 4114 6129 5660 7521 7450 8979 9028 747  4016 4527 190  9171 1112 1041 2074 2571 2984 3909 3730 4429 6402 4981 8472 5545 726  6115 3474 6671 6924 7265 5126 6297 5282 6639 5734 7197 6526 8781 7426 9589 8282 151  9110 761  116  1481 2228 2239 4804 3011 7652 3823 206  4657 1402 5519 2854 6359 4286 7247 5854 8171 7478 9049 9182 
8645 8712 1715 4176 4795 1632 7535 4256 9581 6636 4075 8844 8959 2064 505  7152 1037 5060 3627 8330 5247 3760 2583 8300 8001 3410 4941 6230 2249 9684 2419 384  2515 3296 5385 4988 6789 6620 8289 8204 9591 592  2523 8144 6759 670  339  1586 1797 2510 3369 3470 4183 5370 4711 7464 5257 9774 5855 2004 6437 5172 7031 8724 7495 5206 6429 5446 6819 6142 8061 6946 9299 7842 961  8702 443  9530 1103 1052 1861 3452 2647 6236 3449 9188 4241 778  5087 2098 5927 3554 6827 5102 7699 6718 8641 8314 9479 
9792 7175 7176 3395 5568 6365 3108 8515 5664 1445 7704 6713 780  217  5104 799  630  1207 6860 4617 9760 819  1900 5607 2090 9387 4730 459  7750 2329 264  2483 462  2581 4172 6135 5668 7539 7456 8985 9052 801  4112 4689 230  9189 1118 1047 2086 2577 3002 3921 3736 4439 6438 4985 8466 5549 738  6119 3516 6677 7002 7271 318  7811 5288 6663 5738 7233 6530 8817 7430 9593 8286 157  9118 769  124  1483 2252 2243 4852 3019 7724 3833 214  4663 1418 5521 2858 6361 4306 7253 5878 8179 7522 9059 9194 
5005 8928 1855 4212 4865 1656 7565 4312 9595 6678 4175 8772 9251 1710 559  6440 1067 5070 1349 8470 5589 4240 2709 8450 8091 3230 5427 6280 1113 9560 2429 408  2537 690  2641 5012 6837 6644 8313 8224 9615 656  2529 8368 6813 682  381  1582 1803 2522 3387 3478 4187 5394 4717 7482 5263 9786 5891 2034 6439 5196 7033 8766 7513 1614 8077 5464 6843 6146 8067 6974 9301 7870 1369 8706 449  9538 1109 1058 1867 3508 2657 6268 3457 9236 4243 794  5099 2102 5939 3566 6829 5114 7703 6722 8647 8318 9491 
7344 7525 7656 3535 5832 6409 3234 8695 5628 1475 7848 6725 9612 259  2610 817  1050 1199 6420 1501 5120 1071 2300 6027 2120 9513 4750 429  7790 1887 860  2489 546  2603 870  2747 5728 7485 7502 9015 9056 867  4208 4581 232  9279 1130 1059 2104 2589 3014 3935 4326 4435 6456 5027 8430 5561 846  6127 3546 6683 7044 7273 354  7813 3054 8359 5752 7251 6538 8859 7432 9599 8290 163  9138 773  148  1487 2276 2251 4868 3023 7732 3847 218  4673 1438 5527 2866 6367 4322 7283 5906 8191 7534 9067 9206 
7315 5184 2065 4464 5215 1824 7585 4446 9605 6688 4205 8946 8993 1650 581  4020 1073 5310 1351 7860 1643 4720 2793 8900 8037 3560 5751 6290 1161 9590 2619 1690 2519 714  2651 1026 2827 6692 8319 8236 9645 688  2547 8336 6849 686  393  1592 1821 2534 3453 3502 4189 5406 4727 7506 5267 144  5873 2076 6443 5268 7037 8796 7519 1626 8083 4638 8633 6152 8079 6986 9305 7874 1681 8718 457  9542 1117 1076 1871 3524 2659 6284 3461 9244 4253 802  5101 2122 5953 3574 6833 5158 7717 6742 8663 8354 9497 
7488 7595 7722 3605 5952 6565 3132 8635 5688 1525 7788 6775 9636 287  2580 851  1120 1219 6390 1507 9060 1769 2420 6069 2360 9537 4810 399  7810 1971 884  3297 2516 2587 888  2759 1218 2893 7460 9021 9116 873  4304 4707 238  9297 1162 1077 2110 2631 3026 3937 4344 4453 6474 5017 8478 5567 774  6139 3582 6697 7116 7277 402  7819 3126 8371 5762 7269 6554 8871 7474 9607 8302 167  9142 787  164  1489 2284 2267 4892 3037 7796 3851 226  4679 1454 5531 2878 6373 4358 7297 5914 8209 7538 9091 9242 
6545 8892 2135 4608 5285 1836 7625 4452 9635 6708 4325 8874 9175 2106 583  6510 1079 5340 1357 7950 1651 3750 1891 9700 8109 3010 5913 6490 1173 9640 2667 1696 4017 3268 2653 1032 2831 1326 2959 8284 9669 752  2637 8656 6921 710  411  1598 1839 2536 3459 3490 4193 5430 4739 7512 5269 9798 5899 2148 6445 5274 7045 8838 7531 1662 8095 4722 8639 6154 8097 6994 9307 7882 1849 8728 461  9544 1123 1084 1873 3532 2663 6316 3463 9332 4259 818  5107 2126 5981 3578 6841 5182 7723 6746 8669 8402 9511 
5616 8225 7752 3745 7104 6479 3384 8723 5724 1675 7866 6727 9696 185  5022 869  1400 1241 6450 1513 9090 1781 450  1939 2440 9603 4930 483  7880 1917 928  3345 2528 4695 4192 2761 1230 2921 1554 3005 9164 909  4336 4923 248  9351 1166 1101 2114 2643 3032 3941 4374 4469 6486 5033 8490 5579 804  6145 3684 6707 7146 7279 426  7831 3138 8383 5770 7311 6562 8889 7486 9609 8312 173  9146 797  172  1493 2308 2269 4916 3041 7804 3853 254  4691 1466 5557 2894 6379 4406 7307 5926 8219 7558 9103 9274 
8855 9216 2345 5328 5405 1428 7645 4512 9415 6786 4361 7290 9359 2256 515  7248 1081 5390 1363 8220 1661 4880 1897 3708 2021 3430 6399 6520 1209 9730 2679 1694 4035 3404 5421 5024 2839 1410 2951 1722 3071 848  2763 8912 6957 712  417  1606 1851 2542 3489 3512 4195 5448 4735 7566 5287 324  5893 2166 6455 5316 7051 8868 7543 1686 8105 4782 8651 6170 8121 7006 9313 7898 2209 8734 463  9554 1129 1108 1877 3548 2671 6332 3467 9356 4261 838  5113 2138 5987 3602 6857 5186 7727 6778 8677 8422 9521 
8208 8575 7992 3815 7872 6625 3348 8687 5676 1775 7884 6811 990  301  5136 815  8688 1247 6540 1517 9150 1793 2900 1961 4716 2077 4970 513  7910 1947 992  3405 2596 4755 4214 6141 5764 2899 1566 3013 1830 3113 4432 4869 250  9441 1178 1119 2134 2649 3034 3949 4386 4487 6504 5029 8502 5585 876  6155 3732 6731 7188 7289 438  7835 3246 8399 5786 7323 6568 8907 7496 9611 8326 179  9154 809  188  1499 2348 2273 4924 3049 7892 3863 262  4703 1478 5563 2902 6389 4414 7309 5938 8221 7586 9109 9278 
9625 2808 2465 5808 5495 1716 7685 4554 9485 6936 4475 8964 9457 1740 589  7504 1055 252  1387 8010 1673 5000 2961 440  2033 5652 2167 6670 1221 400  2703 1708 4029 3424 5451 5020 6873 6716 2965 1752 3073 2010 3173 8752 7083 730  447  1630 1857 2546 3513 3514 4213 5454 4741 7518 5293 192  5905 2172 6457 5388 7061 8916 7555 1698 8119 4854 8653 6182 8133 7010 9327 7906 2809 8738 467  9562 1151 1124 1879 3628 2677 6388 3469 9364 4271 842  5119 2174 6007 3622 6863 5218 7741 6782 8681 8434 9533 
8424 9065 8184 3955 8256 6517 3366 8729 5772 1805 7968 6845 3072 329  3180 893  9168 1195 768  1529 9270 1799 3100 6111 2210 2101 6498 2201 7930 2001 940  3399 2540 4767 4150 6153 5746 7545 7514 3017 1914 3127 2190 3239 266  9459 1208 1137 2146 2661 3058 3953 4470 4471 6594 5045 8616 5587 852  6157 3756 6739 7212 7291 474  7837 3282 8401 5798 7341 6574 8913 7498 9627 8338 181  9158 811  212  1511 2372 2281 4948 3061 7916 3877 274  4721 1486 5569 2906 6397 4426 7321 5942 8231 7594 9127 9286 
1925 3456 2485 5508 5453 4950 7657 4440 9709 6816 4477 8988 9245 2544 611  7000 1111 468  1345 1332 1679 5360 3087 520  8217 3290 2171 7596 2279 9790 2697 1748 4053 3340 5457 5044 6855 6728 8337 8308 3077 2046 3197 2418 3295 742  471  1634 1893 2570 3543 3526 4207 5478 4747 7602 5305 1458 5909 2286 6463 5484 7063 8982 7571 1758 8129 4866 8657 6184 8139 7016 9329 7918 3481 8744 479  9582 1153 1132 1889 3644 2683 6404 3491 9388 4273 862  5147 2182 6011 3646 6869 5234 7753 6814 8689 8438 9539 
3744 9275 8832 4015 9024 6601 8800 8827 6750 1859 9660 6929 576  205  5168 3861 1960 1243 828  1465 2028 1817 3380 6321 2470 9657 5080 2219 8676 2353 950  3417 2620 4773 4220 6177 5782 7527 7550 9039 9140 3133 2226 3247 2538 3383 1192 1149 2152 2721 3064 3957 3782 4501 6648 5053 8646 5597 948  6161 3798 6743 7218 7295 498  7849 3342 8407 5802 8881 6584 8997 7510 9617 8342 191  9178 821  236  1523 2396 2287 4996 3067 7948 3881 278  4723 1502 5573 2918 6421 4442 7331 5998 8233 7606 9133 9298 
2695 3672 2555 5904 5467 5220 7847 4590 9779 8760 4693 1260 9559 2754 535  7888 8151 5740 1391 1452 1655 2556 1903 640  8253 3880 6723 6680 2291 9756 2443 1780 4047 3350 5487 5050 6939 6740 8397 8350 9681 944  3193 2370 3317 2670 3431 1670 1923 2626 3561 3530 4197 3886 4763 7530 5299 60   5911 2292 6467 5526 7067 9012 7597 1842 8131 4926 8659 6114 8983 7042 9347 7914 3721 8754 487  9606 1163 1172 1901 3676 2687 6428 3499 9404 4283 866  5153 2186 6029 3662 6871 5242 7757 6826 8693 8458 9547 
4896 4375 8856 4085 2304 6643 9300 8701 7080 2299 1680 6877 5600 377  5232 835  1568 2223 6820 1537 2124 1765 3042 1943 2530 9711 5110 561  7960 2359 270  2491 2656 4809 4232 6183 5792 7557 7532 9087 9050 927  4496 3241 2490 3397 2886 3521 2158 2733 3070 3959 3766 4353 3992 5057 8742 5599 954  6167 3804 6749 7284 7303 534  7855 3378 8411 5816 8885 6522 9089 7374 9637 8362 193  9186 823  242  1531 2404 2293 5036 3079 7972 3889 298  4729 1514 5581 2942 6427 4474 7333 6002 8237 7642 9137 9302 
2275 9108 2635 7896 5555 1944 7667 3510 539  8840 4961 2100 143  1890 629  7536 1115 4508 4131 8540 1691 2628 1865 3852 2041 3710 7209 6790 1269 2500 2449 390  2533 3460 5511 5054 6915 6748 8355 8404 9693 976  2799 9008 3337 2706 3437 3090 3611 2630 3579 3538 4223 3890 4497 4154 5315 72   5917 2316 6485 5532 7073 9054 7601 1866 8135 4938 8665 6126 8989 6906 9335 7922 4489 8758 491  9608 1171 1228 1907 3698 2689 6436 3511 9428 4289 878  5167 2194 6037 3694 6883 5266 7759 6866 8699 8462 9551 
4752 1225 9048 4255 5824 6655 3402 8789 7320 2303 6800 7139 7350 391  2310 871  9264 1205 8428 4719 1600 1807 3204 1945 4932 2117 5170 621  8030 2037 968  2501 570  2599 4228 6231 5876 7587 7564 9051 9220 963  4528 5013 286  3385 2958 3523 3186 3667 3074 3961 4422 4511 4010 4701 4318 5603 996  6169 3972 6751 7356 7313 582  7859 3414 8413 5822 8891 6546 9097 7386 9641 8366 197  9190 827  244  1543 2428 2297 5108 3083 7988 3907 302  4733 1522 5591 2962 6449 4478 7349 6022 8243 7646 9151 9314 
2975 2376 2765 6156 5665 1596 7705 4524 833  8970 4753 9280 187  2730 667  7770 1121 396  1355 1288 5577 5680 1909 3924 1985 5868 2173 6710 1239 320  2727 1850 2561 744  2669 5068 6945 6752 8421 8380 9699 1072 2817 9104 7173 754  3439 3066 3595 3318 3743 3768 4237 5496 4757 4168 4839 4382 5921 2358 6487 5556 7081 9084 7609 1878 8137 4962 8683 6186 9005 6918 9353 7926 5041 8762 499  9622 1181 1244 1913 3716 2693 6452 3517 9484 4297 886  5171 2206 6043 3722 6899 5294 7789 6898 8707 8482 9587 
6864 595  9288 4301 8512 6665 3444 8755 5742 2527 7500 7267 7840 407  4760 899  1470 1261 882  1535 2744 6201 700  1957 5004 2095 6516 2227 8170 2013 988  3423 2650 2611 930  2771 5828 7599 7580 9093 9260 981  4688 5043 290  9549 1222 3505 3288 3665 3576 3973 4482 4499 6690 5063 4310 5001 4498 6179 4014 6757 7362 7319 606  7861 3426 8417 5826 8899 6558 9101 7422 9647 8374 199  9202 829  268  1549 2452 2309 5116 3089 7996 3911 314  4751 1538 5623 2966 6451 4486 7351 6038 8263 7666 9157 9326 
3325 3432 2755 8232 5695 1638 7733 4644 9685 6984 4901 2940 209  3570 649  8610 1133 5490 1397 1476 1685 4648 6633 280  2047 6012 2155 8028 2317 4096 2505 1804 4071 3476 2681 1110 2863 6764 8439 8416 9717 1136 2853 9136 7281 776  453  1688 3601 3336 3755 3774 4247 5502 4769 7608 5311 4390 5169 4616 6493 5598 7087 9132 7613 1902 8141 4974 8705 6194 9017 6978 9355 7928 5329 8770 503  9638 1187 1252 1931 3748 2699 6476 3527 9508 4327 898  5179 2218 6047 3734 6907 5314 7793 6914 8713 8486 9601 
7128 665  9384 4345 1764 6715 3588 8785 5814 1825 8052 7943 8960 403  4830 901  1820 1271 6570 1541 2178 1795 5624 7047 1190 2119 6876 2195 9036 2335 1012 3429 2684 4833 4268 2773 1254 2911 7588 9099 9268 1017 4802 5067 296  9567 1246 1167 2162 3679 3534 3977 4494 4531 6666 5065 8802 5609 4504 5349 4718 6767 7404 7327 618  7871 3462 8441 5846 7377 6586 9107 7494 9655 8378 211  9208 839  284  1553 2468 2311 5132 3109 8012 3917 326  4759 1546 5639 2974 6469 4502 7369 6046 8269 7694 9161 9346 
3185 4224 2665 8694 5605 1932 7885 4576 9695 6996 4525 9114 221  7700 689  8120 8721 5500 1379 8340 1687 2844 1895 6536 8307 3910 2177 8172 2285 168  2435 1862 4065 3484 5505 5084 2845 1416 2977 8410 9741 1168 2883 9232 7299 782  489  1702 1929 2648 3763 3810 4267 5538 4765 7626 5317 84   5933 4630 5541 4838 7091 9162 7615 1986 8143 5034 8711 6190 8157 7046 9365 7946 6241 8774 509  9642 1193 1268 1933 3764 2707 6484 3529 9524 4337 914  5189 2234 6053 3742 6911 5318 7817 6922 8719 8506 9613 
8976 455  9768 4199 4928 6695 3552 8815 5856 1975 8004 6925 2916 437  3080 6669 1540 2691 6880 1561 9420 1819 3492 1963 1610 9747 5240 2231 9252 2363 312  2495 2668 4887 4292 6213 5908 2923 1590 3029 9284 1083 4912 5121 310  9621 1256 1191 2168 2757 3082 3983 4530 4529 6726 5069 8790 5611 1014 6181 4726 5667 4952 7339 642  7891 3522 8453 5842 7401 6590 9003 7526 9651 8386 223  9214 853  292  1559 2476 2333 5156 3119 8044 3919 334  4783 1574 5641 2978 6473 4534 7393 6074 8273 7702 9173 9358 
4025 4104 2795 8904 5681 2088 7777 4692 9715 6762 4775 9009 9325 2832 697  8680 9477 5920 5187 8480 1703 5840 1919 4068 2059 4030 7203 6890 2321 120  2453 456  2545 3488 5523 5140 6969 6812 2981 1770 3097 1250 2979 9392 7389 790  501  1730 1941 2662 3603 3544 4249 5562 4771 7638 5321 90   5947 2364 6497 4858 5853 5018 7619 2022 8149 5118 8735 6202 8187 7048 9357 7954 6889 8776 521  9654 1201 1324 1949 3788 2711 6508 3533 9532 4339 922  5197 2246 6067 3746 6917 5326 7823 6926 8731 8518 9619 
3168 805  1584 4355 7616 6721 9540 8897 5976 2225 8118 7025 7744 215  5264 5643 2380 2277 7400 7161 1360 1197 3700 1967 5202 2123 5270 609  7990 2369 378  2497 696  2605 4316 6291 5860 7611 7636 3031 1992 3131 4976 5139 322  9783 1258 1203 2198 2787 3110 3963 3790 4537 6744 5071 8808 5617 1062 6185 4044 6773 4942 6009 5128 7895 3558 8459 5858 7419 6610 9033 7528 9659 8390 227  9218 857  316  1567 2524 2339 5164 3121 8068 3923 346  4787 1594 5647 2986 6481 4538 7411 6082 8287 7706 9181 9382 
4165 4992 2875 7854 5735 2052 7843 5130 637  7008 4805 9126 9475 2928 545  7696 8613 5950 3933 8500 8547 6320 3339 680  2051 6228 2183 6920 1281 160  2461 510  2563 798  2701 5092 6951 6850 8451 8420 3091 2058 3205 9488 7407 806  519  1738 1959 2666 3639 3562 4227 3896 4781 7710 5327 96   5935 2388 6499 5604 7093 5026 6189 5222 8153 5142 8717 6206 8193 7064 9363 7958 7921 8786 523  9658 1213 1348 1951 3812 2713 6548 3539 9556 4349 926  5209 2258 6073 3754 6947 5342 7829 6934 8737 8522 9623 
5148 875  9672 4465 9152 6685 3816 9061 7040 2597 8136 7075 336  235  5424 865  1792 2673 6760 7749 1040 1323 4100 6363 2680 2147 6948 2257 8440 2067 1036 2507 702  2615 918  2779 6004 7641 7612 9129 9292 3139 2262 3265 328  81   1270 1227 2216 2811 3112 3979 3794 4359 4024 5089 8814 5615 1068 6187 4086 6769 7428 7355 5134 6333 5302 8465 5862 8909 6616 9057 7562 9663 8392 229  9224 859  332  1571 2564 2341 5188 3137 8108 3929 358  4789 1618 5651 2998 6491 4546 7417 6098 8291 7726 9187 9406 
4655 4488 2905 6192 5593 2208 7805 4824 931  9480 4949 9144 9575 2992 623  7568 4845 4732 3663 8600 8883 6640 3381 760  8349 3770 2189 8244 2323 140  2739 1876 2567 858  2705 1122 2855 6844 8445 8468 9705 1264 3199 2424 3305 808  537  1742 1977 2674 3651 3586 4265 3914 4533 4184 5339 108  5941 2466 6503 5634 7097 9228 7627 5210 6459 5486 8743 6198 9019 7090 9379 7966 9409 8798 541  9670 1217 1388 1973 3868 2719 6628 3541 9572 4357 934  5227 2302 6079 3758 6949 5354 7841 6938 8741 8542 9629 
6624 1015 1872 4445 4356 6745 3828 8875 5916 2783 7600 7301 432  265  5456 4095 2816 5805 9212 4743 880  1449 4300 6489 2840 9729 5330 2263 9468 2407 1060 3441 2716 2623 966  2785 1272 2933 7648 9105 9308 1143 5008 3263 2562 3401 1298 1257 2222 2823 3122 3981 3806 4377 4042 4713 4328 5627 1098 6191 4122 6787 7542 7343 654  7897 5306 6711 5864 8903 6582 9113 7554 9665 8394 233  9226 863  338  1579 2572 2347 5204 3163 8116 3931 362  4793 1622 5653 3022 6521 4562 7433 6122 8293 7754 9199 9442 
4235 4968 2585 7452 5551 2232 7889 4836 9785 6972 5203 900  9583 3078 565  8272 9555 7936 5865 1624 5661 7120 3549 920  8541 4040 7857 6970 2327 210  2479 1888 4077 3550 2743 1128 2869 1464 2983 8476 9723 1328 3033 9584 3341 2712 3455 1778 1983 2678 3669 3590 4269 3922 4569 4190 4857 4394 5951 2502 6505 5706 7099 9276 7631 2082 8159 5470 6861 6214 9023 7026 9383 7962 5    8822 547  9674 1223 1396 1979 3884 2729 6652 3547 9596 4363 958  5231 2306 6089 3778 6959 5366 7853 6982 8747 8546 9631 
5472 385  2448 4459 1980 6923 1080 8911 5984 2425 8262 7381 1020 343  5632 6825 3872 1365 2432 6105 2968 6273 4700 6741 2750 567  5480 627  8510 2413 330  2509 2740 4893 4324 2807 1290 2929 1608 3035 9316 1179 5072 5193 344  3403 2982 3545 2242 2841 3130 3991 3818 4413 4066 4737 4330 5007 4514 6193 4164 6797 7572 7357 678  7903 3594 8471 5866 7431 6632 9115 7574 9671 8408 239  9238 877  356  1583 2588 2351 5212 3167 8156 3943 382  4799 1642 5657 3046 6529 4574 7451 6134 8297 7762 9203 9446 
5075 5304 2915 6768 5719 5850 7931 4920 1127 7068 4825 9156 247  1860 679  8432 2835 8228 4305 3016 8625 4664 3717 1000 8487 4070 8181 7130 1353 200  2471 552  2569 3572 5559 5150 2867 1482 2987 1794 3085 1424 3123 9616 7443 814  3473 3102 3635 2686 3687 3592 4279 3926 4593 4202 4863 4402 5199 4634 6509 5748 7111 9378 7633 2094 8173 5154 8749 6226 8223 7096 9385 7976 3    8810 557  9678 1229 1412 1987 3908 2731 6668 3557 9644 4373 974  5233 2326 6091 3802 6961 5374 7867 6998 8753 8566 9643 
6732 1085 2592 4495 6084 6853 1560 8987 7830 2891 8268 7325 528  371  2790 889  3328 1995 1768 6765 3094 675  5704 6867 2920 1053 5510 663  8890 2091 1150 2513 594  2627 4384 6303 6052 2935 1674 3043 1974 3151 5296 5283 370  21   1304 3551 3294 3683 3154 3985 4578 4535 4072 4749 4334 5079 4526 5361 4744 6799 7578 7361 762  7909 3606 8473 5870 7509 6634 9069 7576 9667 8426 241  9254 881  388  1597 2612 2357 5228 3169 8212 3947 386  4801 1646 5659 3062 6547 4586 7457 6158 8311 7778 9209 9458 
5425 5016 3055 8778 5875 2484 7973 5640 847  9690 5047 9204 9653 1950 671  3870 1043 9248 4515 3128 8265 4736 1275 6578 8631 4120 8667 7030 1419 224  2769 1892 2573 750  2723 5216 6963 6868 2993 1806 3095 2136 3215 9712 7461 824  543  1784 3629 3354 3785 3834 4285 5592 4777 4210 4881 4430 5223 4642 5583 4870 7117 9414 7637 2118 8185 5178 8759 6254 8247 7102 9389 7970 7    8824 563  9682 1231 1436 1993 3932 2741 6676 3559 9668 4391 982  5237 2342 6101 3814 6967 5378 7873 7022 8761 8578 9649 
6912 1295 2736 4505 1296 6755 3762 9191 8040 2989 9200 7399 1140 413  2820 913  4650 1211 1976 7035 4136 315  5896 3075 7552 891  5530 759  8710 2109 1078 3435 2756 2629 984  2813 5978 7635 7676 3047 1938 3143 2322 3269 374  15   1334 1263 2230 3707 3618 3997 4584 4541 6792 5093 4342 5091 4552 5367 4738 5703 4958 7367 786  7913 3642 8479 5882 7563 6674 9111 7570 9673 8446 251  9258 883  404  1601 2636 2371 5276 3181 8252 3967 394  4813 1654 5669 3086 6551 4594 7459 6166 8317 7814 9221 9466 
5635 5928 3115 8112 5621 2652 7945 4884 1183 9570 5239 6400 9751 2070 703  9030 1139 5550 1393 3224 8295 4712 1665 6622 4905 8554 8343 7070 1311 220  2781 1924 4089 3556 2735 1242 2881 6908 8517 8588 3101 2130 3223 2472 3353 856  573  1786 2019 2690 3781 3894 4291 5658 4819 7878 5345 4438 5241 4646 5601 4886 5919 5030 7651 2154 8189 5262 8765 6262 8259 7126 9407 7982 11   8826 569  9686 1237 1468 1997 3964 2749 6772 3571 9692 4397 998  5261 2362 6113 3826 6971 5386 7877 7034 8779 8594 9661 
7524 1435 3312 4543 2340 7049 3936 8845 6138 3283 9680 5733 2200 427  3450 923  2660 1313 6780 1577 4216 495  5642 3195 7546 7335 9338 741  8690 2121 1180 3477 2780 4899 4396 2815 1302 2941 7660 9141 9340 3149 2328 3277 2568 3409 1310 1293 2248 2859 3170 4009 4602 4553 6798 5095 8862 5629 4558 5403 4790 5721 4966 6033 5144 7915 3678 8483 5894 7593 6682 9119 7582 9683 8414 257  9262 887  412  1607 2644 2377 5284 3187 8276 3989 398  4817 1658 5683 3098 6553 4618 7477 6178 8329 7822 9227 9502 
5915 6072 2945 7632 5797 6660 8041 4662 325  7038 5243 1760 8379 2860 707  4180 1989 6020 1403 8670 1711 4888 1425 6734 5025 8536 9525 448  1431 260  2751 1940 4137 3580 5529 5194 2885 1518 3007 8596 9789 1552 3227 2442 3349 2838 3493 1790 2031 2696 3693 3598 4295 5694 4811 7944 5353 126  5959 4654 5613 4898 5937 5038 6207 5224 8197 5286 8767 6266 8301 7138 9395 7994 13   8830 571  9694 1249 1492 1999 3988 2753 6788 3581 9748 4409 1006 5273 2374 6121 3862 6977 5398 7879 7054 8783 8654 9677 
7776 1505 3564 4585 864  6851 3360 9269 5852 2075 8364 7693 2600 3213 3800 4347 4840 2907 7150 1589 9630 1829 5656 3225 7592 7515 9344 375  5056 2139 1184 3471 2788 4917 4448 6285 6028 2947 1704 3065 9376 1233 5392 3281 2616 3415 3048 3563 2264 2901 3176 4031 4632 4555 6846 5105 8952 5633 1164 6209 4792 5739 4978 6051 5138 6339 5338 8485 5898 8915 6698 9121 7598 9687 8474 263  9266 907  428  1609 2692 2381 5308 3191 8324 4001 422  4831 1678 5689 3106 6563 4622 7481 6218 8353 7834 9239 9518 
6125 6264 3145 8496 5705 2508 8177 9240 2873 6776 4925 9234 2401 3680 3003 4640 4641 6200 5481 8740 1717 7760 6897 6784 5085 8576 405  704  1245 308  2595 1952 4155 3596 5595 5252 7005 6956 2995 1896 3103 1616 3141 100  3377 2814 3443 3144 3641 2698 3711 3634 4303 5736 4829 7998 5357 150  5963 2532 6511 4904 5961 5048 6243 5230 6483 5494 8773 6234 9031 7086 9427 8018 17   8834 577  9698 1259 1516 2003 4036 2767 6796 3583 9764 4421 1018 5279 2386 6131 3866 6983 5414 7883 7058 8803 8674 9679 
7956 1645 3888 4565 936  6785 3612 9139 5880 3757 8148 7675 624  451  4000 3591 4960 3927 7520 7917 1520 1617 5300 6909 7808 7575 9352 435  5696 1905 1148 3495 2812 4947 4444 6315 6068 7683 7684 3053 1998 3155 5552 5337 376  3419 2910 3569 3210 3713 3178 4033 4674 4559 6810 5111 9018 5663 1212 6227 4188 6805 4982 6081 5146 6387 5362 6717 5902 8917 6618 9131 7610 9691 8454 269  9290 911  436  1613 2708 2383 5444 3203 8332 4003 446  4861 1706 5693 3118 6569 4666 7487 6238 8363 7838 9241 9566 
6475 6528 3245 9282 5795 2142 8165 4956 1573 7980 5687 9198 9725 3216 713  4420 4389 5980 6699 9400 9261 8080 3843 1160 8619 8584 1875 832  1185 352  2685 1972 4173 3610 5649 5324 6981 6940 8481 8608 3107 2214 3233 196  7551 826  3487 3162 3647 3390 3791 3912 4307 5730 4837 7890 5359 132  5965 2676 6515 5766 7115 5066 6249 5246 6537 5518 6879 6278 9037 7122 9449 8062 19   8858 587  9704 1277 1532 2011 4052 2777 6836 3593 9788 4423 1042 5281 2402 6133 3898 6991 5422 7901 7066 8807 8678 9689 
8352 1495 2688 4625 504  6815 3822 8965 5922 3179 5670 8107 648  295  5488 6831 5800 5859 7820 8127 1840 1701 5780 7119 3160 1377 9394 465  5312 1965 1196 3507 2848 4929 4450 6351 6112 7689 7688 9159 9436 3161 2346 3287 406  27   1336 3589 3270 3737 3624 4037 4710 4571 6834 5123 9006 5645 1206 6233 4194 6809 7692 7363 5162 6393 5384 6729 5912 7617 6712 9143 7618 9701 8488 271  9294 919  452  1619 2732 2389 5468 3209 8348 4007 454  4871 1714 5701 3134 6571 4678 7489 6242 8369 7846 9257 9574 
7007 6696 3289 1008 5785 2244 7955 4998 275  7098 5819 7280 253  3408 635  7952 9207 6460 6993 9020 3969 8240 4221 1240 8673 4280 8829 1088 1335 364  2715 2048 4161 3616 5673 5260 6987 6950 8493 8492 9795 1648 3235 2478 3365 854  579  1798 3649 3486 3799 3942 4309 5778 4835 7986 5363 156  5969 2682 6523 5844 7123 9444 7655 5254 6609 5522 6891 6286 8331 7174 9411 8072 23   8854 593  9706 1279 1556 2017 4076 2789 6884 3607 16   4441 1046 5297 2426 6143 3902 6997 5426 7907 7078 8819 8698 9697 
8640 2431 7560 4807 672  6935 3654 8905 5964 2525 8436 8381 9100 473  5936 3915 2548 2871 8060 8211 2000 1827 5900 7137 3190 1539 5560 651  6208 2055 1204 3531 2828 4953 4460 6357 6116 7701 7708 9195 9386 1251 5584 3293 2622 3421 1358 1299 2266 3695 3666 4039 4686 4573 6858 5129 9042 5671 1236 6239 4236 6817 7716 7373 822  7939 5402 6753 5918 7629 6706 9123 7622 9703 8498 277  9304 929  508  1621 2738 2393 5492 3217 8356 4013 458  4877 1718 5711 3142 6577 4682 7499 6274 8377 7858 9277 9578 
9163 6840 4147 5040 5863 2436 8195 5076 425  7084 4975 9306 323  3640 5049 8176 4785 6076 4059 9440 9177 8560 4263 1480 8757 4250 9153 7160 1407 416  2829 1988 4191 3604 5691 5290 7059 6958 8535 8636 729  1712 3177 256  3379 2862 3497 1802 2049 2702 3805 4002 4313 5754 4841 8022 5371 198  5971 2718 6527 5892 7133 9564 7661 2202 8201 5528 6927 6296 8367 7178 9445 8066 29   8870 599  9710 1283 1588 2027 4084 2791 6892 3613 6    4447 1082 5303 2434 6151 3946 7001 5438 7919 7082 8821 8714 9719 
9360 2387 9720 5083 6720 6919 3906 9035 6132 2575 8372 7775 1104 493  5320 7293 3724 5655 896  4797 2320 1911 6050 7191 2990 2349 5590 777  8920 2133 1210 3537 2842 4965 4484 6369 6140 7719 7712 9213 9412 1341 5744 5391 410  3427 3030 3599 2270 2913 3182 4043 4728 4577 6870 5137 9078 5677 1278 6245 4302 6821 7758 7379 834  7957 3702 8489 5930 7647 6730 9147 7624 9707 8494 281  9318 937  524  1627 2764 2399 5524 3221 8396 4019 466  4889 1726 5717 3158 6581 4694 7507 6326 8387 7862 9281 9586 
5929 7020 3553 8400 6061 8820 8437 5088 475  7072 4275 9548 625  3344 5967 2800 9801 7252 6375 1736 5841 8720 4473 1430 8967 4360 441  7240 1443 340  2847 2020 4209 3626 5685 5332 7077 6980 8559 8620 63   1744 3303 484  7677 830  3503 3198 3661 2710 3747 3638 4315 5784 4843 8034 5377 204  5977 2724 6533 5958 7135 9708 7663 2238 8203 5298 8777 6302 8373 7190 9451 8074 37   8872 601  9714 1289 1604 2029 4124 2797 6932 3617 8    4451 1094 5309 2446 6163 3958 7013 5458 7927 7094 8831 8726 9721 
7200 2737 3600 5291 6300 7163 3780 9361 6144 2645 8932 7605 1232 1755 6512 8073 3500 3069 728  7095 3416 6327 6100 7353 3250 1863 5830 783  8930 2163 1220 3567 2884 4983 4556 6441 6148 7707 7748 9219 9452 1359 5648 5409 418  39   1342 3587 3306 3749 3206 4045 4746 4589 6882 5131 9096 5699 1284 6259 4308 6835 7764 7387 894  7961 3714 8491 5944 7653 6754 9149 7634 9727 8504 283  9322 941  548  1637 2804 2411 5596 3229 8444 4021 478  4903 1754 5737 3166 6599 4702 7517 6334 8389 7886 9283 9598 
8281 5940 3731 6000 6149 2520 8569 5460 2057 7236 5275 9632 9225 3472 3105 8704 8019 6370 4257 2072 8745 4984 6903 770  8901 4130 1521 7210 1479 380  2877 2060 4233 3620 5697 5344 7089 7018 8565 8668 45   1808 3231 676  7713 872  591  1810 3653 3498 3809 4008 4321 5790 4849 8046 5383 228  5983 2748 6535 5988 7141 9732 7679 2274 8207 5322 8791 6298 8391 7198 9469 8078 31   8878 607  9718 1291 1636 2039 4132 2801 6962 3623 10   4457 1114 5323 2458 6173 3974 7019 5462 7933 7114 8837 8746 9733 
7920 2639 8100 4669 3060 7337 4200 9367 8190 3509 8442 7825 1904 2145 6608 4125 3332 3267 7420 4959 3304 585  5698 7533 1750 2511 5750 837  9080 2187 1276 3621 2852 5019 4532 6447 6164 7761 7742 9231 9476 1413 5872 5463 424  33   1370 1317 2278 3715 3738 4055 4758 4579 6990 5141 9102 5707 1308 6281 4338 6839 7794 7391 906  7967 3786 8495 5946 8921 6758 9155 7654 9713 8530 293  9334 947  556  1657 2836 2417 5618 3251 8452 4027 482  4909 1762 5741 3194 6607 4714 7523 6338 8419 7894 9293 9602 
1547 6600 3857 7440 5957 5700 8671 4620 5491 9450 6137 9312 55   3584 3135 8528 4995 5684 4329 9350 6003 4774 1725 6902 8811 4270 1089 7250 1491 460  2889 2044 4215 3652 5745 5356 7101 7004 8601 8650 99   2032 3357 1156 7731 874  597  1816 2073 2714 3811 4026 4319 5874 4847 8058 5401 276  5989 2796 6539 6066 7145 9738 7697 2298 8213 5442 8795 6294 9053 7158 9481 8086 41   8886 613  9726 1297 1676 2053 4156 2803 6964 3631 14   4463 1126 5333 2462 6197 3986 7027 5482 7937 7118 8839 8782 9739 
6480 2821 2880 4697 3420 7021 1320 9503 6930 3887 6160 8303 816  305  6032 7245 4352 5115 952  5031 560  6579 5768 3285 7672 2997 5810 897  8990 2193 1274 3585 2888 5037 4564 6453 6176 7743 7756 9273 9506 1467 6064 5517 430  51   1378 1329 2282 2931 3208 4061 4776 4595 6942 5143 9192 5713 1314 6283 4404 6847 7836 7397 942  7969 3846 8497 5954 8927 6654 9167 7658 9731 8534 307  9354 953  578  1663 2876 2423 5636 3253 8516 4049 502  4919 1766 5743 3202 6619 4742 7529 6362 8423 7934 9311 9626 
1001 8160 3619 6960 5831 6900 8029 6210 3211 7140 6253 3150 299  3504 655  8816 9765 9472 6555 2296 6039 8750 7011 6808 5325 8602 3249 7310 1533 500  2937 2108 4179 3692 5709 5348 7107 7028 8607 8660 117  2096 3447 1444 7767 890  633  1826 2103 2726 3777 3614 4331 5838 4853 8070 5389 234  5999 2826 6541 6036 7147 48   7709 2334 8227 5466 8797 6306 9047 7202 9487 8090 43   8898 617  9734 1301 1682 2063 4196 2819 6988 3637 22   4481 1138 5347 2474 6199 3994 7039 5498 7949 7142 8849 8794 9743 
4320 2717 4800 4823 3300 7189 1920 9317 8370 3971 9520 8591 9800 481  6096 895  4864 1155 2176 7215 3752 6417 980  7227 7714 7725 9416 861  9010 2211 1292 3597 2890 5061 4540 6477 6220 7797 7772 9291 9550 1503 5968 5547 434  57   1384 1347 2290 2949 3262 4063 4806 4601 6954 5161 9174 5723 1356 6289 4476 6859 7902 7403 978  7979 3858 8503 5974 8935 6702 9169 7662 9757 8538 311  9362 967  596  1667 2908 2437 5692 3257 8524 4051 514  4931 1774 5749 3214 6637 4754 7537 6374 8429 7978 9319 9634 
1309 8280 3773 7680 6097 7260 8099 5160 1421 9750 6413 4410 319  3990 731  7614 1057 1664 4935 3496 9165 5032 7029 910  8991 8632 225  1216 1551 350  2943 2050 4239 3650 5727 5350 7221 7052 8589 8672 147  2192 3411 2116 7893 902  669  1832 2127 2758 3817 3930 4333 5886 4855 8088 5411 306  5993 2868 6557 6108 7153 162  7711 2382 8249 5514 8801 6322 9055 7206 9493 8104 47   8906 619  9736 1303 1684 2069 4204 2833 7012 3643 26   4483 1142 5351 2498 6203 3998 7043 5506 7951 7162 8861 8818 9749 
4680 2849 2160 4879 3840 7259 2280 9373 7480 3479 960  8833 840  517  5250 943  4740 1253 2392 7395 2926 975  5848 7659 2030 3321 9592 555  6464 2241 1312 3633 2924 5073 4580 6501 6244 7809 7774 9255 9628 1557 6128 5553 442  69   1390 1371 2294 2973 3266 4069 4794 4609 7014 5149 9210 5731 1422 6295 4518 6865 7908 7405 1002 7981 3882 8507 5962 7671 6766 9179 7674 9745 8552 313  9368 971  604  1669 2932 2441 5708 3259 8548 4057 526  4933 1814 5779 3218 6653 4762 7541 6382 8431 8002 9323 9662 
1463 7800 4081 8880 6083 7380 8239 6360 1519 720  5341 360  341  4480 737  3920 1147 5820 1411 2002 9045 5192 1845 6952 9027 4370 2601 1472 1455 392  2865 2068 4245 3668 5757 5372 7185 7076 8643 8684 75   2224 3501 3364 7929 904  681  1834 2157 2770 3787 4110 4343 5910 4859 8106 5429 294  6001 2892 6559 6246 7157 36   7715 2406 8251 5542 6933 6310 8403 7222 9505 8122 53   8922 631  9746 1307 1724 2081 4244 2837 7036 3659 34   4493 1154 5381 2518 6211 4006 7057 5534 7963 7166 8863 8842 9767 
5400 3059 3120 4991 3900 7429 3000 9331 7410 3577 3520 7987 1170 527  6090 949  3220 1273 7050 1591 3458 765  5992 3525 7784 3483 5890 903  6592 2085 1316 3615 2948 5055 4588 6465 6304 7815 7828 9285 9652 1587 6352 5571 470  87   1394 1383 2314 2991 3272 4087 4818 4607 7032 5155 9222 5729 1494 6313 4548 6881 7932 7409 1038 7985 3918 8509 5966 7737 6770 9183 7678 9753 8558 317  9370 977  628  1693 2956 2447 5716 3271 8564 4073 538  4937 1822 5783 3226 6659 4766 7547 6406 8443 8006 9337 9722 
1729 9000 4123 8910 6251 7740 8113 4290 1813 1200 5537 480  77   2220 767  2240 1287 6560 1417 8730 1727 5248 1815 6968 5415 8648 6561 7370 1581 532  2895 2132 4371 3718 5763 5396 7257 7124 8655 8692 153  2384 3609 3844 7947 938  687  1846 2181 2774 3827 4074 4351 5934 4867 8094 5435 342  6005 2934 6583 6252 7165 24   7721 2454 8257 5546 6999 6346 8409 7256 9489 8110 59   8934 641  9762 1319 1732 2083 4252 2843 7108 3671 38   4507 1174 5387 2554 6217 4022 7069 5554 7993 7186 8867 8846 9769 
3960 3367 2640 4921 4140 7469 2040 9443 7590 3871 4160 8183 1350 469  2850 979  4060 3159 8050 1639 9780 1837 6016 3555 7826 7785 9512 969  9130 2301 1364 3657 2950 5151 4598 6495 6308 7833 7844 9303 9580 1611 6224 5679 472  93   1406 1389 2318 3027 3278 4097 4890 4613 7062 5165 9246 5747 1524 6319 4596 6887 7974 7415 1074 7991 3954 8519 5986 7773 6794 9193 7682 9759 8570 331  9374 983  652  1697 2972 2459 5732 3299 8572 4079 542  4943 1838 5791 3238 6661 4778 7549 6418 8447 8014 9341 9742 
2093 9120 3913 1440 6293 7650 8323 5610 2009 1620 5887 540  91   2250 721  4230 1157 6380 4563 9310 1739 9040 4557 7106 5475 8792 4761 7490 1593 476  2955 2144 4251 3772 5811 5404 7263 7060 8679 8732 171  2416 3573 5476 7983 946  699  1886 2199 2776 3829 4134 4367 5970 4883 8142 5447 348  6013 3006 6587 6276 7169 42   7729 2514 8261 5570 7017 6376 8457 7258 9501 8126 61   8936 643  9766 1321 1756 2087 4276 2851 7132 3673 46   4513 1186 5393 2558 6221 4034 7079 5578 8009 7214 8887 8882 9781 
5280 3451 3240 5117 4500 7511 2760 9541 8250 3703 5440 8477 1380 497  3330 917  4770 1267 8140 5499 2480 2331 6700 7791 7832 7935 9646 957  9160 2337 1352 3699 2980 5109 4606 6507 6250 7869 7780 9309 9610 1629 6416 5769 488  111  1414 1401 2330 3039 3286 4103 4902 4619 7074 5173 9330 5753 1572 6331 4626 6893 8076 7421 1146 7997 3966 8531 5990 7779 6802 9197 7690 9761 8562 337  9398 991  668  1699 3004 2467 5756 3301 8612 4091 554  4951 1858 5801 3242 6673 4786 7559 6434 8461 8026 9343 9754 
2261 8580 4403 1800 6307 8460 8393 6630 2107 4050 6223 600  119  2430 749  4260 1099 6030 1457 9380 6171 800  4599 1640 9063 8806 7569 7630 1599 490  2967 2140 4323 3820 5829 5380 7239 7136 8733 8708 207  2512 3681 6724 8163 970  717  1864 2217 2782 3831 3656 4369 6024 4873 8130 5459 372  6017 3012 6589 6282 7171 30   7739 2526 8267 5574 8809 6386 8499 7270 9507 8138 67   8938 647  9770 1327 1772 2089 4348 2857 7148 3677 58   4517 1198 5399 2566 6229 4054 7103 5582 8011 7226 8893 8894 9787 
5760 3689 4560 5159 4860 7553 3480 9499 8320 3751 6080 8771 1500 511  3540 959  4940 1331 7110 1633 2560 1953 7100 7581 3320 3807 5960 999  9170 2343 1340 3723 2996 5133 4628 6519 6260 7881 7850 9321 9650 1719 6704 5787 494  123  1426 1437 2338 3057 3298 4083 3830 4627 7134 5177 9336 5755 1602 6341 4668 6901 8082 7423 1086 8003 4038 8545 5982 8939 6806 9201 7718 9755 8574 347  9402 997  692  1709 3028 2473 5788 3307 8644 4093 562  4957 1874 5807 3254 6679 4798 7561 6442 8467 8038 9349 9778 
1771 9600 4277 2400 6391 8550 8449 5720 9639 5200 6237 2080 133  2460 763  4350 1141 6060 1441 8850 1751 1100 4977 1720 9243 4510 8649 7640 1647 544  2919 2150 4401 3796 5781 5420 7287 7172 8697 8722 243  2608 3789 7396 8199 962  723  1898 2229 2786 3837 3658 4281 3928 4885 8154 5455 414  6019 3084 6593 6354 7181 54   7745 2586 8279 5558 8843 6366 9071 7282 9509 8152 71   8942 653  9782 1361 1796 2099 4364 2861 7156 3691 62   4519 1202 5407 2578 6247 4058 7109 5594 8017 7234 8923 8902 9791 
6120 3157 4080 5369 5100 7567 2970 9401 8360 7497 7360 4851 3200 551  3630 973  4980 1333 7470 1603 240  1841 7220 7803 2170 4293 6040 987  9230 2247 1376 3729 3020 5157 4636 6513 6340 7911 7868 9339 9676 1737 6544 5823 506  129  1432 1461 2344 3063 3302 4101 3832 4443 4082 5183 9342 5759 1644 6347 4734 6905 8124 7427 1158 7999 4062 8549 6008 8945 6738 9211 7698 9763 8582 349  9410 1009 716  1721 3044 2477 5804 3313 8716 4099 566  4967 1882 5813 3274 6689 4822 7573 6458 8501 8042 9371 4    
2233 9180 4433 2700 6461 8700 8533 6270 2023 4400 7371 2720 2079 3400 779  4380 1159 6150 1469 8940 1757 180  1921 1330 9333 4520 189  7670 1653 550  3009 2180 4407 3836 5835 5428 7317 7154 8763 8764 261  2672 3771 8836 8271 986  753  1910 2253 2792 3841 3670 4287 3934 4629 4238 5461 444  6023 3114 6595 6462 7183 78   7747 2598 8285 5608 7023 6394 9073 7278 9517 8166 73   8958 659  9784 1367 1828 2111 4372 2879 7204 3697 74   4523 1214 5413 2582 6257 4078 7121 5602 8039 7246 8929 8914 1    
6240 3311 5520 5423 5580 7579 3720 9737 8520 4067 8000 7623 3040 2457 3740 989  3850 1339 7620 1631 810  1843 2450 7821 2590 4779 6110 1023 9250 2289 1420 3741 3038 5181 4676 6567 6350 7887 7852 9369 9740 1773 6736 5877 518  141  1442 1473 2354 3093 3310 4109 3838 4449 4090 4791 4346 5761 1668 6349 4764 6913 8196 7435 1182 8005 4098 8551 6010 7827 6818 9217 7730 9773 8590 353  9418 1013 722  1723 3076 2503 5812 3319 8812 4111 586  4969 1894 5821 3314 6691 4834 7577 6502 8513 8054 9377 2    
